timestamp,open,high,low,close,adjusted_close,volume,dividend_amount,split_coefficient
2000-01-03,30.0,30.19,28.75,29.06,23.093,131600,0.0,1.0
2000-01-04,28.5,28.5,27.56,28.06,22.2984,262200,0.0,1.0
2000-01-05,28.0,28.06,27.5,27.62,21.9487,162400,0.0,1.0
2000-01-06,27.12,27.94,27.06,27.69,22.0043,144700,0.0,1.0
2000-01-07,27.56,27.62,26.88,27.38,21.758,165900,0.0,1.0
2000-01-10,27.38,28.69,27.31,28.56,22.6957,166000,0.0,1.0
2000-01-11,28.81,29.44,28.5,29.06,23.093,232800,0.0,1.0
2000-01-12,29.06,29.25,28.31,28.88,22.95,185100,0.0,1.0
2000-01-13,28.75,29.12,28.5,28.62,22.7434,79200,0.0,1.0
2000-01-14,29.0,29.69,28.75,28.75,22.8467,230500,0.0,1.0
2000-01-18,28.69,28.94,28.19,28.25,22.4493,93600,0.0,1.0
2000-01-19,28.25,28.38,27.81,28.19,22.4017,163200,0.0,1.0
2000-01-20,27.62,28.44,27.19,27.19,21.607,141400,0.0,1.0
2000-01-21,27.44,27.69,26.19,26.94,21.4083,394200,0.0,1.0
2000-01-24,27.0,27.69,26.19,26.19,20.8123,260600,0.0,1.0
2000-01-25,26.44,26.56,26.0,26.44,21.011,140900,0.0,1.0
2000-01-26,26.56,26.75,25.62,25.69,20.415,187600,0.0,1.0
2000-01-27,25.75,25.75,24.19,24.88,19.7713,363000,0.0,1.0
2000-01-28,25.0,25.0,24.0,24.0,19.072,152000,0.0,1.0
2000-01-31,18.0,20.62,17.5,20.5,16.2907,3482800,0.0,1.0
2000-02-01,20.5,20.5,19.12,19.69,15.647,1182100,0.0,1.0
2000-02-02,19.69,19.69,18.62,19.31,15.345,786200,0.0,1.0
2000-02-03,19.44,19.94,19.19,19.38,15.4006,521900,0.0,1.0
2000-02-04,19.75,20.25,19.5,19.75,15.6947,253800,0.0,1.0
2000-02-07,19.75,20.75,19.56,19.75,15.6947,317400,0.0,1.0
2000-02-08,19.56,20.19,19.5,19.94,15.8457,208200,0.0,1.0
2000-02-09,19.94,19.94,19.0,19.31,15.345,192400,0.0,1.0
2000-02-10,19.25,19.38,18.62,18.88,15.0033,128300,0.0,1.0
2000-02-11,18.75,18.88,18.44,18.69,14.8523,93500,0.0,1.0
2000-02-14,18.81,18.88,18.44,18.62,14.7967,110300,0.0,1.0
2000-02-15,18.62,18.62,18.44,18.5,14.7013,178000,0.0,1.0
2000-02-16,18.44,18.5,18.0,18.12,14.3994,207600,0.0,1.0
2000-02-17,18.0,18.06,17.62,17.62,14.002,143600,0.0,1.0
2000-02-18,17.56,18.12,17.56,17.75,14.1053,212800,0.0,1.0
2000-02-22,17.5,17.56,14.5,15.62,12.4127,1928100,0.0,1.0
2000-02-23,17.75,19.06,17.12,18.88,15.0033,1305600,0.0,1.0
2000-02-24,18.75,18.75,17.56,18.5,14.7013,532600,0.0,1.0
2000-02-25,19.19,19.75,19.0,19.5,15.496,484100,0.0,1.0
2000-02-28,24.38,25.19,20.19,21.31,16.9344,2160100,0.0,1.0
2000-02-29,20.75,20.75,19.69,19.69,15.647,359400,0.0,1.0
2000-03-01,20.5,23.94,20.44,23.06,18.325,842100,0.0,1.0
2000-03-02,23.0,23.38,22.0,22.0,17.4827,431700,0.0,1.0
2000-03-03,21.75,21.94,21.19,21.38,16.99,379700,0.0,1.0
2000-03-06,22.12,22.31,21.62,22.0,17.4827,449800,0.0,1.0
2000-03-07,22.0,22.12,19.75,19.75,15.6947,414500,0.0,1.0
2000-03-08,20.0,20.19,19.19,20.06,15.941,249900,0.0,1.0
2000-03-09,20.88,21.88,20.44,21.38,16.99,307500,0.0,1.0
2000-03-10,21.81,22.12,20.75,21.44,17.0377,153800,0.0,1.0
2000-03-13,21.06,21.06,20.19,20.44,16.243,150100,0.0,1.0
2000-03-14,20.62,21.31,20.12,20.12,15.9887,124400,0.0,1.0
2000-03-15,20.25,21.38,20.0,21.25,16.8867,215000,0.0,1.0
2000-03-16,20.88,20.88,19.12,20.06,15.941,520000,0.0,1.0
2000-03-17,19.12,20.44,18.88,20.12,15.9887,355500,0.0,1.0
2000-03-20,20.12,20.19,19.5,19.81,15.7424,227300,0.0,1.0
2000-03-21,20.0,20.0,18.88,19.44,15.4483,269800,0.0,1.0
2000-03-22,19.19,19.94,19.0,19.69,15.647,151500,0.0,1.0
2000-03-23,19.44,20.19,19.12,20.06,15.941,170200,0.0,1.0
2000-03-24,20.0,20.0,18.12,19.31,15.345,381200,0.0,1.0
2000-03-27,19.38,19.38,18.12,18.44,14.6537,198600,0.0,1.0
2000-03-28,17.62,18.44,17.62,18.25,14.5027,266700,0.0,1.0
2000-03-29,18.25,18.56,18.19,18.38,14.606,343000,0.0,1.0
2000-03-30,18.19,18.31,18.0,18.06,14.3517,166800,0.0,1.0
2000-03-31,18.0,18.75,17.56,18.75,14.9,330200,0.0,1.0
2000-04-03,18.19,18.25,17.44,17.5,13.9067,274000,0.0,1.0
2000-04-04,17.5,17.5,16.25,17.19,13.6603,313600,0.0,1.0
2000-04-05,16.94,16.94,16.44,16.62,13.2074,206600,0.0,1.0
2000-04-06,16.25,17.19,16.25,17.19,13.6603,146800,0.0,1.0
2000-04-07,17.06,17.44,16.81,17.44,13.859,126600,0.0,1.0
2000-04-10,17.31,17.75,16.81,17.62,14.002,146200,0.0,1.0
2000-04-11,17.31,17.31,16.44,16.75,13.3107,127900,0.0,1.0
2000-04-12,16.88,16.88,16.5,16.5,13.112,50500,0.0,1.0
2000-04-13,16.62,16.69,16.38,16.69,13.263,91400,0.0,1.0
2000-04-14,16.5,16.5,15.25,15.31,12.1663,338200,0.0,1.0
2000-04-17,15.56,15.56,14.69,14.75,11.7213,300200,0.0,1.0
2000-04-18,14.88,18.44,14.75,16.94,13.4617,438500,0.0,1.0
2000-04-19,16.94,17.5,16.5,16.56,13.1597,186100,0.0,1.0
2000-04-20,16.56,16.88,16.0,16.25,12.9133,107300,0.0,1.0
2000-04-24,15.75,16.12,15.5,16.06,12.7623,115900,0.0,1.0
2000-04-25,16.38,17.31,16.38,17.12,13.6047,118200,0.0,1.0
2000-04-26,17.38,17.56,17.0,17.0,13.5093,106200,0.0,1.0
2000-04-27,17.25,17.25,16.06,16.06,12.7623,101400,0.0,1.0
2000-04-28,16.19,16.56,16.06,16.56,13.1597,97700,0.0,1.0
2000-05-01,16.62,18.75,16.62,18.56,14.749,187500,0.0,1.0
2000-05-02,18.44,18.69,17.44,17.44,13.859,202200,0.0,1.0
2000-05-03,17.5,17.5,16.06,16.5,13.112,129400,0.0,1.0
2000-05-04,16.75,17.5,16.75,16.94,13.4617,163400,0.0,1.0
2000-05-05,17.12,17.19,16.62,17.0,13.5093,147800,0.0,1.0
2000-05-08,17.12,17.38,16.69,16.69,13.263,77200,0.0,1.0
2000-05-09,16.69,16.69,16.19,16.69,13.263,102300,0.0,1.0
2000-05-10,16.88,16.88,16.38,16.44,13.0643,44100,0.0,1.0
2000-05-11,16.56,17.88,16.56,17.62,14.002,123100,0.0,1.0
2000-05-12,16.62,17.25,16.25,17.25,13.708,213300,0.0,1.0
2000-05-15,17.31,17.31,16.62,17.0,13.5093,65200,0.0,1.0
2000-05-16,17.19,17.94,17.19,17.62,14.002,113800,0.0,1.0
2000-05-17,16.88,17.5,16.88,16.94,13.4617,79800,0.0,1.0
2000-05-18,16.06,16.56,16.06,16.31,12.961,116100,0.0,1.0
2000-05-19,16.56,16.75,16.56,16.62,13.2074,96900,0.0,1.0
2000-05-22,16.81,16.88,16.12,16.12,12.81,80500,0.0,1.0
2000-05-23,16.25,16.25,16.0,16.0,12.7147,57100,0.0,1.0
2000-05-24,16.0,16.12,15.88,15.94,12.667,137500,0.0,1.0
2000-05-25,16.0,16.19,15.88,15.88,12.6193,106300,0.0,1.0
2000-05-26,15.81,16.0,15.75,15.81,12.5637,37900,0.0,1.0
2000-05-30,15.81,16.38,15.81,16.25,12.9133,102300,0.0,1.0
2000-05-31,16.38,16.44,16.19,16.31,12.961,88700,0.0,1.0
2000-06-01,16.31,16.94,16.31,16.88,13.414,62900,0.0,1.0
2000-06-02,16.94,17.75,16.81,17.62,14.002,105800,0.0,1.0
2000-06-05,17.38,17.69,17.25,17.25,13.708,53400,0.0,1.0
2000-06-06,17.31,17.75,17.12,17.12,13.6047,48500,0.0,1.0
2000-06-07,17.19,17.44,17.0,17.25,13.708,57000,0.0,1.0
2000-06-08,17.38,17.44,16.81,16.81,13.3584,36900,0.0,1.0
2000-06-09,16.88,17.19,16.81,17.19,13.6603,38400,0.0,1.0
2000-06-12,17.06,17.25,16.88,17.06,13.557,96000,0.0,1.0
2000-06-13,16.94,17.31,16.81,17.06,13.557,51300,0.0,1.0
2000-06-14,16.94,17.25,16.88,16.94,13.4617,35600,0.0,1.0
2000-06-15,17.0,17.0,16.88,17.0,13.5093,81300,0.0,1.0
2000-06-16,17.0,17.62,17.0,17.56,13.9544,146500,0.0,1.0
2000-06-19,17.31,17.94,17.31,17.88,14.2086,70800,0.0,1.0
2000-06-20,18.0,18.31,17.81,18.25,14.5027,168800,0.0,1.0
2000-06-21,18.12,18.19,17.94,18.0,14.304,75300,0.0,1.0
2000-06-22,18.0,18.0,17.69,17.88,14.2086,79300,0.0,1.0
2000-06-23,17.94,17.94,17.5,17.56,13.9544,62500,0.0,1.0
2000-06-26,17.56,17.88,17.56,17.69,14.0577,69600,0.0,1.0
2000-06-27,17.56,17.62,17.44,17.5,13.9067,103200,0.0,1.0
2000-06-28,17.62,17.81,17.5,17.69,14.0577,123800,0.0,1.0
2000-06-29,17.81,19.94,17.5,19.44,15.4483,256400,0.0,1.0
2000-06-30,19.44,19.56,17.5,17.5,13.9067,442500,0.0,1.0
2000-07-03,17.56,18.25,17.56,18.12,14.3994,92500,0.0,1.0
2000-07-05,18.0,18.06,17.88,17.94,14.2563,104600,0.0,1.0
2000-07-06,18.12,19.25,18.0,19.06,15.1464,238900,0.0,1.0
2000-07-07,19.06,19.31,19.06,19.19,15.2497,140300,0.0,1.0
2000-07-10,19.06,19.25,19.0,19.19,15.2497,70900,0.0,1.0
2000-07-11,19.25,19.62,19.25,19.62,15.5914,99100,0.0,1.0
2000-07-12,19.62,20.44,19.62,20.25,16.092,136100,0.0,1.0
2000-07-13,20.25,20.5,19.81,20.0,15.8933,61400,0.0,1.0
2000-07-14,20.0,20.12,19.88,20.06,15.941,60800,0.0,1.0
2000-07-17,20.19,20.19,19.94,20.12,15.9887,37900,0.0,1.0
2000-07-18,19.94,20.0,19.62,19.75,15.6947,107600,0.0,1.0
2000-07-19,19.75,20.0,19.75,19.94,15.8457,120000,0.0,1.0
2000-07-20,20.0,20.19,20.0,20.12,15.9887,75300,0.0,1.0
2000-07-21,20.12,20.12,19.94,19.94,15.8457,134000,0.0,1.0
2000-07-24,19.81,19.88,19.12,19.19,15.2497,43900,0.0,1.0
2000-07-25,19.25,19.38,18.94,18.94,15.051,66600,0.0,1.0
2000-07-26,19.12,19.12,18.69,18.94,15.051,38100,0.0,1.0
2000-07-27,18.94,19.25,18.62,19.12,15.194,55100,0.0,1.0
2000-07-28,19.06,19.06,18.69,18.75,14.9,37700,0.0,1.0
2000-07-31,18.75,18.81,18.5,18.75,14.9,45900,0.0,1.0
2000-08-01,18.81,18.94,18.69,18.94,15.051,23000,0.0,1.0
2000-08-02,19.0,19.0,18.75,18.88,15.0033,51800,0.0,1.0
2000-08-03,18.75,19.12,18.56,19.12,15.194,69200,0.0,1.0
2000-08-04,19.5,19.88,19.5,19.88,15.798,123600,0.0,1.0
2000-08-07,19.69,19.88,19.62,19.81,15.7424,59600,0.0,1.0
2000-08-08,19.81,20.0,19.75,20.0,15.8933,80100,0.0,1.0
2000-08-09,20.0,20.0,19.5,19.62,15.5914,66100,0.0,1.0
2000-08-10,19.62,19.75,19.38,19.69,15.647,113400,0.0,1.0
2000-08-11,19.5,19.75,19.44,19.75,15.6947,80600,0.0,1.0
2000-08-14,19.62,19.75,19.44,19.75,15.6947,53900,0.0,1.0
2000-08-15,19.75,19.75,19.31,19.38,15.4006,44700,0.0,1.0
2000-08-16,19.5,19.62,19.44,19.5,15.496,36500,0.0,1.0
2000-08-17,19.5,19.5,19.31,19.44,15.4483,16400,0.0,1.0
2000-08-18,19.38,19.38,19.25,19.38,15.4006,42200,0.0,1.0
2000-08-21,19.31,19.56,19.31,19.5,15.496,55800,0.0,1.0
2000-08-22,19.44,19.5,19.25,19.38,15.4006,32000,0.0,1.0
2000-08-23,19.25,19.69,19.25,19.69,15.647,91900,0.0,1.0
2000-08-24,19.62,19.69,19.25,19.62,15.5914,42600,0.0,1.0
2000-08-25,19.69,20.12,19.62,20.12,15.9887,37400,0.0,1.0
2000-08-28,20.19,20.19,19.94,20.12,15.9887,41000,0.0,1.0
2000-08-29,19.88,20.5,19.88,20.5,16.2907,93300,0.0,1.0
2000-08-30,20.5,20.5,20.19,20.31,16.1397,49900,0.0,1.0
2000-08-31,20.44,20.81,20.38,20.69,16.4417,123300,0.0,1.0
2000-09-01,20.81,21.25,20.69,21.19,16.839,78500,0.0,1.0
2000-09-05,21.12,21.19,20.69,21.06,16.7357,64300,0.0,1.0
2000-09-06,20.94,21.19,20.94,21.19,16.839,60800,0.0,1.0
2000-09-07,21.19,21.38,20.62,21.25,16.8867,152500,0.0,1.0
2000-09-08,21.25,21.56,21.19,21.44,17.0377,53500,0.0,1.0
2000-09-11,21.5,21.75,21.0,21.06,16.7357,68800,0.0,1.0
2000-09-12,21.06,21.06,20.75,21.0,16.688,38500,0.0,1.0
2000-09-13,21.0,21.0,20.31,20.31,16.1397,57800,0.0,1.0
2000-09-14,20.31,20.56,20.31,20.38,16.1953,35000,0.0,1.0
2000-09-15,20.31,20.5,20.25,20.31,16.1397,128600,0.0,1.0
2000-09-18,20.38,20.5,20.06,20.12,15.9887,62500,0.0,1.0
2000-09-19,20.19,20.19,19.75,20.0,15.8933,34400,0.0,1.0
2000-09-20,20.12,20.12,19.94,20.06,15.941,44400,0.0,1.0
2000-09-21,20.0,20.0,19.88,19.94,15.8457,25200,0.0,1.0
2000-09-22,19.94,20.38,19.81,20.31,16.1397,40300,0.0,1.0
2000-09-25,21.19,24.62,20.5,23.44,18.627,437500,0.0,1.0
2000-09-26,23.44,24.75,23.31,23.62,18.77,238200,0.0,1.0
2000-09-27,23.5,23.88,23.25,23.41,18.6032,114700,0.0,1.0
2000-09-28,23.31,24.31,23.25,24.22,19.2468,181100,0.0,1.0
2000-09-29,24.12,24.94,23.88,24.84,19.7395,172300,0.0,1.0
2000-10-02,25.0,26.81,25.0,25.88,20.566,245500,0.0,1.0
2000-10-03,26.0,26.06,25.56,25.75,20.4627,321900,0.0,1.0
2000-10-04,25.62,26.31,25.31,26.31,20.9077,95700,0.0,1.0
2000-10-05,26.0,26.06,24.75,25.0,19.8667,361700,0.0,1.0
2000-10-06,24.81,25.0,24.5,25.0,19.8667,104200,0.0,1.0
2000-10-09,24.75,25.81,24.19,25.69,20.415,135500,0.0,1.0
2000-10-10,25.62,26.69,25.62,25.88,20.566,169900,0.0,1.0
2000-10-11,25.62,26.38,25.38,26.38,20.9633,108300,0.0,1.0
2000-10-12,26.25,26.25,24.81,25.06,19.9144,162100,0.0,1.0
2000-10-13,24.81,26.12,24.25,26.06,20.709,162700,0.0,1.0
2000-10-16,26.06,26.38,25.94,26.38,20.9633,54800,0.0,1.0
2000-10-17,26.44,26.44,25.12,25.69,20.415,148700,0.0,1.0
2000-10-18,25.56,25.56,24.44,25.38,20.1686,117100,0.0,1.0
2000-10-19,25.25,26.56,25.25,26.56,21.1064,120800,0.0,1.0
2000-10-20,26.69,28.25,26.69,27.56,21.901,116400,0.0,1.0
2000-10-23,26.88,26.94,25.69,26.81,21.305,153800,0.0,1.0
2000-10-24,26.81,27.25,26.56,26.69,21.2097,52900,0.0,1.0
2000-10-25,26.69,26.69,25.88,26.06,20.709,72000,0.0,1.0
2000-10-26,25.94,26.62,25.62,26.38,20.9633,77900,0.0,1.0
2000-10-27,26.38,26.75,26.38,26.56,21.1064,52600,0.0,1.0
2000-10-30,26.56,27.44,26.25,27.44,21.8057,90400,0.0,1.0
2000-10-31,27.31,27.44,27.19,27.19,21.607,70500,0.0,1.0
2000-11-01,27.44,28.19,26.56,27.19,21.607,141500,0.0,1.0
2000-11-02,27.0,27.69,26.94,27.31,21.7024,113100,0.0,1.0
2000-11-03,27.31,27.56,26.75,27.38,21.758,66400,0.0,1.0
2000-11-06,27.25,27.56,26.88,27.12,21.5514,47300,0.0,1.0
2000-11-07,27.0,27.19,26.88,27.19,21.607,35200,0.0,1.0
2000-11-08,27.06,27.69,26.81,27.19,21.607,115800,0.0,1.0
2000-11-09,27.06,27.06,24.31,26.0,20.6613,148900,0.0,1.0
2000-11-10,25.75,26.19,24.69,24.81,19.7157,140400,0.0,1.0
2000-11-13,24.38,24.5,23.75,24.38,19.374,105900,0.0,1.0
2000-11-14,24.5,24.94,24.31,24.31,19.3184,53300,0.0,1.0
2000-11-15,23.5,23.5,21.75,22.19,17.6337,437900,0.0,1.0
2000-11-16,22.0,22.69,21.88,22.12,17.578,174000,0.0,1.0
2000-11-17,22.25,22.44,22.0,22.06,17.5304,62600,0.0,1.0
2000-11-20,22.0,22.0,21.31,21.75,17.284,129000,0.0,1.0
2000-11-21,21.69,21.69,21.31,21.5,17.0853,94500,0.0,1.0
2000-11-22,21.44,21.5,21.12,21.19,16.839,61700,0.0,1.0
2000-11-24,21.0,21.88,21.0,21.88,17.3873,66300,0.0,1.0
2000-11-27,21.81,22.81,21.81,22.38,17.7846,88900,0.0,1.0
2000-11-28,22.31,22.75,21.88,22.31,17.729,133400,0.0,1.0
2000-11-29,22.12,22.19,21.5,21.81,17.3317,71700,0.0,1.0
2000-11-30,21.81,21.81,21.38,21.56,17.133,66100,0.0,1.0
2000-12-01,21.81,22.69,21.81,22.38,17.7846,78700,0.0,1.0
2000-12-04,22.5,22.88,22.0,22.19,17.6337,89600,0.0,1.0
2000-12-05,22.0,22.75,21.5,21.94,17.435,118200,0.0,1.0
2000-12-06,21.88,22.31,21.88,22.06,17.5304,80500,0.0,1.0
2000-12-07,21.88,21.88,21.44,21.69,17.2363,70500,0.0,1.0
2000-12-08,21.75,22.81,21.75,22.75,18.0787,176400,0.0,1.0
2000-12-11,22.81,24.81,22.62,24.62,19.5647,173400,0.0,1.0
2000-12-12,24.56,24.62,23.75,23.81,18.921,76300,0.0,1.0
2000-12-13,23.81,24.75,23.81,24.06,19.1197,133400,0.0,1.0
2000-12-14,24.25,24.62,24.12,24.19,19.223,93000,0.0,1.0
2000-12-15,23.94,23.94,22.56,22.62,17.9754,160100,0.0,1.0
2000-12-18,22.75,23.56,22.38,23.0,18.2773,135700,0.0,1.0
2000-12-19,23.0,23.44,22.38,22.44,17.8323,71000,0.0,1.0
2000-12-20,22.19,22.31,21.81,21.81,17.3317,103300,0.0,1.0
2000-12-21,21.62,23.12,21.62,23.0,18.2773,157300,0.0,1.0
2000-12-22,23.06,23.62,22.5,23.06,18.325,125200,0.0,1.0
2000-12-26,22.62,23.19,21.75,21.94,17.435,190400,0.0,1.0
2000-12-27,21.94,22.06,20.5,22.06,17.5304,438200,0.0,1.0
2000-12-28,22.06,23.0,22.06,22.88,18.182,128200,0.0,1.0
2000-12-29,22.88,24.12,22.81,23.19,18.4283,161100,0.0,1.0
2001-01-02,22.94,23.25,21.38,21.56,17.133,201700,0.0,1.0
2001-01-03,21.69,22.25,21.31,22.25,17.6813,199700,0.0,1.0
2001-01-04,22.31,24.88,22.25,24.13,19.1753,260300,0.0,1.0
2001-01-05,24.13,24.5,23.19,23.19,18.4283,84900,0.0,1.0
2001-01-08,23.31,23.56,22.44,22.88,18.182,103300,0.0,1.0
2001-01-09,23.0,24.69,23.0,23.5,18.6747,134800,0.0,1.0
2001-01-10,23.44,24.06,23.44,24.06,19.1197,113000,0.0,1.0
2001-01-11,23.94,25.44,23.63,25.19,20.0177,148600,0.0,1.0
2001-01-12,25.25,25.38,24.5,24.75,19.668,106100,0.0,1.0
2001-01-16,24.69,24.75,24.25,24.63,19.5726,53200,0.0,1.0
2001-01-17,24.63,25.13,24.38,24.56,19.517,73800,0.0,1.0
2001-01-18,24.75,24.94,23.94,24.88,19.7713,76700,0.0,1.0
2001-01-19,24.75,25.44,24.5,24.88,19.7713,87100,0.0,1.0
2001-01-22,24.81,25.06,24.31,24.38,19.374,69900,0.0,1.0
2001-01-23,24.38,27.19,24.38,27.19,21.607,197500,0.0,1.0
2001-01-24,26.94,27.38,26.56,27.31,21.7024,115300,0.0,1.0
2001-01-25,27.69,27.69,26.63,26.63,21.162,67400,0.0,1.0
2001-01-26,26.5,26.94,25.94,26.63,21.162,67800,0.0,1.0
2001-01-29,26.37,27.12,26.37,27.08,21.5196,71900,0.0,1.0
2001-01-30,26.98,27.0,26.03,26.16,20.7885,94200,0.0,1.0
2001-01-31,26.26,26.69,25.95,26.54,21.0905,78800,0.0,1.0
2001-02-01,26.29,26.29,25.4,25.9,20.5819,71100,0.0,1.0
2001-02-02,25.9,25.99,25.72,25.85,20.5421,58900,0.0,1.0
2001-02-05,25.85,25.85,25.29,25.56,20.3117,43500,0.0,1.0
2001-02-06,25.56,26.13,25.46,26.05,20.7011,69800,0.0,1.0
2001-02-07,26.0,26.0,25.35,25.4,20.1845,65900,0.0,1.0
2001-02-08,25.4,25.7,25.15,25.16,19.9938,49600,0.0,1.0
2001-02-09,25.15,25.5,25.01,25.12,19.962,71000,0.0,1.0
2001-02-12,25.13,25.13,24.55,24.87,19.7634,170300,0.0,1.0
2001-02-13,24.87,25.8,24.85,25.08,19.9302,125500,0.0,1.0
2001-02-14,25.0,25.04,24.55,24.75,19.668,67500,0.0,1.0
2001-02-15,24.75,25.5,24.75,25.5,20.264,66500,0.0,1.0
2001-02-16,25.45,25.45,24.85,24.95,19.8269,61600,0.0,1.0
2001-02-20,24.95,25.92,24.55,24.55,19.5091,77700,0.0,1.0
2001-02-21,24.6,25.15,24.35,24.35,19.3501,66800,0.0,1.0
2001-02-22,24.35,24.44,23.68,23.86,18.9608,63600,0.0,1.0
2001-02-23,23.76,24.67,23.55,24.67,19.6044,79700,0.0,1.0
2001-02-26,24.72,25.4,24.72,25.24,20.0574,65300,0.0,1.0
2001-02-27,25.1,25.4,24.92,24.92,19.8031,63800,0.0,1.0
2001-02-28,24.93,25.36,24.75,25.28,20.0892,98100,0.0,1.0
2001-03-01,25.25,25.26,24.45,24.99,19.8587,74000,0.0,1.0
2001-03-02,24.84,25.64,24.65,25.25,20.0653,108800,0.0,1.0
2001-03-05,25.25,25.5,24.9,24.97,19.8428,34700,0.0,1.0
2001-03-06,25.02,25.65,25.02,25.65,20.3832,70700,0.0,1.0
2001-03-07,25.65,25.92,25.4,25.64,20.3753,77400,0.0,1.0
2001-03-08,25.7,25.7,25.1,25.26,20.0733,59900,0.0,1.0
2001-03-09,25.2,25.2,24.05,24.64,19.5806,96000,0.0,1.0
2001-03-12,24.64,24.64,23.37,23.47,18.6508,53700,0.0,1.0
2001-03-13,23.72,24.02,23.3,23.74,18.8654,58100,0.0,1.0
2001-03-14,23.24,23.38,22.7,23.12,18.3727,106000,0.0,1.0
2001-03-15,23.15,23.65,22.84,22.85,18.1581,71900,0.0,1.0
2001-03-16,22.9,23.07,22.24,22.28,17.7052,145100,0.0,1.0
2001-03-19,22.08,22.2,21.34,22.1,17.5621,135000,0.0,1.0
2001-03-20,22.1,22.6,21.6,21.66,17.2125,80900,0.0,1.0
2001-03-21,21.5,21.5,19.91,19.93,15.8377,152600,0.0,1.0
2001-03-22,19.68,19.68,17.87,18.6,14.7808,236400,0.0,1.0
2001-03-23,18.85,20.2,18.85,19.53,15.5198,139800,0.0,1.0
2001-03-26,19.78,20.0,19.4,19.46,15.4642,49400,0.0,1.0
2001-03-27,19.36,19.48,18.99,19.4,15.4165,76800,0.0,1.0
2001-03-28,19.2,19.2,18.25,18.3,14.5424,76600,0.0,1.0
2001-03-29,18.45,18.67,17.97,18.0,14.304,125200,0.0,1.0
2001-03-30,18.1,18.87,18.1,18.37,14.598,181900,0.0,1.0
2001-04-02,18.5,18.75,17.7,17.7,14.0656,90600,0.0,1.0
2001-04-03,17.0,17.15,16.91,16.97,13.4855,116200,0.0,1.0
2001-04-04,16.93,18.08,16.93,17.63,14.01,184100,0.0,1.0
2001-04-05,17.78,19.05,17.78,18.6,14.7808,193700,0.0,1.0
2001-04-06,18.46,18.46,17.93,17.93,14.2484,92200,0.0,1.0
2001-04-09,18.18,18.75,18.18,18.2,14.4629,99800,0.0,1.0
2001-04-10,18.3,19.07,18.3,18.84,14.9715,98400,0.0,1.0
2001-04-11,18.6,18.9,17.85,17.87,14.2007,97500,0.0,1.0
2001-04-12,17.97,18.2,17.82,18.19,14.455,50500,0.0,1.0
2001-04-16,18.24,18.24,17.8,17.8,14.1451,33300,0.0,1.0
2001-04-17,17.75,18.09,17.7,18.05,14.3437,74900,0.0,1.0
2001-04-18,18.07,18.8,17.73,17.85,14.1848,132700,0.0,1.0
2001-04-19,18.0,18.25,18.0,18.07,14.3596,54000,0.0,1.0
2001-04-20,18.05,18.07,17.62,17.93,14.2484,44200,0.0,1.0
2001-04-23,17.88,17.88,17.62,17.7,14.0656,19900,0.0,1.0
2001-04-24,17.65,17.79,17.31,17.47,13.8828,77400,0.0,1.0
2001-04-25,17.47,18.05,17.47,17.99,14.2961,76300,0.0,1.0
2001-04-26,18.0,18.88,18.0,18.37,14.598,52900,0.0,1.0
2001-04-27,18.12,18.8,18.12,18.77,14.9159,84200,0.0,1.0
2001-04-30,18.6,19.18,18.1,18.1,14.3835,79100,0.0,1.0
2001-05-01,18.34,18.45,17.95,18.31,14.5504,48400,0.0,1.0
2001-05-02,18.35,18.4,18.09,18.21,14.4709,40100,0.0,1.0
2001-05-03,18.2,18.48,18.06,18.09,14.3755,36300,0.0,1.0
2001-05-04,18.15,18.84,17.92,18.83,14.9636,65400,0.0,1.0
2001-05-07,18.59,18.74,18.0,18.0,14.304,62000,0.0,1.0
2001-05-08,18.0,18.27,18.0,18.02,14.3199,26100,0.0,1.0
2001-05-09,18.0,18.5,18.0,18.09,14.3755,28000,0.0,1.0
2001-05-10,18.15,18.48,18.15,18.43,14.6457,25200,0.0,1.0
2001-05-11,18.3,18.52,18.2,18.47,14.6775,63400,0.0,1.0
2001-05-14,18.32,18.4,18.16,18.35,14.5821,45300,0.0,1.0
2001-05-15,18.12,18.76,18.12,18.67,14.8364,67100,0.0,1.0
2001-05-16,18.57,19.47,18.57,19.4,15.4165,64400,0.0,1.0
2001-05-17,19.41,19.41,18.61,18.93,15.043,168000,0.0,1.0
2001-05-18,18.8,19.13,18.78,19.1,15.1781,82400,0.0,1.0
2001-05-21,19.1,19.94,19.04,19.91,15.8218,105200,0.0,1.0
2001-05-22,19.81,19.81,19.29,19.42,15.4324,61600,0.0,1.0
2001-05-23,19.43,19.95,18.79,19.65,15.6152,99000,0.0,1.0
2001-05-24,19.6,19.84,19.37,19.72,15.6708,80200,0.0,1.0
2001-05-25,19.54,20.03,19.54,19.9,15.8139,60600,0.0,1.0
2001-05-29,19.9,20.1,19.84,19.84,15.7662,103900,0.0,1.0
2001-05-30,19.84,19.84,19.15,19.15,15.2179,45700,0.0,1.0
2001-05-31,19.16,19.66,19.12,19.21,15.2656,66400,0.0,1.0
2001-06-01,19.21,19.24,18.25,18.3,14.5424,168400,0.0,1.0
2001-06-04,18.4,18.98,18.4,18.81,14.9477,72700,0.0,1.0
2001-06-05,18.87,19.24,18.74,19.24,15.2894,54700,0.0,1.0
2001-06-06,19.2,19.29,19.08,19.08,15.1622,50600,0.0,1.0
2001-06-07,19.09,19.09,18.6,18.93,15.043,22000,0.0,1.0
2001-06-08,18.98,19.0,18.61,18.74,14.8921,29700,0.0,1.0
2001-06-11,18.64,18.64,18.14,18.16,14.4312,43800,0.0,1.0
2001-06-12,18.2,18.25,17.89,18.23,14.4868,40400,0.0,1.0
2001-06-13,18.24,18.92,18.0,18.53,14.7252,64900,0.0,1.0
2001-06-14,18.47,18.47,17.8,18.0,14.304,57500,0.0,1.0
2001-06-15,17.85,18.3,17.73,18.23,14.4868,148200,0.0,1.0
2001-06-18,18.23,18.4,17.71,17.72,14.0815,41200,0.0,1.0
2001-06-19,17.72,18.05,17.65,17.65,14.0259,44800,0.0,1.0
2001-06-20,17.65,17.93,17.51,17.71,14.0736,62600,0.0,1.0
2001-06-21,17.79,18.03,17.67,17.67,14.0418,60500,0.0,1.0
2001-06-22,17.65,17.72,16.91,16.99,13.5014,107000,0.0,1.0
2001-06-25,16.98,17.0,16.51,16.51,13.12,87100,0.0,1.0
2001-06-26,16.51,16.78,16.43,16.62,13.2074,146400,0.0,1.0
2001-06-27,16.68,16.9,16.45,16.58,13.1756,114300,0.0,1.0
2001-06-28,16.63,16.95,16.63,16.95,13.4696,58200,0.0,1.0
2001-06-29,16.9,17.49,16.13,16.13,12.818,394100,0.0,1.0
2001-07-02,16.25,16.56,16.02,16.05,12.7544,106800,0.0,1.0
2001-07-03,16.18,16.35,15.88,15.99,12.7067,63300,0.0,1.0
2001-07-05,16.09,16.2,15.91,16.02,12.7306,42600,0.0,1.0
2001-07-06,16.1,16.1,15.53,15.96,12.6829,94400,0.0,1.0
2001-07-09,16.05,16.14,15.86,16.12,12.81,105200,0.0,1.0
2001-07-10,16.05,16.09,15.99,16.0,12.7147,81000,0.0,1.0
2001-07-11,15.95,15.95,15.65,15.75,12.516,117100,0.0,1.0
2001-07-12,15.85,16.15,15.81,16.01,12.7226,99900,0.0,1.0
2001-07-13,16.01,16.55,15.99,16.49,13.1041,61800,0.0,1.0
2001-07-16,16.45,16.45,16.06,16.28,12.9372,90800,0.0,1.0
2001-07-17,16.18,16.91,16.17,16.87,13.406,87600,0.0,1.0
2001-07-18,16.67,16.86,16.32,16.5,13.112,75400,0.0,1.0
2001-07-19,16.5,16.61,16.33,16.47,13.0882,51000,0.0,1.0
2001-07-20,16.47,17.05,16.3,16.93,13.4537,163300,0.0,1.0
2001-07-23,16.93,17.01,16.88,16.97,13.4855,187300,0.0,1.0
2001-07-24,16.95,17.2,16.9,16.93,13.4537,104500,0.0,1.0
2001-07-25,16.94,17.17,16.94,17.12,13.6047,70100,0.0,1.0
2001-07-26,17.13,17.62,17.13,17.62,14.002,120400,0.0,1.0
2001-07-27,17.62,18.1,17.62,18.08,14.3676,119500,0.0,1.0
2001-07-30,18.03,18.04,17.67,17.99,14.2961,36300,0.0,1.0
2001-07-31,17.95,18.15,17.78,18.05,14.3437,82200,0.0,1.0
2001-08-01,18.05,18.05,17.46,17.57,13.9623,47800,0.0,1.0
2001-08-02,17.6,17.82,17.05,17.28,13.7318,51400,0.0,1.0
2001-08-03,17.29,17.55,17.0,17.46,13.8749,52500,0.0,1.0
2001-08-06,17.46,17.65,17.07,17.07,13.565,28100,0.0,1.0
2001-08-07,17.08,17.3,16.82,17.2,13.6683,37800,0.0,1.0
2001-08-08,16.9,17.46,16.45,16.52,13.1279,128600,0.0,1.0
2001-08-09,16.5,16.75,16.5,16.65,13.2312,34600,0.0,1.0
2001-08-10,16.64,17.09,16.63,17.01,13.5173,82200,0.0,1.0
2001-08-13,17.05,17.15,16.75,16.86,13.3981,29000,0.0,1.0
2001-08-14,16.86,17.08,16.83,16.98,13.4934,30100,0.0,1.0
2001-08-15,17.0,17.0,16.71,16.99,13.5014,37400,0.0,1.0
2001-08-16,17.0,17.06,16.88,17.03,13.5332,47300,0.0,1.0
2001-08-17,17.03,17.03,16.59,16.59,13.1835,45500,0.0,1.0
2001-08-20,16.59,16.59,16.59,16.59,13.1835,16500,0.0,1.0
2001-08-21,16.6,16.64,16.1,16.1,12.7941,23300,0.0,1.0
2001-08-22,16.15,16.2,15.8,16.15,12.8339,65900,0.0,1.0
2001-08-23,16.15,16.4,16.13,16.3,12.9531,22000,0.0,1.0
2001-08-24,16.2,16.68,16.2,16.66,13.2392,42500,0.0,1.0
2001-08-27,16.65,16.79,16.61,16.65,13.2312,26800,0.0,1.0
2001-08-28,16.75,16.75,16.22,16.28,12.9372,23600,0.0,1.0
2001-08-29,16.34,16.35,16.0,16.1,12.7941,31600,0.0,1.0
2001-08-30,16.1,16.1,15.66,15.66,12.4445,45300,0.0,1.0
2001-08-31,15.65,15.98,15.63,15.9,12.6352,67800,0.0,1.0
2001-09-04,15.95,16.39,15.95,16.26,12.9213,47200,0.0,1.0
2001-09-05,16.16,16.16,15.82,15.85,12.5955,31100,0.0,1.0
2001-09-06,15.8,15.8,15.37,15.38,12.222,39100,0.0,1.0
2001-09-07,15.32,15.4,14.8,14.8,11.7611,61800,0.0,1.0
2001-09-10,14.8,14.87,14.18,14.21,11.2922,72400,0.0,1.0
2001-09-17,13.21,13.35,12.3,12.3,9.7744,84000,0.0,1.0
2001-09-18,12.2,12.55,12.05,12.43,9.8777,64800,0.0,1.0
2001-09-19,12.4,12.4,11.4,11.55,9.1784,52300,0.0,1.0
2001-09-20,11.5,11.5,11.1,11.2,8.9003,519700,0.0,1.0
2001-09-21,10.86,10.86,10.49,10.76,8.5506,128300,0.0,1.0
2001-09-24,11.79,11.79,10.86,11.74,9.3294,80500,0.0,1.0
2001-09-25,11.74,11.74,11.74,11.74,9.3294,112400,0.0,1.0
2001-09-26,11.31,11.31,10.9,10.99,8.7334,57900,0.0,1.0
2001-09-27,11.09,11.29,10.46,11.24,8.9321,91000,0.0,1.0
2001-09-28,11.0,11.99,11.0,11.99,9.5281,72200,0.0,1.0
2001-10-01,11.95,12.05,11.46,11.86,9.4247,78200,0.0,1.0
2001-10-02,11.9,12.3,11.9,12.3,9.7744,83400,0.0,1.0
2001-10-03,13.09,13.09,12.07,13.05,10.3704,65300,0.0,1.0
2001-10-04,13.34,13.34,12.39,12.8,10.1717,105800,0.0,1.0
2001-10-05,12.63,12.63,11.81,12.14,9.6473,154100,0.0,1.0
2001-10-08,12.25,12.25,12.1,12.2,9.6949,17600,0.0,1.0
2001-10-09,12.47,12.47,11.86,12.42,9.8698,51700,0.0,1.0
2001-10-10,12.42,13.04,12.33,13.03,10.3545,65000,0.0,1.0
2001-10-11,13.04,13.66,13.04,13.44,10.6803,46500,0.0,1.0
2001-10-12,13.5,13.5,12.79,13.15,10.4499,32300,0.0,1.0
2001-10-15,13.2,13.43,12.94,13.36,10.6167,80200,0.0,1.0
2001-10-16,13.41,14.1,13.41,14.07,11.181,83400,0.0,1.0
2001-10-17,14.03,14.43,13.8,13.8,10.9664,120100,0.0,1.0
2001-10-18,13.78,13.85,13.45,13.45,10.6883,32200,0.0,1.0
2001-10-19,13.65,13.9,13.56,13.87,11.022,32200,0.0,1.0
2001-10-22,13.77,13.78,13.49,13.72,10.9028,33600,0.0,1.0
2001-10-23,13.73,13.74,13.6,13.7,10.8869,21500,0.0,1.0
2001-10-24,13.65,13.65,13.2,13.5,10.728,51700,0.0,1.0
2001-10-25,13.54,13.89,13.15,13.86,11.0141,62800,0.0,1.0
2001-10-26,13.8,14.15,13.77,14.11,11.2127,38200,0.0,1.0
2001-10-29,14.01,14.01,13.49,13.49,10.7201,48200,0.0,1.0
2001-10-30,13.55,13.55,13.1,13.2,10.4896,58300,0.0,1.0
2001-10-31,13.19,13.4,13.15,13.36,10.6167,52800,0.0,1.0
2001-11-01,13.35,13.82,13.26,13.65,10.8472,37800,0.0,1.0
2001-11-02,13.65,13.69,13.35,13.4,10.6485,42700,0.0,1.0
2001-11-05,13.3,13.61,13.3,13.48,10.7121,63000,0.0,1.0
2001-11-06,13.38,13.61,13.26,13.61,10.8154,90600,0.0,1.0
2001-11-07,13.9,13.9,13.71,13.83,10.9902,60400,0.0,1.0
2001-11-08,13.73,14.01,13.51,13.56,10.7757,70200,0.0,1.0
2001-11-09,13.6,13.65,13.35,13.54,10.7598,57000,0.0,1.0
2001-11-12,13.57,13.57,13.3,13.4,10.6485,36100,0.0,1.0
2001-11-13,13.39,13.79,13.39,13.78,10.9505,49400,0.0,1.0
2001-11-14,13.79,14.19,13.78,14.17,11.2604,81800,0.0,1.0
2001-11-15,14.19,14.5,14.11,14.41,11.4511,46500,0.0,1.0
2001-11-16,14.51,14.56,14.4,14.52,11.5386,98200,0.0,1.0
2001-11-19,14.54,14.65,14.4,14.63,11.626,61200,0.0,1.0
2001-11-20,14.73,14.95,14.55,14.76,11.7293,76900,0.0,1.0
2001-11-21,14.98,14.98,14.62,14.92,11.8564,63300,0.0,1.0
2001-11-23,15.61,15.61,14.92,15.35,12.1981,37400,0.0,1.0
2001-11-26,15.25,15.29,14.8,14.87,11.8167,89800,0.0,1.0
2001-11-27,14.95,14.95,14.49,14.59,11.5942,48000,0.0,1.0
2001-11-28,14.69,14.69,14.0,14.2,11.2843,58500,0.0,1.0
2001-11-29,14.3,14.5,14.0,14.18,11.2684,79100,0.0,1.0
2001-11-30,14.23,14.48,13.05,13.05,10.3704,173600,0.0,1.0
2001-12-03,13.4,13.4,12.8,13.35,10.6088,99600,0.0,1.0
2001-12-04,13.35,13.85,13.05,13.84,10.9982,88400,0.0,1.0
2001-12-05,13.84,16.0,13.84,15.67,12.4524,333900,0.0,1.0
2001-12-06,16.46,16.46,15.4,16.24,12.9054,196600,0.0,1.0
2001-12-07,15.99,15.99,15.44,15.78,12.5398,180100,0.0,1.0
2001-12-10,15.75,15.78,15.39,15.46,12.2855,80800,0.0,1.0
2001-12-11,15.45,15.7,15.13,15.5,12.3173,58300,0.0,1.0
2001-12-12,15.49,15.69,15.44,15.49,12.3094,74600,0.0,1.0
2001-12-13,16.7,16.74,16.07,16.13,12.818,551400,0.0,1.0
2001-12-14,16.08,16.08,15.34,15.39,12.2299,137200,0.0,1.0
2001-12-17,15.13,15.83,14.99,15.73,12.5001,294600,0.0,1.0
2001-12-18,16.05,16.85,15.9,16.63,13.2153,604500,0.0,1.0
2001-12-19,16.56,17.81,16.55,17.0,13.5093,484900,0.0,1.0
2001-12-20,17.0,17.44,16.5,16.92,13.4458,440800,0.0,1.0
2001-12-21,16.9,17.13,16.5,16.96,13.4776,451400,0.0,1.0
2001-12-24,16.95,17.0,16.47,16.55,13.1517,114900,0.0,1.0
2001-12-26,16.55,16.75,16.15,16.2,12.8736,100600,0.0,1.0
2001-12-27,16.3,16.5,16.23,16.31,12.961,82500,0.0,1.0
2001-12-28,16.3,16.84,16.23,16.46,13.0802,161500,0.0,1.0
2001-12-31,16.45,16.64,15.85,16.61,13.1994,144300,0.0,1.0
2002-01-02,16.62,16.62,15.87,16.37,13.0087,61100,0.0,1.0
2002-01-03,16.66,16.66,16.34,16.5,13.112,87000,0.0,1.0
2002-01-04,17.28,17.28,16.45,16.9,13.4299,61900,0.0,1.0
2002-01-07,17.0,17.4,16.91,17.0,13.5093,98100,0.0,1.0
2002-01-08,16.8,16.81,16.48,16.75,13.3107,50700,0.0,1.0
2002-01-09,16.85,17.25,16.59,16.6,13.1915,46800,0.0,1.0
2002-01-10,16.6,16.97,16.5,16.83,13.3742,39600,0.0,1.0
2002-01-11,17.04,17.04,16.25,16.25,12.9133,50500,0.0,1.0
2002-01-14,16.3,16.9,16.03,16.68,13.255,154500,0.0,1.0
2002-01-15,16.68,16.76,16.17,16.52,13.1279,66400,0.0,1.0
2002-01-16,16.52,16.61,16.0,16.0,12.7147,45200,0.0,1.0
2002-01-17,16.0,16.27,15.99,16.23,12.8974,32800,0.0,1.0
2002-01-18,16.2,16.2,15.61,15.75,12.516,97500,0.0,1.0
2002-01-22,15.52,15.75,15.41,15.41,12.2458,46000,0.0,1.0
2002-01-23,15.55,15.55,15.15,15.4,12.2379,71200,0.0,1.0
2002-01-24,15.41,15.41,15.15,15.27,12.1346,56800,0.0,1.0
2002-01-25,15.25,15.25,14.61,14.67,11.6578,112300,0.0,1.0
2002-01-28,14.86,14.86,14.62,14.84,11.7929,128500,0.0,1.0
2002-01-29,14.85,14.85,13.69,13.69,10.879,154200,0.0,1.0
2002-01-30,13.74,14.23,13.62,13.95,11.0856,154100,0.0,1.0
2002-01-31,14.0,14.45,13.6,13.62,10.8234,151800,0.0,1.0
2002-02-01,13.67,13.67,13.02,13.23,10.5134,94600,0.0,1.0
2002-02-04,13.3,13.3,12.45,12.99,10.3227,170000,0.0,1.0
2002-02-05,12.94,13.15,12.85,13.09,10.4022,40100,0.0,1.0
2002-02-06,13.06,13.12,12.8,13.11,10.4181,111600,0.0,1.0
2002-02-07,13.1,13.1,12.87,13.01,10.3386,100900,0.0,1.0
2002-02-08,12.95,13.36,12.95,13.36,10.6167,103500,0.0,1.0
2002-02-11,13.3,13.7,13.25,13.46,10.6962,45400,0.0,1.0
2002-02-12,13.36,13.65,13.15,13.45,10.6883,50400,0.0,1.0
2002-02-13,13.5,13.8,13.45,13.75,10.9267,65800,0.0,1.0
2002-02-14,13.75,14.24,13.53,14.11,11.2127,172800,0.0,1.0
2002-02-15,14.06,14.06,13.8,13.8,10.9664,76900,0.0,1.0
2002-02-19,13.8,14.2,13.8,13.97,11.1015,122900,0.0,1.0
2002-02-20,14.22,14.22,13.4,14.19,11.2763,113300,0.0,1.0
2002-02-21,14.19,14.19,13.8,13.97,11.1015,108000,0.0,1.0
2002-02-22,13.95,14.25,13.76,14.2,11.2843,99700,0.0,1.0
2002-02-25,14.3,14.6,13.98,14.25,11.324,85100,0.0,1.0
2002-02-26,14.35,14.8,14.19,14.67,11.6578,98600,0.0,1.0
2002-02-27,14.7,15.0,14.7,15.0,11.92,127900,0.0,1.0
2002-02-28,14.9,14.95,14.59,14.95,11.8803,111000,0.0,1.0
2002-03-01,14.9,15.63,14.83,15.63,12.4206,103300,0.0,1.0
2002-03-04,15.63,15.81,15.46,15.6,12.3968,180800,0.0,1.0
2002-03-05,15.6,16.0,15.6,15.9,12.6352,143800,0.0,1.0
2002-03-06,16.0,16.05,15.65,15.74,12.5081,89200,0.0,1.0
2002-03-07,15.95,15.99,15.83,15.83,12.5796,58200,0.0,1.0
2002-03-08,16.0,16.05,15.65,15.65,12.4365,48100,0.0,1.0
2002-03-11,15.6,15.64,15.48,15.55,12.3571,76600,0.0,1.0
2002-03-12,15.79,15.79,15.4,15.7,12.4763,104100,0.0,1.0
2002-03-13,15.2,15.95,15.0,15.14,12.0313,211700,0.0,1.0
2002-03-14,15.4,15.4,14.82,14.94,11.8723,213400,0.0,1.0
2002-03-15,14.84,15.36,14.82,15.34,12.1902,156200,0.0,1.0
2002-03-18,15.34,15.34,14.75,15.06,11.9677,187900,0.0,1.0
2002-03-19,15.15,15.29,14.9,15.28,12.1425,265100,0.0,1.0
2002-03-20,15.25,15.73,15.15,15.51,12.3253,286000,0.0,1.0
2002-03-21,15.75,15.75,15.45,15.75,12.516,105100,0.0,1.0
2002-03-22,15.65,16.19,15.65,15.9,12.6352,118200,0.0,1.0
2002-03-25,15.9,15.98,15.19,15.45,12.2776,161400,0.0,1.0
2002-03-26,15.55,15.8,15.32,15.77,12.5319,96100,0.0,1.0
2002-03-27,16.18,16.18,15.72,15.87,12.6114,127300,0.0,1.0
2002-03-28,15.97,16.06,15.85,16.05,12.7544,91600,0.0,1.0
2002-04-01,15.95,15.95,15.2,15.3,12.1584,227700,0.0,1.0
2002-04-02,15.3,15.34,15.15,15.25,12.1187,115000,0.0,1.0
2002-04-03,15.2,15.25,15.12,15.15,12.0392,166700,0.0,1.0
2002-04-04,15.13,15.15,14.95,15.06,11.9677,1207100,0.0,1.0
2002-04-05,15.16,15.35,15.0,15.19,12.071,632300,0.0,1.0
2002-04-08,15.25,15.35,15.05,15.17,12.0551,136900,0.0,1.0
2002-04-09,15.2,15.42,15.08,15.14,12.0313,93100,0.0,1.0
2002-04-10,15.2,15.53,15.2,15.4,12.2379,79400,0.0,1.0
2002-04-11,15.5,15.51,15.0,15.15,12.0392,1000600,0.0,1.0
2002-04-12,15.15,15.33,15.0,15.12,12.0154,117800,0.0,1.0
2002-04-15,15.15,15.36,15.0,15.09,11.9915,72100,0.0,1.0
2002-04-16,15.09,15.39,15.09,15.19,12.071,112800,0.0,1.0
2002-04-17,15.25,15.4,14.67,14.94,11.8723,125100,0.0,1.0
2002-04-18,15.04,15.12,14.85,15.04,11.9518,764400,0.0,1.0
2002-04-19,15.04,15.07,14.87,15.02,11.9359,99800,0.0,1.0
2002-04-22,15.0,15.0,14.53,14.68,11.6657,95600,0.0,1.0
2002-04-23,14.63,14.9,14.63,14.75,11.7213,59700,0.0,1.0
2002-04-24,14.85,15.19,14.31,14.46,11.4909,78200,0.0,1.0
2002-04-25,14.5,14.84,14.5,14.7,11.6816,82900,0.0,1.0
2002-04-26,14.6,15.0,14.6,14.75,11.7213,350000,0.0,1.0
2002-04-29,14.65,14.65,14.43,14.59,11.5942,109400,0.0,1.0
2002-04-30,14.5,14.74,14.46,14.74,11.7134,140600,0.0,1.0
2002-05-01,14.7,14.8,14.4,14.77,11.7372,67600,0.0,1.0
2002-05-02,14.77,14.89,14.75,14.85,11.8008,122700,0.0,1.0
2002-05-03,14.85,14.87,14.7,14.86,11.8087,94200,0.0,1.0
2002-05-06,14.86,14.95,14.25,14.37,11.4194,75500,0.0,1.0
2002-05-07,14.37,14.74,14.19,14.7,11.6816,92200,0.0,1.0
2002-05-08,14.8,14.9,14.29,14.85,11.8008,151200,0.0,1.0
2002-05-09,14.86,14.86,14.7,14.75,11.7213,72500,0.0,1.0
2002-05-10,14.7,14.7,14.35,14.6,11.6021,80200,0.0,1.0
2002-05-13,14.6,14.63,14.44,14.63,11.626,243000,0.0,1.0
2002-05-14,14.73,15.06,14.73,14.85,11.8008,463100,0.0,1.0
2002-05-15,14.85,15.15,14.43,14.45,11.4829,559700,0.0,1.0
2002-05-16,14.35,14.6,14.17,14.2,11.2843,69100,0.0,1.0
2002-05-17,14.22,14.3,14.21,14.25,11.324,51300,0.0,1.0
2002-05-20,14.25,14.6,14.22,14.55,11.5624,47400,0.0,1.0
2002-05-21,14.55,14.57,14.13,14.15,11.2445,280600,0.0,1.0
2002-05-22,14.15,14.25,14.13,14.25,11.324,76100,0.0,1.0
2002-05-23,14.24,14.65,14.15,14.6,11.6021,138100,0.0,1.0
2002-05-24,14.5,14.66,14.4,14.45,11.4829,57700,0.0,1.0
2002-05-28,14.45,14.51,14.21,14.5,11.5227,108300,0.0,1.0
2002-05-29,14.48,14.48,14.25,14.28,11.3478,152800,0.0,1.0
2002-05-30,14.27,14.27,14.0,14.14,11.2366,274100,0.0,1.0
2002-05-31,14.12,14.17,13.98,14.01,11.1333,82400,0.0,1.0
2002-06-03,14.0,14.2,13.8,13.81,10.9743,90800,0.0,1.0
2002-06-04,14.45,14.45,13.89,14.05,11.1651,239400,0.0,1.0
2002-06-05,14.05,14.26,13.84,14.25,11.324,60900,0.0,1.0
2002-06-06,14.25,14.25,13.79,13.81,10.9743,143900,0.0,1.0
2002-06-07,13.9,14.06,13.62,13.9,11.0459,84500,0.0,1.0
2002-06-10,13.91,14.02,13.88,13.89,11.0379,92200,0.0,1.0
2002-06-11,13.89,14.13,13.6,13.71,10.8949,96500,0.0,1.0
2002-06-12,13.65,13.92,13.6,13.9,11.0459,89000,0.0,1.0
2002-06-13,13.92,13.97,13.7,13.93,11.0697,137600,0.0,1.0
2002-06-14,13.83,13.95,13.5,13.85,11.0061,129600,0.0,1.0
2002-06-17,13.85,14.4,13.85,14.21,11.2922,684500,0.0,1.0
2002-06-18,14.2,14.47,13.78,13.99,11.1174,172900,0.0,1.0
2002-06-19,13.98,14.01,13.88,13.94,11.0777,147400,0.0,1.0
2002-06-20,13.9,14.16,13.9,14.02,11.1412,164000,0.0,1.0
2002-06-21,14.01,14.13,13.65,13.65,10.8472,207700,0.0,1.0
2002-06-24,13.6,13.76,13.02,13.62,10.8234,302000,0.0,1.0
2002-06-25,13.65,13.79,13.44,13.55,10.7677,153600,0.0,1.0
2002-06-26,13.45,14.1,13.32,14.05,11.1651,175200,0.0,1.0
2002-06-27,14.04,14.41,13.4,13.68,10.871,278900,0.0,1.0
2002-06-28,13.78,14.35,13.75,14.25,11.324,420300,0.0,1.0
2002-07-01,14.25,14.31,13.9,14.14,11.2366,134800,0.0,1.0
2002-07-02,14.13,14.2,13.88,13.88,11.03,160600,0.0,1.0
2002-07-03,13.89,13.89,12.79,13.25,10.5293,227500,0.0,1.0
2002-07-05,13.35,14.43,13.35,14.43,11.467,118700,0.0,1.0
2002-07-08,14.43,14.47,13.88,13.88,11.03,151900,0.0,1.0
2002-07-09,13.88,14.18,13.5,13.55,10.7677,109000,0.0,1.0
2002-07-10,13.56,13.9,13.12,13.26,10.5373,164000,0.0,1.0
2002-07-11,13.24,13.35,12.85,13.29,10.5611,83300,0.0,1.0
2002-07-12,13.29,13.51,13.13,13.13,10.434,111000,0.0,1.0
2002-07-15,13.05,13.2,12.78,13.05,10.3704,136900,0.0,1.0
2002-07-16,13.05,13.1,12.69,12.7,10.0923,90100,0.0,1.0
2002-07-17,12.78,13.21,12.35,12.84,10.2035,176300,0.0,1.0
2002-07-18,12.82,13.07,12.38,12.39,9.8459,86100,0.0,1.0
2002-07-19,12.36,12.53,11.85,11.98,9.5201,158400,0.0,1.0
2002-07-22,11.88,12.29,11.35,11.6,9.2181,159100,0.0,1.0
2002-07-23,11.45,11.8,10.98,11.04,8.7731,112300,0.0,1.0
2002-07-24,10.98,11.4,10.7,11.12,8.8367,288500,0.0,1.0
2002-07-25,11.1,11.36,10.69,11.07,8.797,319100,0.0,1.0
2002-07-26,11.07,11.19,10.87,11.19,8.8923,171400,0.0,1.0
2002-07-29,11.15,11.8,11.15,11.75,9.3373,115000,0.0,1.0
2002-07-30,11.65,11.8,10.97,11.58,9.2022,157800,0.0,1.0
2002-07-31,11.55,11.64,11.21,11.35,9.0195,85300,0.0,1.0
2002-08-01,11.34,11.65,11.06,11.16,8.8685,89000,0.0,1.0
2002-08-02,11.1,11.1,10.25,10.42,8.2804,178400,0.0,1.0
2002-08-05,10.42,10.6,9.96,10.0,7.9467,202500,0.0,1.0
2002-08-06,10.0,11.03,10.0,10.7,8.5029,148000,0.0,1.0
2002-08-07,10.9,11.0,10.28,10.75,8.5427,80600,0.0,1.0
2002-08-08,10.76,10.8,10.4,10.6,8.4235,128400,0.0,1.0
2002-08-09,10.58,10.91,10.1,10.72,8.5188,75600,0.0,1.0
2002-08-12,10.62,10.75,10.21,10.65,8.4632,96000,0.0,1.0
2002-08-13,10.6,10.65,10.21,10.4,8.2645,184500,0.0,1.0
2002-08-14,10.4,10.5,10.05,10.49,8.3361,410600,0.0,1.0
2002-08-15,10.59,10.94,10.45,10.7,8.5029,137200,0.0,1.0
2002-08-16,10.66,11.09,10.64,10.99,8.7334,104100,0.0,1.0
2002-08-19,11.05,11.22,10.75,10.92,8.6778,107900,0.0,1.0
2002-08-20,10.95,11.05,10.35,10.67,8.4791,256300,0.0,1.0
2002-08-21,10.77,10.89,10.43,10.89,8.6539,92300,0.0,1.0
2002-08-22,10.95,10.95,10.8,10.85,8.6221,47400,0.0,1.0
2002-08-23,11.1,11.1,10.5,10.51,8.3519,91800,0.0,1.0
2002-08-26,10.61,10.97,10.58,10.95,8.7016,83200,0.0,1.0
2002-08-27,10.95,11.0,10.2,10.5,8.344,81800,0.0,1.0
2002-08-28,10.4,10.5,10.23,10.35,8.2248,123400,0.0,1.0
2002-08-29,10.44,10.44,10.25,10.34,8.2169,43400,0.0,1.0
2002-08-30,10.35,10.44,10.11,10.15,8.0659,76800,0.0,1.0
2002-09-03,10.05,10.05,9.35,9.35,7.4301,242600,0.0,1.0
2002-09-04,9.4,9.75,9.29,9.4,7.4699,168400,0.0,1.0
2002-09-05,9.4,9.45,9.24,9.25,7.3507,107300,0.0,1.0
2002-09-06,9.35,9.4,9.23,9.39,7.4619,237900,0.0,1.0
2002-09-09,9.37,9.55,9.28,9.4,7.4699,153300,0.0,1.0
2002-09-10,9.4,9.4,9.23,9.37,7.446,56900,0.0,1.0
2002-09-11,9.4,9.4,9.26,9.3,7.3904,53500,0.0,1.0
2002-09-12,9.4,9.4,8.71,8.71,6.9215,127500,0.0,1.0
2002-09-13,8.76,8.85,8.67,8.8,6.9931,129200,0.0,1.0
2002-09-16,8.85,8.9,8.25,8.37,6.6514,83600,0.0,1.0
2002-09-17,8.5,8.53,7.73,7.73,6.1428,417000,0.0,1.0
2002-09-18,7.71,7.8,7.35,7.43,5.9044,203300,0.0,1.0
2002-09-19,7.35,7.35,7.02,7.02,5.5786,197700,0.0,1.0
2002-09-20,7.15,7.5,7.14,7.5,5.96,301500,0.0,1.0
2002-09-23,7.45,7.45,7.15,7.26,5.7693,121100,0.0,1.0
2002-09-24,7.16,7.17,6.98,7.0,5.5627,111500,0.0,1.0
2002-09-25,7.1,7.54,7.07,7.47,5.9362,119900,0.0,1.0
2002-09-26,7.5,7.85,7.25,7.85,6.2381,172900,0.0,1.0
2002-09-27,7.75,7.85,7.2,7.35,5.8408,104500,0.0,1.0
2002-09-30,7.3,7.3,6.88,7.0,5.5627,136500,0.0,1.0
2002-10-01,7.1,7.25,6.85,7.2,5.7216,111600,0.0,1.0
2002-10-02,7.15,7.3,6.99,6.99,5.5547,231300,0.0,1.0
2002-10-03,6.95,7.25,6.9,7.15,5.6819,120800,0.0,1.0
2002-10-04,7.05,7.15,6.95,7.03,5.5865,259700,0.0,1.0
2002-10-07,7.04,7.08,6.94,7.0,5.5627,189500,0.0,1.0
2002-10-08,7.0,7.15,6.84,7.1,5.6421,307300,0.0,1.0
2002-10-09,7.0,7.02,6.57,6.57,5.221,159500,0.0,1.0
2002-10-10,6.3,7.0,6.3,7.0,5.5627,118900,0.0,1.0
2002-10-11,7.0,7.19,7.0,7.03,5.5865,143200,0.0,1.0
2002-10-14,7.05,7.34,7.02,7.34,5.8329,82700,0.0,1.0
2002-10-15,7.33,8.1,7.33,8.1,6.4368,118300,0.0,1.0
2002-10-16,8.05,8.05,7.4,7.4,5.8805,107300,0.0,1.0
2002-10-17,7.5,7.7,7.5,7.67,6.0951,79000,0.0,1.0
2002-10-18,7.77,7.77,7.3,7.7,6.1189,144200,0.0,1.0
2002-10-21,7.7,7.7,7.48,7.61,6.0474,145400,0.0,1.0
2002-10-22,7.71,7.71,7.26,7.3,5.8011,129200,0.0,1.0
2002-10-23,7.3,7.84,7.3,7.84,6.2302,90500,0.0,1.0
2002-10-24,7.84,7.93,7.5,7.58,6.0236,87100,0.0,1.0
2002-10-25,7.63,7.8,7.45,7.75,6.1587,81900,0.0,1.0
2002-10-28,7.85,7.95,7.5,7.5,5.96,53900,0.0,1.0
2002-10-29,7.52,7.75,7.41,7.69,6.111,67900,0.0,1.0
2002-10-30,7.55,7.67,7.5,7.66,6.0871,60500,0.0,1.0
2002-10-31,7.66,7.94,7.59,7.59,6.0315,69500,0.0,1.0
2002-11-01,7.59,8.23,7.4,8.19,6.5083,152200,0.0,1.0
2002-11-04,8.45,8.95,8.13,8.13,6.4606,180500,0.0,1.0
2002-11-05,8.1,8.34,7.78,8.34,6.6275,106000,0.0,1.0
2002-11-06,8.36,8.4,7.9,8.27,6.5719,88800,0.0,1.0
2002-11-07,8.0,8.15,7.65,7.68,6.103,85600,0.0,1.0
2002-11-08,7.78,8.0,7.65,7.8,6.1984,57800,0.0,1.0
2002-11-11,7.7,7.77,7.49,7.5,5.96,78400,0.0,1.0
2002-11-12,7.6,7.84,7.5,7.79,6.1905,57900,0.0,1.0
2002-11-13,7.79,8.2,7.55,7.75,6.1587,79700,0.0,1.0
2002-11-14,7.75,7.93,7.5,7.8,6.1984,85700,0.0,1.0
2002-11-15,7.8,8.35,7.8,8.35,6.6355,66600,0.0,1.0
2002-11-18,8.9,8.9,7.95,7.96,6.3255,141300,0.0,1.0
2002-11-19,8.0,8.0,7.8,7.9,6.2779,82600,0.0,1.0
2002-11-20,8.15,8.25,8.02,8.2,6.5163,68400,0.0,1.0
2002-11-21,8.3,8.88,8.29,8.85,7.0328,125900,0.0,1.0
2002-11-22,8.65,8.88,8.65,8.74,6.9454,120300,0.0,1.0
2002-11-25,8.74,8.83,8.38,8.57,6.8103,125000,0.0,1.0
2002-11-26,8.53,8.66,8.2,8.46,6.7229,130500,0.0,1.0
2002-11-27,8.56,8.87,8.5,8.86,7.0407,104400,0.0,1.0
2002-11-29,8.76,8.79,8.66,8.69,6.9057,46500,0.0,1.0
2002-12-02,8.69,9.05,8.5,8.72,6.9295,99600,0.0,1.0
2002-12-03,8.72,8.87,8.62,8.74,6.9454,92500,0.0,1.0
2002-12-04,8.7,9.15,8.65,8.89,7.0646,88300,0.0,1.0
2002-12-05,8.99,8.99,8.7,8.7,6.9136,59400,0.0,1.0
2002-12-06,8.65,9.17,8.6,8.97,7.1282,126800,0.0,1.0
2002-12-09,8.95,8.95,8.62,8.64,6.8659,104700,0.0,1.0
2002-12-10,8.64,9.07,8.63,8.9,7.0725,147700,0.0,1.0
2002-12-11,8.8,9.25,8.7,9.25,7.3507,196800,0.0,1.0
2002-12-12,9.15,9.56,9.1,9.37,7.446,156900,0.0,1.0
2002-12-13,9.35,9.36,9.02,9.02,7.1679,113600,0.0,1.0
2002-12-16,9.03,9.6,9.03,9.57,7.605,135400,0.0,1.0
2002-12-17,9.56,9.7,9.25,9.35,7.4301,153700,0.0,1.0
2002-12-18,9.35,9.4,9.05,9.21,7.3189,366600,0.0,1.0
2002-12-19,9.31,9.31,8.64,9.08,7.2156,741100,0.0,1.0
2002-12-20,9.18,9.61,9.14,9.6,7.6288,153500,0.0,1.0
2002-12-23,9.5,9.52,9.3,9.5,7.5493,101000,0.0,1.0
2002-12-24,9.51,9.51,9.23,9.25,7.3507,76500,0.0,1.0
2002-12-26,9.35,9.49,9.19,9.35,7.4301,77500,0.0,1.0
2002-12-27,9.3,9.3,9.0,9.0,7.152,56700,0.0,1.0
2002-12-30,9.01,9.07,8.73,8.97,7.1282,85000,0.0,1.0
2002-12-31,9.07,9.4,9.0,9.0,7.152,119400,0.0,1.0
2003-01-02,9.1,9.4,9.02,9.4,7.4699,154200,0.0,1.0
2003-01-03,9.4,9.45,9.2,9.29,7.3825,72000,0.0,1.0
2003-01-06,9.39,9.5,9.2,9.28,7.3745,50200,0.0,1.0
2003-01-07,9.28,9.28,9.0,9.07,7.2076,93100,0.0,1.0
2003-01-08,9.17,9.17,8.98,9.0,7.152,129400,0.0,1.0
2003-01-09,9.1,9.34,9.08,9.25,7.3507,81600,0.0,1.0
2003-01-10,9.2,9.41,9.14,9.32,7.4063,55100,0.0,1.0
2003-01-13,9.3,9.33,8.94,9.2,7.3109,81500,0.0,1.0
2003-01-14,9.1,9.38,9.09,9.35,7.4301,88500,0.0,1.0
2003-01-15,9.35,9.38,9.0,9.23,7.3348,70800,0.0,1.0
2003-01-16,9.33,9.49,9.02,9.18,7.295,63400,0.0,1.0
2003-01-17,9.08,9.08,8.8,8.87,7.0487,87500,0.0,1.0
2003-01-21,8.87,8.91,8.7,8.79,6.9851,118700,0.0,1.0
2003-01-22,8.75,8.79,8.55,8.56,6.8023,85300,0.0,1.0
2003-01-23,8.6,8.7,8.41,8.7,6.9136,61300,0.0,1.0
2003-01-24,8.65,8.65,8.09,8.27,6.5719,128600,0.0,1.0
2003-01-27,8.27,8.45,8.23,8.4,6.6752,258900,0.0,1.0
2003-01-28,8.43,8.69,8.4,8.63,6.858,83000,0.0,1.0
2003-01-29,8.55,8.7,8.3,8.64,6.8659,93300,0.0,1.0
2003-01-30,8.66,8.67,8.1,8.12,6.4527,137500,0.0,1.0
2003-01-31,8.1,8.36,8.05,8.35,6.6355,129200,0.0,1.0
2003-02-03,8.36,8.65,8.32,8.6,6.8341,69800,0.0,1.0
2003-02-04,8.55,8.56,8.4,8.56,6.8023,120200,0.0,1.0
2003-02-05,8.6,8.74,8.4,8.54,6.7865,816800,0.0,1.0
2003-02-06,8.54,8.65,8.29,8.3,6.5957,283700,0.0,1.0
2003-02-07,8.3,8.36,7.85,7.87,6.254,74600,0.0,1.0
2003-02-10,7.9,8.27,7.9,8.27,6.5719,279600,0.0,1.0
2003-02-11,8.17,8.19,7.8,8.11,6.4447,98300,0.0,1.0
2003-02-12,8.08,8.23,7.9,7.96,6.3255,57800,0.0,1.0
2003-02-13,7.9,8.0,7.8,8.0,6.3573,59700,0.0,1.0
2003-02-14,8.1,8.32,8.0,8.15,6.4765,698400,0.0,1.0
2003-02-18,8.25,8.55,8.21,8.54,6.7865,75200,0.0,1.0
2003-02-19,8.44,8.5,8.2,8.37,6.6514,113400,0.0,1.0
2003-02-20,8.38,8.38,8.2,8.32,6.6116,100500,0.0,1.0
2003-02-21,8.3,8.3,8.115,8.25,6.556,260400,0.0,1.0
2003-02-24,8.25,8.25,8.03,8.03,6.3812,208200,0.0,1.0
2003-02-25,8.03,8.34,7.95,8.3,6.5957,134100,0.0,1.0
2003-02-26,8.29,8.45,8.14,8.45,6.7149,105100,0.0,1.0
2003-02-27,8.45,8.68,8.31,8.54,6.7865,103700,0.0,1.0
2003-02-28,8.5,8.54,8.33,8.33,6.6196,89500,0.0,1.0
2003-03-03,8.34,8.46,8.3,8.46,6.7229,93700,0.0,1.0
2003-03-04,8.45,8.45,8.15,8.17,6.4924,93500,0.0,1.0
2003-03-05,8.2,8.46,8.19,8.33,6.6196,41600,0.0,1.0
2003-03-06,8.3,8.46,8.18,8.28,6.5798,90600,0.0,1.0
2003-03-07,8.22,8.45,8.2,8.3,6.5957,43100,0.0,1.0
2003-03-10,8.2,8.25,8.04,8.1,6.4368,52700,0.0,1.0
2003-03-11,8.0,8.5,7.99,8.42,6.6911,144500,0.0,1.0
2003-03-12,8.5,8.6,8.3,8.4,6.6752,107100,0.0,1.0
2003-03-13,8.6,8.8,8.43,8.75,6.9533,68800,0.0,1.0
2003-03-14,8.79,8.82,8.48,8.57,6.8103,69100,0.0,1.0
2003-03-17,8.5,9.16,8.48,9.16,7.2791,99300,0.0,1.0
2003-03-18,9.16,9.2,8.86,8.94,7.1043,130700,0.0,1.0
2003-03-19,8.91,9.4,8.8,9.36,7.4381,207700,0.0,1.0
2003-03-20,9.26,9.27,9.12,9.2,7.3109,231900,0.0,1.0
2003-03-21,9.2,9.3,9.17,9.26,7.3586,166900,0.0,1.0
2003-03-24,9.16,9.25,9.01,9.16,7.2791,207300,0.0,1.0
2003-03-25,9.2,9.22,9.1,9.18,7.295,103800,0.0,1.0
2003-03-26,9.1,9.25,9.05,9.22,7.3268,97100,0.0,1.0
2003-03-27,9.12,9.19,9.1,9.15,7.2712,128300,0.0,1.0
2003-03-28,9.12,9.15,9.05,9.1,7.2315,127800,0.0,1.0
2003-03-31,9.15,9.6,9.0,9.18,7.295,328600,0.0,1.0
2003-04-01,9.28,9.41,9.1,9.39,7.4619,113700,0.0,1.0
2003-04-02,9.49,9.55,9.4,9.43,7.4937,156700,0.0,1.0
2003-04-03,9.5,9.55,9.36,9.41,7.4778,261900,0.0,1.0
2003-04-04,9.45,9.45,9.05,9.29,7.3825,153800,0.0,1.0
2003-04-07,9.39,9.51,9.08,9.23,7.3348,152300,0.0,1.0
2003-04-08,9.2,9.31,9.15,9.23,7.3348,64800,0.0,1.0
2003-04-09,9.24,9.3,9.1,9.15,7.2712,77900,0.0,1.0
2003-04-10,9.14,9.23,9.1,9.16,7.2791,50700,0.0,1.0
2003-04-11,9.2,9.3,9.03,9.1,7.2315,72300,0.0,1.0
2003-04-14,9.15,9.2,9.08,9.14,7.2633,149300,0.0,1.0
2003-04-15,9.18,9.18,8.99,9.09,7.2235,117900,0.0,1.0
2003-04-16,9.19,9.2,9.01,9.1,7.2315,151200,0.0,1.0
2003-04-17,9.2,9.2,9.05,9.19,7.303,172200,0.0,1.0
2003-04-21,9.2,9.24,9.11,9.2,7.3109,191500,0.0,1.0
2003-04-22,9.2,9.24,9.14,9.18,7.295,145700,0.0,1.0
2003-04-23,9.22,9.27,9.1,9.27,7.3666,126700,0.0,1.0
2003-04-24,9.2,9.29,9.2,9.25,7.3507,217400,0.0,1.0
2003-04-25,9.25,9.25,9.09,9.11,7.2394,67300,0.0,1.0
2003-04-28,9.18,9.28,9.15,9.21,7.3189,113500,0.0,1.0
2003-04-29,9.2,9.3,8.85,8.98,7.1361,865400,0.0,1.0
2003-04-30,8.98,9.02,8.79,8.79,6.9851,132500,0.0,1.0
2003-05-01,8.75,8.77,8.45,8.69,6.9057,391700,0.0,1.0
2003-05-02,8.7,8.7,8.63,8.7,6.9136,250400,0.0,1.0
2003-05-05,8.7,8.7,8.55,8.6,6.8341,153000,0.0,1.0
2003-05-06,8.6,8.62,8.17,8.4,6.6752,208200,0.0,1.0
2003-05-07,8.3,8.3,8.12,8.16,6.4845,175600,0.0,1.0
2003-05-08,8.11,8.26,8.05,8.16,6.4845,83300,0.0,1.0
2003-05-09,8.26,8.39,8.15,8.31,6.6037,135900,0.0,1.0
2003-05-12,8.38,8.38,8.23,8.3,6.5957,135900,0.0,1.0
2003-05-13,8.25,8.29,8.03,8.04,6.3891,100400,0.0,1.0
2003-05-14,8.04,8.04,7.52,7.56,6.0077,215300,0.0,1.0
2003-05-15,7.6,7.72,7.49,7.56,6.0077,139100,0.0,1.0
2003-05-16,7.5,7.53,6.74,6.74,5.3561,446600,0.0,1.0
2003-05-19,6.8,7.04,6.6,6.6,5.2448,427500,0.0,1.0
2003-05-20,6.7,6.95,6.5,6.5,5.1653,295300,0.0,1.0
2003-05-21,6.6,6.62,6.42,6.49,5.1574,230000,0.0,1.0
2003-05-22,6.5,6.95,6.5,6.92,5.4991,343500,0.0,1.0
2003-05-23,7.1,7.4,7.1,7.22,5.7375,406800,0.0,1.0
2003-05-27,7.25,7.35,6.99,7.1,5.6421,1164800,0.0,1.0
2003-05-28,7.2,7.39,7.1,7.37,5.8567,676800,0.0,1.0
2003-05-29,7.75,8.07,7.55,7.79,6.1905,661200,0.0,1.0
2003-05-30,7.89,8.26,7.89,8.11,6.4447,589700,0.0,1.0
2003-06-02,8.4,8.4,8.13,8.23,6.5401,362400,0.0,1.0
2003-06-03,8.2,8.3,8.16,8.2,6.5163,270200,0.0,1.0
2003-06-04,8.0,8.34,7.99,8.24,6.5481,221500,0.0,1.0
2003-06-05,8.3,8.68,8.23,8.67,6.8898,363900,0.0,1.0
2003-06-06,8.8,8.94,8.75,8.8,6.9931,257700,0.0,1.0
2003-06-09,8.75,8.75,8.15,8.3,6.5957,419200,0.0,1.0
2003-06-10,8.31,8.49,8.25,8.41,6.6831,216000,0.0,1.0
2003-06-11,8.4,8.6,8.3,8.47,6.7308,292500,0.0,1.0
2003-06-12,8.45,8.58,8.38,8.45,6.7149,112600,0.0,1.0
2003-06-13,8.4,8.48,8.03,8.05,6.3971,169100,0.0,1.0
2003-06-16,8.1,8.62,8.1,8.46,6.7229,254800,0.0,1.0
2003-06-17,8.56,8.56,8.22,8.3,6.5957,170100,0.0,1.0
2003-06-18,8.25,8.28,8.14,8.25,6.556,119900,0.0,1.0
2003-06-19,8.25,8.3,8.01,8.02,6.3732,175500,0.0,1.0
2003-06-20,8.09,8.15,7.85,7.97,6.3335,363100,0.0,1.0
2003-06-23,7.9,7.93,7.65,7.65,6.0792,119400,0.0,1.0
2003-06-24,7.65,7.9,7.58,7.7,6.1189,113600,0.0,1.0
2003-06-25,7.7,7.79,7.55,7.6,6.0395,147300,0.0,1.0
2003-06-26,7.7,7.85,7.59,7.83,6.2222,110600,0.0,1.0
2003-06-27,7.83,8.02,7.58,7.62,6.0554,185300,0.0,1.0
2003-06-30,7.65,7.7,7.25,7.44,5.9123,244200,0.0,1.0
2003-07-01,7.44,7.83,7.3,7.74,6.1507,167500,0.0,1.0
2003-07-02,7.75,7.95,7.7,7.95,6.3176,1287600,0.0,1.0
2003-07-03,7.85,7.95,7.57,7.62,6.0554,68200,0.0,1.0
2003-07-07,7.72,8.14,7.72,8.14,6.4686,273600,0.0,1.0
2003-07-08,8.05,8.25,8.04,8.2,6.5163,182500,0.0,1.0
2003-07-09,8.15,8.19,7.95,8.08,6.4209,145500,0.0,1.0
2003-07-10,8.05,8.06,7.75,7.75,6.1587,119400,0.0,1.0
2003-07-11,7.8,8.29,7.75,8.28,6.5798,208700,0.0,1.0
2003-07-14,8.29,8.74,8.29,8.73,6.9374,363600,0.0,1.0
2003-07-15,8.9,9.28,8.9,9.26,7.3586,423100,0.0,1.0
2003-07-16,9.48,9.6,9.37,9.37,7.446,477000,0.0,1.0
2003-07-17,9.25,9.27,8.9,9.01,7.1599,1967400,0.0,1.0
2003-07-18,9.11,9.25,8.85,9.0,7.152,333900,0.0,1.0
2003-07-21,9.1,9.1,8.99,9.0,7.152,230900,0.0,1.0
2003-07-22,9.1,9.1,8.9,9.01,7.1599,287500,0.0,1.0
2003-07-23,9.03,9.05,8.85,8.99,7.1441,180900,0.0,1.0
2003-07-24,9.05,9.15,8.82,8.85,7.0328,179200,0.0,1.0
2003-07-25,8.8,8.97,8.75,8.89,7.0646,250500,0.0,1.0
2003-07-28,8.95,9.1,8.9,9.06,7.1997,157700,0.0,1.0
2003-07-29,9.07,9.15,8.74,8.74,6.9454,219300,0.0,1.0
2003-07-30,8.84,8.99,8.8,8.95,7.1123,172000,0.0,1.0
2003-07-31,9.0,9.12,8.85,8.86,7.0407,207600,0.0,1.0
2003-08-01,8.86,8.93,8.65,8.7,6.9136,161200,0.0,1.0
2003-08-04,8.9,8.95,8.62,8.65,6.8739,289300,0.0,1.0
2003-08-05,8.66,8.73,8.15,8.15,6.4765,150000,0.0,1.0
2003-08-06,8.2,8.39,8.17,8.2,6.5163,361500,0.0,1.0
2003-08-07,8.25,8.49,8.0,8.09,6.4289,382600,0.0,1.0
2003-08-08,8.1,8.42,8.0,8.21,6.5242,111900,0.0,1.0
2003-08-11,8.31,8.65,7.98,8.3,6.5957,393300,0.0,1.0
2003-08-12,8.25,8.26,7.95,8.1,6.4368,235200,0.0,1.0
2003-08-13,8.2,8.29,8.07,8.21,6.5242,173800,0.0,1.0
2003-08-14,8.19,8.27,8.1,8.2,6.5163,94500,0.0,1.0
2003-08-15,8.2,8.2,8.06,8.1,6.4368,61900,0.0,1.0
2003-08-18,8.1,8.24,8.0,8.2,6.5163,334400,0.0,1.0
2003-08-19,8.3,8.5,8.15,8.48,6.7388,230700,0.0,1.0
2003-08-20,8.4,8.5,8.28,8.38,6.6593,72600,0.0,1.0
2003-08-21,8.4,8.65,8.32,8.65,6.8739,96500,0.0,1.0
2003-08-22,8.63,8.88,8.3,8.3,6.5957,138400,0.0,1.0
2003-08-25,8.4,8.65,8.26,8.63,6.858,224400,0.0,1.0
2003-08-26,8.67,8.85,8.48,8.73,6.9374,318200,0.0,1.0
2003-08-27,8.7,8.9,8.65,8.85,7.0328,114400,0.0,1.0
2003-08-28,8.87,8.9,8.65,8.85,7.0328,91100,0.0,1.0
2003-08-29,8.8,8.96,8.7,8.88,7.0566,59700,0.0,1.0
2003-09-02,8.88,9.27,8.8,9.2,7.3109,203700,0.0,1.0
2003-09-03,9.25,9.38,9.16,9.26,7.3586,123500,0.0,1.0
2003-09-04,9.2,9.22,9.06,9.17,7.2871,140800,0.0,1.0
2003-09-05,9.07,9.1,8.78,8.86,7.0407,144400,0.0,1.0
2003-09-08,8.86,9.26,8.84,9.19,7.303,288300,0.0,1.0
2003-09-09,9.26,9.26,9.02,9.06,7.1997,255500,0.0,1.0
2003-09-10,8.96,9.16,8.86,9.13,7.2553,282500,0.0,1.0
2003-09-11,9.28,10.45,9.27,10.1,8.0261,708800,0.0,1.0
2003-09-12,9.95,10.24,9.8,9.99,7.9387,324600,0.0,1.0
2003-09-15,10.2,10.51,10.15,10.47,8.3202,631100,0.0,1.0
2003-09-16,10.6,11.65,10.5,11.61,9.2261,645200,0.0,1.0
2003-09-17,11.61,11.61,11.1,11.44,9.091,456900,0.0,1.0
2003-09-18,11.6,12.15,11.5,11.99,9.5281,756000,0.0,1.0
2003-09-19,12.15,12.15,11.82,11.95,9.4963,664600,0.0,1.0
2003-09-22,11.86,11.86,11.49,11.61,9.2261,268000,0.0,1.0
2003-09-23,11.45,11.87,11.4,11.63,9.242,347000,0.0,1.0
2003-09-24,11.9,11.9,11.48,11.55,9.1784,181300,0.0,1.0
2003-09-25,11.65,11.75,11.02,11.12,8.8367,349100,0.0,1.0
2003-09-26,11.2,11.2,10.7,10.72,8.5188,463500,0.0,1.0
2003-09-29,10.95,11.11,10.51,10.99,8.7334,367200,0.0,1.0
2003-09-30,11.0,11.0,10.65,10.82,8.5983,260000,0.0,1.0
2003-10-01,11.05,11.43,10.87,11.37,9.0354,583800,0.0,1.0
2003-10-02,11.3,11.45,11.1,11.14,8.8526,262000,0.0,1.0
2003-10-03,11.6,11.7,11.0,11.21,8.9082,401100,0.0,1.0
2003-10-06,11.6,11.68,11.28,11.33,9.0036,182600,0.0,1.0
2003-10-07,11.45,11.63,11.32,11.6,9.2181,194200,0.0,1.0
2003-10-08,11.65,11.65,11.3,11.4,9.0592,188600,0.0,1.0
2003-10-09,11.65,11.95,11.4,11.5,9.1387,264500,0.0,1.0
2003-10-10,11.65,11.77,11.4,11.58,9.2022,154000,0.0,1.0
2003-10-13,11.85,11.94,11.62,11.7,9.2976,181900,0.0,1.0
2003-10-14,11.8,11.97,11.63,11.9,9.4565,209200,0.0,1.0
2003-10-15,12.2,12.25,11.61,11.83,9.4009,100400,0.0,1.0
2003-10-16,11.85,11.94,11.5,11.59,9.2102,155200,0.0,1.0
2003-10-17,11.69,11.8,11.26,11.26,8.9479,142500,0.0,1.0
2003-10-20,11.36,11.7,11.36,11.4,9.0592,195200,0.0,1.0
2003-10-21,11.4,11.42,11.15,11.25,8.94,260000,0.0,1.0
2003-10-22,11.25,11.25,10.56,10.7,8.5029,267900,0.0,1.0
2003-10-23,10.69,10.75,10.52,10.59,8.4155,242900,0.0,1.0
2003-10-24,10.59,10.59,10.08,10.33,8.2089,278300,0.0,1.0
2003-10-27,10.43,11.1,10.43,10.96,8.7095,354300,0.0,1.0
2003-10-28,11.05,11.24,10.82,10.95,8.7016,210700,0.0,1.0
2003-10-29,11.0,11.0,10.7,10.88,8.646,169000,0.0,1.0
2003-10-30,10.98,11.21,10.67,10.89,8.6539,179600,0.0,1.0
2003-10-31,10.99,11.15,10.65,10.65,8.4632,282200,0.0,1.0
2003-11-03,10.84,11.3,10.71,10.8,8.5824,315500,0.0,1.0
2003-11-04,10.9,11.05,10.6,10.67,8.4791,200600,0.0,1.0
2003-11-05,10.77,10.9,10.3,10.8,8.5824,315300,0.0,1.0
2003-11-06,10.81,11.3,10.57,11.3,8.9797,342200,0.0,1.0
2003-11-07,11.4,11.61,11.08,11.35,9.0195,373600,0.0,1.0
2003-11-10,11.45,11.62,11.4,11.5,9.1387,213600,0.0,1.0
2003-11-11,11.47,11.63,11.14,11.35,9.0195,254100,0.0,1.0
2003-11-12,11.38,11.53,11.15,11.53,9.1625,201500,0.0,1.0
2003-11-13,11.4,11.6,11.08,11.39,9.0513,316600,0.0,1.0
2003-11-14,11.29,11.95,11.29,11.5,9.1387,323200,0.0,1.0
2003-11-17,11.4,11.4,10.98,11.34,9.0115,194200,0.0,1.0
2003-11-18,11.44,11.6,11.05,11.1,8.8208,289900,0.0,1.0
2003-11-19,11.0,11.34,10.86,11.19,8.8923,206800,0.0,1.0
2003-11-20,11.09,11.13,10.7,10.86,8.6301,300700,0.0,1.0
2003-11-21,10.86,10.89,10.34,10.48,8.3281,458700,0.0,1.0
2003-11-24,10.65,11.3,10.58,11.25,8.94,371500,0.0,1.0
2003-11-25,11.15,11.55,11.07,11.55,9.1784,400400,0.0,1.0
2003-11-26,11.5,11.93,11.5,11.88,9.4406,367700,0.0,1.0
2003-11-28,11.86,11.9,11.6,11.6,9.2181,90800,0.0,1.0
2003-12-01,11.75,12.18,11.65,12.16,9.6631,297800,0.0,1.0
2003-12-02,12.16,13.25,12.1,13.01,10.3386,800200,0.0,1.0
2003-12-03,13.01,13.18,12.55,12.57,9.989,520300,0.0,1.0
2003-12-04,12.52,12.66,12.3,12.5,9.9333,396200,0.0,1.0
2003-12-05,12.5,12.6,12.4,12.51,9.9413,212300,0.0,1.0
2003-12-08,12.45,12.76,12.42,12.56,9.981,302000,0.0,1.0
2003-12-09,12.58,12.68,12.05,12.06,9.5837,372400,0.0,1.0
2003-12-10,12.1,12.38,12.0,12.35,9.8141,263900,0.0,1.0
2003-12-11,12.35,12.98,12.35,12.91,10.2591,352000,0.0,1.0
2003-12-12,12.91,13.2,12.57,13.1,10.4101,303400,0.0,1.0
2003-12-15,13.6,14.0,13.41,13.41,10.6565,660000,0.0,1.0
2003-12-16,13.41,13.42,12.95,13.01,10.3386,297500,0.0,1.0
2003-12-17,13.02,13.2,12.7,13.13,10.434,143300,0.0,1.0
2003-12-18,13.14,13.4,13.03,13.28,10.5532,187700,0.0,1.0
2003-12-19,13.28,13.34,12.97,13.31,10.577,230900,0.0,1.0
2003-12-22,13.21,13.47,13.0,13.31,10.577,139300,0.0,1.0
2003-12-23,13.31,13.62,13.2,13.58,10.7916,253300,0.0,1.0
2003-12-24,13.58,13.58,13.4,13.43,10.6724,56700,0.0,1.0
2003-12-26,13.43,13.65,13.43,13.6,10.8075,88300,0.0,1.0
2003-12-29,13.58,13.97,13.58,13.9,11.0459,143800,0.0,1.0
2003-12-30,14.0,14.24,13.84,14.1,11.2048,154600,0.0,1.0
2003-12-31,14.1,14.16,13.62,13.66,10.8551,152000,0.0,1.0
2004-01-02,13.75,13.92,13.69,13.86,11.0141,145400,0.0,1.0
2004-01-05,13.9,14.18,13.9,14.11,11.2127,217500,0.0,1.0
2004-01-06,14.21,14.25,13.95,14.02,11.1412,268800,0.0,1.0
2004-01-07,14.0,14.1,13.66,13.83,10.9902,276500,0.0,1.0
2004-01-08,13.93,14.5,13.92,14.5,11.5227,443700,0.0,1.0
2004-01-09,14.35,14.55,14.12,14.16,11.2525,239300,0.0,1.0
2004-01-12,14.2,14.44,14.06,14.35,11.4035,138100,0.0,1.0
2004-01-13,14.35,14.55,14.02,14.2,11.2843,261900,0.0,1.0
2004-01-14,14.3,14.7805,14.25,14.54,11.5545,340600,0.0,1.0
2004-01-15,14.55,14.6,14.3,14.37,11.4194,195800,0.0,1.0
2004-01-16,14.42,14.58,14.31,14.35,11.4035,127700,0.0,1.0
2004-01-20,14.28,14.89,14.28,14.8,11.7611,181800,0.0,1.0
2004-01-21,14.74,14.84,14.5,14.56,11.5703,452600,0.0,1.0
2004-01-22,14.66,14.86,14.5,14.55,11.5624,233100,0.0,1.0
2004-01-23,14.6,14.99,14.48,14.85,11.8008,1361400,0.0,1.0
2004-01-26,14.9,14.92,14.48,14.79,11.7531,146700,0.0,1.0
2004-01-27,14.8,14.81,14.55,14.58,11.5862,149500,0.0,1.0
2004-01-28,14.6,14.75,14.0,14.1,11.2048,176200,0.0,1.0
2004-01-29,14.0,14.33,13.94,14.21,11.2922,188400,0.0,1.0
2004-01-30,14.25,14.35,14.0,14.02,11.1412,148300,0.0,1.0
2004-02-02,14.05,14.3,13.88,14.02,11.1412,186100,0.0,1.0
2004-02-03,14.03,14.1,13.92,14.02,11.1412,183800,0.0,1.0
2004-02-04,13.95,13.95,13.51,13.51,10.7359,266500,0.0,1.0
2004-02-05,13.61,13.75,13.35,13.54,10.7598,267500,0.0,1.0
2004-02-06,13.5,14.55,13.5,14.3,11.3637,247500,0.0,1.0
2004-02-09,14.3,14.37,14.05,14.1,11.2048,101100,0.0,1.0
2004-02-10,14.15,14.37,14.0,14.32,11.3796,225500,0.0,1.0
2004-02-11,14.22,14.48,14.0,14.4,11.4432,145600,0.0,1.0
2004-02-12,14.3,14.35,14.05,14.18,11.2684,101700,0.0,1.0
2004-02-13,14.22,14.3,13.84,14.05,11.1651,148000,0.0,1.0
2004-02-17,14.15,14.57,14.15,14.48,11.5068,331400,0.0,1.0
2004-02-18,14.6,15.93,14.6,15.23,12.1028,902200,0.0,1.0
2004-02-19,15.4,15.59,14.38,14.38,11.4273,231100,0.0,1.0
2004-02-20,14.48,14.72,14.1,14.3,11.3637,195800,0.0,1.0
2004-02-23,14.32,14.35,13.98,14.0,11.1253,187800,0.0,1.0
2004-02-24,14.0,14.4,13.9,14.05,11.1651,182400,0.0,1.0
2004-02-25,14.05,14.28,13.85,14.28,11.3478,180400,0.0,1.0
2004-02-26,14.28,14.39,14.06,14.19,11.2763,117800,0.0,1.0
2004-02-27,14.2,14.54,14.08,14.42,11.4591,150900,0.0,1.0
2004-03-01,14.52,14.74,14.45,14.73,11.7054,230400,0.0,1.0
2004-03-02,14.77,14.85,14.47,14.53,11.5465,218000,0.0,1.0
2004-03-03,14.33,14.51,14.09,14.36,11.4114,273700,0.0,1.0
2004-03-04,14.46,14.83,14.32,14.82,11.777,124500,0.0,1.0
2004-03-05,14.72,14.99,14.6,14.8,11.7611,84700,0.0,1.0
2004-03-08,14.75,14.95,14.26,14.33,11.3876,130500,0.0,1.0
2004-03-09,14.33,14.47,13.94,14.02,11.1412,204600,0.0,1.0
2004-03-10,14.07,14.21,13.51,13.51,10.7359,259900,0.0,1.0
2004-03-11,13.5,14.4,13.28,13.28,10.5532,805600,0.0,1.0
2004-03-12,13.38,13.73,12.41,13.71,10.8949,660600,0.0,1.0
2004-03-15,13.72,13.72,12.9,13.19,10.4817,331400,0.0,1.0
2004-03-16,13.24,13.48,13.05,13.35,10.6088,198900,0.0,1.0
2004-03-17,13.45,13.75,13.36,13.65,10.8472,132100,0.0,1.0
2004-03-18,13.65,13.65,12.91,13.39,10.6406,120900,0.0,1.0
2004-03-19,13.4,13.4,12.9,12.92,10.2671,168300,0.0,1.0
2004-03-22,12.92,12.95,12.51,12.75,10.132,238500,0.0,1.0
2004-03-23,13.06,13.1,12.7,12.83,10.1956,184100,0.0,1.0
2004-03-24,12.93,13.01,12.62,12.65,10.0525,144200,0.0,1.0
2004-03-25,12.65,12.68,12.5,12.5,9.9333,326200,0.0,1.0
2004-03-26,12.5,12.5,12.17,12.21,9.7029,341600,0.0,1.0
2004-03-29,12.3,12.66,12.3,12.63,10.0366,426500,0.0,1.0
2004-03-30,12.53,12.8,12.39,12.64,10.0446,296300,0.0,1.0
2004-03-31,12.74,12.89,12.6,12.85,10.2115,726000,0.0,1.0
2004-04-01,12.75,13.07,12.69,13.01,10.3386,540400,0.0,1.0
2004-04-02,13.11,13.21,12.93,13.07,10.3863,260300,0.0,1.0
2004-04-05,13.07,13.24,12.84,13.22,10.5055,274800,0.0,1.0
2004-04-06,13.12,13.15,12.87,12.93,10.275,382700,0.0,1.0
2004-04-07,12.88,13.82,12.77,13.81,10.9743,692000,0.0,1.0
2004-04-08,13.82,14.02,13.64,13.75,10.9267,520000,0.0,1.0
2004-04-12,13.75,13.98,13.75,13.84,10.9982,354300,0.0,1.0
2004-04-13,13.94,13.94,13.6,13.75,10.9267,351400,0.0,1.0
2004-04-14,13.65,13.8,13.11,13.25,10.5293,228200,0.0,1.0
2004-04-15,13.2,13.41,13.02,13.19,10.4817,167500,0.0,1.0
2004-04-16,13.19,13.45,13.0,13.37,10.6247,161800,0.0,1.0
2004-04-19,13.47,13.47,13.0,13.3,10.5691,137900,0.0,1.0
2004-04-20,13.3,13.3,12.88,12.9,10.2512,241100,0.0,1.0
2004-04-21,13.05,13.15,12.77,13.12,10.426,186600,0.0,1.0
2004-04-22,13.15,14.0,13.12,13.7,10.8869,514500,0.0,1.0
2004-04-23,13.8,13.9,13.15,13.46,10.6962,331300,0.0,1.0
2004-04-26,13.5,13.78,13.3,13.45,10.6883,197000,0.0,1.0
2004-04-27,13.44,13.79,13.35,13.62,10.8234,274100,0.0,1.0
2004-04-28,13.62,13.62,13.25,13.46,10.6962,332700,0.0,1.0
2004-04-29,13.5,13.54,13.04,13.21,10.4975,313200,0.0,1.0
2004-04-30,13.22,13.32,12.9,12.99,10.3227,469700,0.0,1.0
2004-05-03,12.99,13.7,12.99,13.45,10.6883,479500,0.0,1.0
2004-05-04,13.55,13.9,13.5,13.78,10.9505,334600,0.0,1.0
2004-05-05,13.83,13.9,13.31,13.43,10.6724,462500,0.0,1.0
2004-05-06,13.45,13.61,12.95,13.5,10.728,313300,0.0,1.0
2004-05-07,13.4,13.74,13.1,13.1,10.4101,316600,0.0,1.0
2004-05-10,13.1,13.24,12.8,12.84,10.2035,357100,0.0,1.0
2004-05-11,13.02,13.76,13.01,13.69,10.879,452900,0.0,1.0
2004-05-12,13.67,13.71,12.8,13.56,10.7757,508200,0.0,1.0
2004-05-13,13.56,13.73,13.42,13.6,10.8075,310900,0.0,1.0
2004-05-14,13.61,13.67,13.27,13.38,10.6326,272400,0.0,1.0
2004-05-17,13.2,13.24,12.75,12.9,10.2512,289400,0.0,1.0
2004-05-18,13.0,13.3,12.99,13.25,10.5293,175900,0.0,1.0
2004-05-19,13.5,13.6,13.25,13.35,10.6088,244800,0.0,1.0
2004-05-20,13.35,13.55,13.19,13.53,10.7518,189600,0.0,1.0
2004-05-21,13.54,14.0,13.49,13.99,11.1174,496200,0.0,1.0
2004-05-24,14.0,14.4,13.86,13.99,11.1174,365300,0.0,1.0
2004-05-25,14.09,14.69,13.9,14.65,11.6419,368900,0.0,1.0
2004-05-26,14.7,15.18,14.63,15.01,11.9279,643100,0.0,1.0
2004-05-27,15.05,15.11,14.68,14.96,11.8882,316600,0.0,1.0
2004-05-28,14.96,15.0,14.75,14.91,11.8485,251900,0.0,1.0
2004-06-01,14.95,15.15,14.88,15.14,12.0313,191700,0.0,1.0
2004-06-02,15.39,15.5,15.16,15.39,12.2299,474900,0.0,1.0
2004-06-03,15.39,15.57,15.16,15.5,12.3173,331800,0.0,1.0
2004-06-04,15.57,15.98,15.5,15.56,12.365,297600,0.0,1.0
2004-06-07,15.64,16.0,15.35,16.0,12.7147,225300,0.0,1.0
2004-06-08,16.0,16.01,15.87,15.91,12.6431,181400,0.0,1.0
2004-06-09,16.07,16.2,15.65,15.77,12.5319,299600,0.0,1.0
2004-06-10,15.87,16.02,15.55,15.61,12.4047,213300,0.0,1.0
2004-06-14,15.61,15.68,15.11,15.23,12.1028,249500,0.0,1.0
2004-06-15,15.48,15.75,15.42,15.59,12.3889,259700,0.0,1.0
2004-06-16,15.65,15.69,15.36,15.62,12.4127,288000,0.0,1.0
2004-06-17,15.67,15.97,15.44,15.92,12.6511,410500,0.0,1.0
2004-06-18,15.92,16.34,15.86,16.3,12.9531,597000,0.0,1.0
2004-06-21,16.31,16.6,15.5,15.93,12.659,594900,0.0,1.0
2004-06-22,15.9,15.9,15.26,15.59,12.3889,439600,0.0,1.0
2004-06-23,15.46,15.65,15.29,15.49,12.3094,524700,0.0,1.0
2004-06-24,15.55,15.65,15.4,15.47,12.2935,621100,0.0,1.0
2004-06-25,15.66,15.9,15.45,15.5,12.3173,426200,0.0,1.0
2004-06-28,15.78,16.35,15.62,15.95,12.6749,1086800,0.0,1.0
2004-06-29,16.15,16.23,15.91,16.11,12.8021,459800,0.0,1.0
2004-06-30,16.08,16.17,15.87,15.96,12.6829,305400,0.0,1.0
2004-07-01,16.0,16.2,15.78,16.07,12.7703,372200,0.0,1.0
2004-07-02,16.08,16.16,15.95,16.15,12.8339,519500,0.0,1.0
2004-07-06,16.15,16.2,15.85,16.15,12.8339,419300,0.0,1.0
2004-07-07,16.1,16.47,16.1,16.46,13.0802,417900,0.0,1.0
2004-07-08,16.45,16.45,15.83,15.83,12.5796,569800,0.0,1.0
2004-07-09,15.9,16.35,15.69,16.35,12.9928,384200,0.0,1.0
2004-07-12,16.3,16.35,16.05,16.26,12.9213,165900,0.0,1.0
2004-07-13,16.22,16.52,16.2,16.48,13.0961,256600,0.0,1.0
2004-07-14,16.43,16.6,16.16,16.47,13.0882,312400,0.0,1.0
2004-07-15,16.5,16.65,16.45,16.46,13.0802,150100,0.0,1.0
2004-07-16,16.5,16.65,16.23,16.33,12.9769,257300,0.0,1.0
2004-07-19,16.4,16.62,16.16,16.4,13.0325,384800,0.0,1.0
2004-07-20,16.44,17.23,16.348,17.1,13.5888,575100,0.0,1.0
2004-07-21,17.09,17.09,16.74,16.85,13.3901,497300,0.0,1.0
2004-07-22,16.84,16.84,15.86,16.23,12.8974,460000,0.0,1.0
2004-07-23,16.13,16.13,15.71,15.71,12.4842,295400,0.0,1.0
2004-07-26,15.81,16.0,15.26,15.36,12.2061,399900,0.0,1.0
2004-07-27,15.33,15.83,15.25,15.65,12.4365,617300,0.0,1.0
2004-07-28,15.68,15.89,15.5,15.71,12.4842,257600,0.0,1.0
2004-07-29,15.91,16.02,15.73,15.85,12.5955,173600,0.0,1.0
2004-07-30,15.8,16.15,15.56,15.98,12.6988,224900,0.0,1.0
2004-08-02,15.88,16.24,15.68,15.98,12.6988,190400,0.0,1.0
2004-08-03,15.98,15.98,15.56,15.59,12.3889,246300,0.0,1.0
2004-08-04,15.6,15.6,15.16,15.51,12.3253,270800,0.0,1.0
2004-08-05,15.47,15.47,14.6,14.6,11.6021,388200,0.0,1.0
2004-08-06,14.33,14.55,14.13,14.2,11.2843,456600,0.0,1.0
2004-08-09,15.4,16.74,15.4,15.99,12.7067,1247800,0.0,1.0
2004-08-10,16.0,16.0,15.46,15.7,12.4763,533800,0.0,1.0
2004-08-11,15.7,15.7,14.88,14.91,11.8485,657500,0.0,1.0
2004-08-12,14.91,15.12,14.52,14.98,11.9041,695600,0.0,1.0
2004-08-13,15.0,15.14,14.76,14.94,11.8723,295400,0.0,1.0
2004-08-16,15.0,15.65,15.0,15.45,12.2776,307300,0.0,1.0
2004-08-17,15.56,15.78,15.43,15.5,12.3173,507000,0.0,1.0
2004-08-18,15.5,15.87,15.26,15.87,12.6114,197700,0.0,1.0
2004-08-19,15.82,16.26,15.65,15.99,12.7067,487800,0.0,1.0
2004-08-20,16.0,16.1,15.37,16.01,12.7226,696400,0.0,1.0
2004-08-23,16.2,16.28,15.73,15.8,12.5557,502500,0.0,1.0
2004-08-24,15.8,16.15,15.78,15.87,12.6114,311300,0.0,1.0
2004-08-25,15.8,16.0,15.54,15.88,12.6193,361000,0.0,1.0
2004-08-26,15.9,16.11,15.66,15.95,12.6749,215000,0.0,1.0
2004-08-27,15.91,16.07,15.78,15.92,12.6511,187100,0.0,1.0
2004-08-30,15.91,15.95,15.7,15.92,12.6511,393300,0.0,1.0
2004-08-31,15.92,16.05,15.7,15.99,12.7067,498000,0.0,1.0
2004-09-01,15.95,16.16,15.69,15.79,12.5478,293900,0.0,1.0
2004-09-02,15.82,15.99,15.74,15.82,12.5716,374800,0.0,1.0
2004-09-03,15.8,15.94,15.54,15.68,12.4604,171000,0.0,1.0
2004-09-07,15.8,15.81,15.5,15.65,12.4365,308300,0.0,1.0
2004-09-08,15.68,15.78,15.45,15.45,12.2776,153300,0.0,1.0
2004-09-09,15.46,15.78,15.46,15.54,12.3491,228500,0.0,1.0
2004-09-10,15.56,15.56,15.22,15.22,12.0948,298200,0.0,1.0
2004-09-13,15.21,15.5,15.21,15.3,12.1584,427500,0.0,1.0
2004-09-14,15.3,15.3,15.0,15.03,11.9438,381900,0.0,1.0
2004-09-15,15.04,15.3,15.02,15.11,12.0074,212900,0.0,1.0
2004-09-16,15.21,15.4,15.13,15.36,12.2061,234900,0.0,1.0
2004-09-17,15.7,15.7,15.34,15.66,12.4445,380400,0.0,1.0
2004-09-20,15.66,15.74,15.57,15.64,12.4286,331600,0.0,1.0
2004-09-21,15.64,15.65,15.31,15.34,12.1902,227600,0.0,1.0
2004-09-22,15.31,15.31,14.97,15.21,12.0869,397700,0.0,1.0
2004-09-23,15.17,15.36,15.07,15.09,11.9915,172800,0.0,1.0
2004-09-24,15.05,15.27,15.05,15.11,12.0074,163800,0.0,1.0
2004-09-27,15.11,15.33,14.98,15.02,11.9359,323100,0.0,1.0
2004-09-28,15.12,15.35,15.01,15.33,12.1822,223600,0.0,1.0
2004-09-29,15.23,15.44,15.17,15.33,12.1822,233600,0.0,1.0
2004-09-30,15.35,15.75,15.33,15.72,12.4922,431000,0.0,1.0
2004-10-01,15.62,16.2,15.62,16.14,12.8259,549200,0.0,1.0
2004-10-04,16.25,16.88,16.25,16.82,13.3663,602900,0.0,1.0
2004-10-05,16.72,16.85,16.38,16.8,13.3504,468400,0.0,1.0
2004-10-06,16.81,17.08,16.8,17.0,13.5093,412600,0.0,1.0
2004-10-07,17.01,17.05,16.8,17.05,13.5491,482100,0.0,1.0
2004-10-08,17.0,17.09,16.85,17.01,13.5173,343600,0.0,1.0
2004-10-11,17.01,17.1,16.82,16.82,13.3663,179500,0.0,1.0
2004-10-12,16.94,17.62,16.86,17.52,13.9226,774300,0.0,1.0
2004-10-13,17.72,17.79,17.4,17.5,13.9067,334300,0.0,1.0
2004-10-14,17.5,17.66,17.28,17.51,13.9146,369000,0.0,1.0
2004-10-15,17.52,17.93,17.44,17.87,14.2007,320300,0.0,1.0
2004-10-18,17.65,17.8,17.26,17.75,14.1053,509300,0.0,1.0
2004-10-19,17.95,17.95,17.61,17.68,14.0497,431900,0.0,1.0
2004-10-20,17.65,17.76,17.6,17.7,14.0656,348400,0.0,1.0
2004-10-21,17.68,18.08,17.6,17.85,14.1848,215500,0.0,1.0
2004-10-22,18.04,18.07,17.72,17.95,14.2643,306100,0.0,1.0
2004-10-25,17.88,18.12,17.57,18.03,14.3278,318700,0.0,1.0
2004-10-26,17.99,18.51,17.86,18.42,14.6378,476000,0.0,1.0
2004-10-27,18.42,18.83,18.36,18.8,14.9397,218700,0.0,1.0
2004-10-28,18.8,18.95,18.61,18.7,14.8603,314000,0.0,1.0
2004-10-29,18.75,18.75,18.24,18.69,14.8523,303800,0.0,1.0
2004-11-01,18.69,18.8,18.49,18.67,14.8364,191700,0.0,1.0
2004-11-02,18.63,18.64,18.3,18.35,14.5821,199200,0.0,1.0
2004-11-03,18.65,18.72,18.43,18.66,14.8285,202400,0.0,1.0
2004-11-04,18.66,18.98,18.62,18.9,15.0192,194700,0.0,1.0
2004-11-05,19.0,19.24,18.13,18.41,14.6298,1108400,0.0,1.0
2004-11-08,18.48,18.48,17.4,17.41,13.8352,1219200,0.0,1.0
2004-11-09,17.33,17.78,16.92,17.08,13.5729,1116500,0.0,1.0
2004-11-10,17.2,17.43,16.97,17.25,13.708,642700,0.0,1.0
2004-11-11,17.29,17.39,15.6,15.77,12.5319,1777000,0.0,1.0
2004-11-12,15.93,15.99,15.1,15.5,12.3173,1000200,0.0,1.0
2004-11-15,15.55,15.59,15.18,15.53,12.3412,623800,0.0,1.0
2004-11-16,15.2,15.56,15.14,15.36,12.2061,719100,0.0,1.0
2004-11-17,15.48,15.76,15.39,15.76,12.5239,621900,0.0,1.0
2004-11-18,15.75,15.76,15.2,15.64,12.4286,653400,0.0,1.0
2004-11-19,15.63,15.72,15.31,15.52,12.3332,939900,0.0,1.0
2004-11-22,15.4,15.73,15.35,15.66,12.4445,720300,0.0,1.0
2004-11-23,15.7,15.86,15.61,15.73,12.5001,642000,0.0,1.0
2004-11-24,15.76,15.9,15.55,15.77,12.5319,287200,0.0,1.0
2004-11-26,15.8,15.88,15.62,15.68,12.4604,61100,0.0,1.0
2004-11-29,15.84,15.87,15.5,15.69,12.4683,314100,0.0,1.0
2004-11-30,15.57,15.89,15.57,15.68,12.4604,384500,0.0,1.0
2004-12-01,15.68,15.9,15.68,15.8,12.5557,829900,0.0,1.0
2004-12-02,15.82,17.54,15.75,17.38,13.8113,1480700,0.0,1.0
2004-12-03,17.05,17.35,16.9,17.07,13.565,605400,0.0,1.0
2004-12-06,17.17,17.38,17.02,17.19,13.6603,358700,0.0,1.0
2004-12-07,17.24,17.35,16.9,16.91,13.4378,240800,0.0,1.0
2004-12-08,17.0,17.24,16.91,17.22,13.6842,274800,0.0,1.0
2004-12-09,17.17,17.17,16.57,16.74,13.3027,345400,0.0,1.0
2004-12-10,16.5,16.86,16.26,16.6,13.1915,300300,0.0,1.0
2004-12-13,16.46,16.95,16.46,16.83,13.3742,302700,0.0,1.0
2004-12-14,16.8,17.01,16.77,17.0,13.5093,241800,0.0,1.0
2004-12-15,16.96,17.5,16.95,17.42,13.8431,318500,0.0,1.0
2004-12-16,18.0,18.68,17.9,18.12,14.3994,1320100,0.0,1.0
2004-12-17,18.02,18.45,17.66,18.35,14.5821,746100,0.0,1.0
2004-12-20,18.35,18.41,17.9,17.94,14.2563,404200,0.0,1.0
2004-12-21,18.01,18.82,18.01,18.75,14.9,752400,0.0,1.0
2004-12-22,18.75,18.84,18.62,18.79,14.9318,223000,0.0,1.0
2004-12-23,18.79,18.82,18.5,18.73,14.8841,92700,0.0,1.0
2004-12-27,18.45,18.65,18.1,18.27,14.5186,192400,0.0,1.0
2004-12-28,18.25,18.72,18.22,18.72,14.8762,238500,0.0,1.0
2004-12-29,18.64,18.8,18.56,18.65,14.8205,142400,0.0,1.0
2004-12-30,18.72,18.72,18.44,18.49,14.6934,222500,0.0,1.0
2004-12-31,18.47,18.51,18.16,18.16,14.4312,227500,0.0,1.0
2005-01-03,18.19,18.58,17.92,18.01,14.312,462700,0.0,1.0
2005-01-04,18.09,18.1,17.75,17.87,14.2007,339800,0.0,1.0
2005-01-05,17.77,17.9,17.41,17.49,13.8987,296200,0.0,1.0
2005-01-06,17.51,17.73,17.42,17.59,13.9782,217200,0.0,1.0
2005-01-07,17.6,17.81,17.17,17.17,13.6444,225100,0.0,1.0
2005-01-10,17.13,17.74,17.13,17.43,13.851,183300,0.0,1.0
2005-01-11,17.49,17.76,17.23,17.45,13.8669,190200,0.0,1.0
2005-01-12,17.4,17.4,17.07,17.29,13.7398,277900,0.0,1.0
2005-01-13,17.33,17.43,17.05,17.12,13.6047,249300,0.0,1.0
2005-01-14,17.22,17.52,17.11,17.43,13.851,249000,0.0,1.0
2005-01-18,17.33,17.92,17.17,17.85,14.1848,207800,0.0,1.0
2005-01-19,17.77,18.08,17.69,17.75,14.1053,469000,0.0,1.0
2005-01-20,17.6,17.6,17.3,17.31,13.7557,294200,0.0,1.0
2005-01-21,17.47,17.47,17.18,17.25,13.708,252800,0.0,1.0
2005-01-24,17.31,17.47,17.25,17.3,13.7477,328300,0.0,1.0
2005-01-25,17.35,17.52,17.25,17.31,13.7557,198900,0.0,1.0
2005-01-26,17.41,17.53,17.29,17.49,13.8987,393200,0.0,1.0
2005-01-27,17.55,17.62,17.34,17.45,13.8669,310200,0.0,1.0
2005-01-28,17.42,17.57,17.26,17.35,13.7875,207700,0.0,1.0
2005-01-31,17.5,17.99,17.5,17.94,14.2563,351900,0.0,1.0
2005-02-01,17.93,18.02,17.69,17.75,14.1053,293700,0.0,1.0
2005-02-02,17.75,17.9,17.68,17.78,14.1292,198300,0.0,1.0
2005-02-03,17.78,17.88,17.55,17.83,14.1689,197500,0.0,1.0
2005-02-04,17.76,17.92,17.7,17.92,14.2404,230800,0.0,1.0
2005-02-07,17.98,18.03,17.54,17.98,14.2881,268100,0.0,1.0
2005-02-08,17.97,18.19,17.9,18.07,14.3596,222500,0.0,1.0
2005-02-09,18.08,18.08,17.38,17.4,13.8272,244400,0.0,1.0
2005-02-10,17.34,17.57,17.3,17.55,13.9464,198300,0.0,1.0
2005-02-11,17.55,17.61,17.24,17.4,13.8272,230100,0.0,1.0
2005-02-14,17.35,17.81,17.34,17.79,14.1371,144000,0.0,1.0
2005-02-15,17.7,17.93,17.64,17.8,14.1451,289500,0.0,1.0
2005-02-16,17.83,17.87,17.69,17.8,14.1451,169300,0.0,1.0
2005-02-17,17.73,17.74,17.41,17.55,13.9464,242500,0.0,1.0
2005-02-18,17.6,17.64,17.24,17.35,13.7875,167700,0.0,1.0
2005-02-22,17.17,17.29,16.73,16.82,13.3663,194000,0.0,1.0
2005-02-23,16.81,17.16,16.75,16.95,13.4696,316700,0.0,1.0
2005-02-24,16.95,17.68,16.85,17.63,14.01,336400,0.0,1.0
2005-02-25,17.65,17.91,17.53,17.83,14.1689,355000,0.0,1.0
2005-02-28,17.8,17.88,17.67,17.82,14.161,403700,0.0,1.0
2005-03-01,17.82,17.82,17.82,17.82,14.161,288600,0.0,1.0
2005-03-02,18.17,18.48,18.04,18.36,14.5901,460800,0.0,1.0
2005-03-03,18.5,18.54,17.97,18.17,14.4391,281400,0.0,1.0
2005-03-04,18.25,18.68,18.1,18.63,14.8046,370000,0.0,1.0
2005-03-07,18.63,18.63,18.15,18.35,14.5821,269300,0.0,1.0
2005-03-08,18.35,18.39,18.05,18.13,14.4073,182300,0.0,1.0
2005-03-09,18.03,18.56,18.02,18.45,14.6616,294700,0.0,1.0
2005-03-10,18.38,18.65,18.34,18.42,14.6378,432200,0.0,1.0
2005-03-11,18.49,18.64,18.2,18.4,14.6219,414500,0.0,1.0
2005-03-14,18.3,18.43,18.14,18.25,14.5027,422500,0.0,1.0
2005-03-15,18.19,18.45,18.17,18.24,14.4947,245600,0.0,1.0
2005-03-16,18.0,18.41,18.0,18.33,14.5662,564300,0.0,1.0
2005-03-17,17.01,17.11,15.2,15.51,12.3253,2900400,0.0,1.0
2005-03-18,15.51,15.94,15.26,15.69,12.4683,1629600,0.0,1.0
2005-03-21,15.65,15.77,15.31,15.33,12.1822,686200,0.0,1.0
2005-03-22,15.35,15.76,15.35,15.76,12.5239,1002000,0.0,1.0
2005-03-23,15.71,15.86,15.45,15.64,12.4286,1013100,0.0,1.0
2005-03-24,15.66,16.04,15.66,15.94,12.667,587900,0.0,1.0
2005-03-28,16.0,16.53,15.95,16.36,13.0007,780600,0.0,1.0
2005-03-29,16.4,16.6,16.28,16.39,13.0246,635400,0.0,1.0
2005-03-30,16.39,17.09,16.36,16.93,13.4537,904300,0.0,1.0
2005-03-31,16.9,17.08,16.67,16.96,13.4776,545800,0.0,1.0
2005-04-01,17.05,17.05,16.67,16.75,13.3107,406000,0.0,1.0
2005-04-04,16.76,17.47,16.6,17.35,13.7875,766000,0.0,1.0
2005-04-05,17.36,17.53,17.2,17.36,13.7954,526500,0.0,1.0
2005-04-06,17.4,17.53,17.17,17.24,13.7001,430600,0.0,1.0
2005-04-07,17.18,17.5,17.1,17.39,13.8193,258400,0.0,1.0
2005-04-08,17.4,17.75,17.3,17.6,13.9861,425700,0.0,1.0
2005-04-11,17.64,17.73,17.23,17.49,13.8987,309200,0.0,1.0
2005-04-12,17.39,17.95,17.16,17.81,14.153,531000,0.0,1.0
2005-04-13,17.8,18.07,17.62,17.85,14.1848,407200,0.0,1.0
2005-04-14,17.88,18.1,17.7,17.74,14.0974,325000,0.0,1.0
2005-04-15,17.74,17.74,17.1,17.3,13.7477,311200,0.0,1.0
2005-04-18,18.24,18.24,16.9,17.55,13.9464,222700,0.0,1.0
2005-04-19,17.56,17.73,17.14,17.25,13.708,628300,0.0,1.0
2005-04-20,17.25,17.28,16.91,16.93,13.4537,478000,0.0,1.0
2005-04-21,17.0,17.3,16.91,17.28,13.7318,515000,0.0,1.0
2005-04-22,17.25,17.31,16.68,16.92,13.4458,428900,0.0,1.0
2005-04-25,17.0,17.52,17.0,17.33,13.7716,237200,0.0,1.0
2005-04-26,17.23,17.3,16.8,16.88,13.414,172500,0.0,1.0
2005-04-27,16.83,17.24,16.46,17.0,13.5093,231000,0.0,1.0
2005-04-28,16.9,16.93,16.37,16.42,13.0484,259400,0.0,1.0
2005-04-29,16.52,16.54,16.13,16.38,13.0166,424600,0.0,1.0
2005-05-02,16.48,17.04,16.2,16.44,13.0643,336400,0.0,1.0
2005-05-03,16.34,16.6,16.3,16.37,13.0087,386200,0.0,1.0
2005-05-04,16.47,16.47,15.65,15.72,12.4922,1152300,0.0,1.0
2005-05-05,15.78,15.9,15.59,15.64,12.4286,788400,0.0,1.0
2005-05-06,15.68,16.13,15.68,15.99,12.7067,309300,0.0,1.0
2005-05-09,16.06,16.53,15.9,16.13,12.818,471500,0.0,1.0
2005-05-10,16.05,16.45,15.97,16.16,12.8418,380400,0.0,1.0
2005-05-11,15.66,15.88,14.98,15.23,12.1028,1803700,0.0,1.0
2005-05-12,15.1,15.39,14.89,15.12,12.0154,715500,0.0,1.0
2005-05-13,15.1,15.11,14.41,14.49,11.5147,872400,0.0,1.0
2005-05-16,14.43,14.65,14.36,14.43,11.467,513900,0.0,1.0
2005-05-17,14.43,14.5,14.0,14.25,11.324,668000,0.0,1.0
2005-05-18,14.25,14.34,14.14,14.28,11.3478,611600,0.0,1.0
2005-05-19,14.29,14.34,14.02,14.12,11.2207,468800,0.0,1.0
2005-05-20,14.2,14.35,14.09,14.2,11.2843,623300,0.0,1.0
2005-05-23,14.25,14.33,14.0,14.16,11.2525,496100,0.0,1.0
2005-05-24,14.15,14.49,13.8,14.16,11.2525,683100,0.0,1.0
2005-05-25,14.13,14.25,13.76,13.8,10.9664,412100,0.0,1.0
2005-05-26,13.8,14.18,13.79,14.14,11.2366,413100,0.0,1.0
2005-05-27,14.1,14.15,13.87,13.9,11.0459,241900,0.0,1.0
2005-05-31,13.85,14.17,13.72,14.03,11.1492,429900,0.0,1.0
2005-06-01,14.05,14.4,14.02,14.22,11.3002,351300,0.0,1.0
2005-06-02,14.22,14.35,13.93,14.13,11.2286,258700,0.0,1.0
2005-06-03,14.05,14.11,13.78,13.8,10.9664,184400,0.0,1.0
2005-06-06,13.9,14.08,13.8,13.91,11.0538,302800,0.0,1.0
2005-06-07,13.91,14.18,13.9,14.09,11.1969,310000,0.0,1.0
2005-06-08,14.09,14.2,13.9,14.0,11.1253,389700,0.0,1.0
2005-06-09,14.0,14.01,13.72,13.98,11.1094,201500,0.0,1.0
2005-06-10,14.0,14.66,13.82,14.25,11.324,644100,0.0,1.0
2005-06-13,14.23,14.36,14.01,14.13,11.2286,281300,0.0,1.0
2005-06-14,14.1,14.29,14.01,14.03,11.1492,288700,0.0,1.0
2005-06-15,14.1,14.1,13.8,13.86,11.0141,334400,0.0,1.0
2005-06-16,13.87,14.0,13.65,13.8,10.9664,309400,0.0,1.0
2005-06-17,13.85,14.1,13.8,13.92,11.0618,365200,0.0,1.0
2005-06-20,13.82,13.87,13.466,13.52,10.7439,309600,0.0,1.0
2005-06-21,13.55,13.83,13.55,13.69,10.879,232400,0.0,1.0
2005-06-22,13.74,14.06,13.74,13.95,11.0856,284100,0.0,1.0
2005-06-23,13.95,14.2,13.87,13.98,11.1094,366200,0.0,1.0
2005-06-24,13.98,14.2,13.8,14.0,11.1253,466300,0.0,1.0
2005-06-27,13.97,13.97,13.63,13.69,10.879,230100,0.0,1.0
2005-06-28,13.7,13.89,13.68,13.83,10.9902,207100,0.0,1.0
2005-06-29,14.0,14.0,13.62,13.78,10.9505,166100,0.0,1.0
2005-06-30,13.84,13.94,13.68,13.7,10.8869,360200,0.0,1.0
2005-07-01,13.72,13.98,13.72,13.93,11.0697,185300,0.0,1.0
2005-07-05,13.98,14.48,13.96,14.48,11.5068,374600,0.0,1.0
2005-07-06,14.45,14.45,14.1,14.16,11.2525,392800,0.0,1.0
2005-07-07,13.77,14.17,13.65,13.99,11.1174,291000,0.0,1.0
2005-07-08,14.05,14.6,14.05,14.52,11.5386,232000,0.0,1.0
2005-07-11,14.52,14.81,14.36,14.63,11.626,344000,0.0,1.0
2005-07-12,14.6,14.66,14.36,14.48,11.5068,167400,0.0,1.0
2005-07-13,14.51,14.79,14.22,14.54,11.5545,185700,0.0,1.0
2005-07-14,14.7,14.97,14.31,14.44,11.475,139100,0.0,1.0
2005-07-15,14.45,14.53,14.27,14.5,11.5227,92700,0.0,1.0
2005-07-18,14.55,14.65,14.31,14.31,11.3717,256200,0.0,1.0
2005-07-19,14.45,14.78,14.39,14.61,11.6101,250100,0.0,1.0
2005-07-20,14.65,14.76,14.49,14.68,11.6657,195700,0.0,1.0
2005-07-21,14.69,14.85,14.31,14.51,11.5306,184700,0.0,1.0
2005-07-22,14.51,14.95,14.51,14.93,11.8644,313500,0.0,1.0
2005-07-25,14.9,15.11,14.56,14.76,11.7293,360900,0.0,1.0
2005-07-26,14.86,15.04,14.69,14.91,11.8485,295300,0.0,1.0
2005-07-27,15.01,15.04,14.89,15.0,11.92,256400,0.0,1.0
2005-07-28,15.0,15.05,14.91,14.99,11.9121,277800,0.0,1.0
2005-07-29,14.99,15.08,14.8,15.01,11.9279,296100,0.0,1.0
2005-08-01,15.01,15.3,14.87,15.26,12.1266,607500,0.0,1.0
2005-08-02,15.26,15.73,15.16,15.69,12.4683,657700,0.0,1.0
2005-08-03,15.69,15.78,15.5,15.71,12.4842,735900,0.0,1.0
2005-08-04,15.65,15.65,15.5,15.58,12.3809,403000,0.0,1.0
2005-08-05,15.55,15.6,15.31,15.57,12.373,385900,0.0,1.0
2005-08-08,15.75,15.76,15.45,15.55,12.3571,317600,0.0,1.0
2005-08-09,16.05,16.9,16.02,16.84,13.3822,898400,0.0,1.0
2005-08-10,17.0,17.64,16.99,17.49,13.8987,986300,0.0,1.0
2005-08-11,17.35,17.51,17.18,17.5,13.9067,515800,0.0,1.0
2005-08-12,17.5,17.64,17.33,17.57,13.9623,319700,0.0,1.0
2005-08-15,17.57,17.69,17.41,17.53,13.9305,385700,0.0,1.0
2005-08-16,17.62,17.62,17.1,17.11,13.5968,334300,0.0,1.0
2005-08-17,17.02,17.25,16.91,16.95,13.4696,297100,0.0,1.0
2005-08-18,17.05,17.07,16.74,16.85,13.3901,240100,0.0,1.0
2005-08-19,16.8,16.8,16.59,16.68,13.255,226300,0.0,1.0
2005-08-22,16.68,16.97,16.53,16.97,13.4855,253900,0.0,1.0
2005-08-23,17.07,17.38,17.01,17.16,13.6365,354500,0.0,1.0
2005-08-24,17.11,17.66,17.1,17.34,13.7795,453100,0.0,1.0
2005-08-25,17.35,17.58,17.33,17.52,13.9226,306200,0.0,1.0
2005-08-26,17.52,17.57,17.05,17.05,13.5491,243300,0.0,1.0
2005-08-29,17.06,17.29,17.0,17.2,13.6683,213400,0.0,1.0
2005-08-30,17.12,17.14,16.6,16.76,13.3186,474900,0.0,1.0
2005-08-31,16.77,17.43,16.71,17.39,13.8193,432700,0.0,1.0
2005-09-01,17.39,17.46,17.14,17.19,13.6603,266600,0.0,1.0
2005-09-02,17.19,17.28,16.94,16.98,13.4934,129100,0.0,1.0
2005-09-06,17.2,17.42,17.06,17.42,13.8431,398700,0.0,1.0
2005-09-07,17.4,17.45,17.28,17.43,13.851,309600,0.0,1.0
2005-09-08,17.5,18.31,17.49,18.3,14.5424,703600,0.0,1.0
2005-09-09,17.95,18.29,17.65,17.85,14.1848,2703200,0.0,1.0
2005-09-12,17.85,18.0,17.5,17.7,14.0656,657900,0.0,1.0
2005-09-13,17.72,17.94,17.6,17.75,14.1053,427400,0.0,1.0
2005-09-14,17.7,17.82,17.42,17.46,13.8749,512900,0.0,1.0
2005-09-15,17.85,17.85,16.92,17.06,13.557,980800,0.0,1.0
2005-09-16,17.12,17.7,17.1,17.22,13.6842,1025500,0.0,1.0
2005-09-19,17.25,17.35,16.84,17.02,13.5252,546600,0.0,1.0
2005-09-20,16.97,17.22,16.6,16.62,13.2074,297600,0.0,1.0
2005-09-21,16.62,16.62,15.97,16.25,12.9133,484000,0.0,1.0
2005-09-22,16.25,16.44,16.08,16.34,12.9849,200000,0.0,1.0
2005-09-23,16.3,16.5,16.12,16.43,13.0564,198800,0.0,1.0
2005-09-26,16.47,16.65,16.07,16.31,12.961,276500,0.0,1.0
2005-09-27,16.34,16.63,16.11,16.45,13.0723,275900,0.0,1.0
2005-09-28,16.6,16.6,16.16,16.3,12.9531,389100,0.0,1.0
2005-09-29,16.3,16.3,16.08,16.2,12.8736,207500,0.0,1.0
2005-09-30,16.2,16.72,16.03,16.72,13.2868,427700,0.0,1.0
2005-10-03,16.72,17.05,16.68,16.76,13.3186,300000,0.0,1.0
2005-10-04,16.79,17.0,16.71,16.75,13.3107,290300,0.0,1.0
2005-10-05,16.75,16.75,16.0,16.05,12.7544,440100,0.0,1.0
2005-10-06,16.06,16.34,15.94,16.1,12.7941,265100,0.0,1.0
2005-10-07,16.13,16.25,15.9,16.07,12.7703,472200,0.0,1.0
2005-10-10,16.57,16.87,16.13,16.16,12.8418,519300,0.0,1.0
2005-10-11,16.18,16.63,16.18,16.55,13.1517,669000,0.0,1.0
2005-10-12,16.47,16.47,15.62,16.0,12.7147,381900,0.0,1.0
2005-10-13,16.0,16.15,15.8,16.04,12.7465,444700,0.0,1.0
2005-10-14,16.05,16.18,15.82,16.17,12.8498,414000,0.0,1.0
2005-10-17,16.19,16.3,15.98,16.05,12.7544,361100,0.0,1.0
2005-10-18,16.05,16.05,16.05,16.05,12.7544,644300,0.0,1.0
2005-10-19,15.85,16.1,15.33,15.99,12.7067,403600,0.0,1.0
2005-10-20,15.89,15.94,15.22,15.41,12.2458,478700,0.0,1.0
2005-10-21,15.4,15.48,15.12,15.27,12.1346,290100,0.0,1.0
2005-10-24,15.35,15.61,15.24,15.59,12.3889,216200,0.0,1.0
2005-10-25,15.55,15.58,15.31,15.53,12.3412,148400,0.0,1.0
2005-10-26,15.62,15.86,15.31,15.4,12.2379,268700,0.0,1.0
2005-10-27,15.44,15.54,15.01,15.08,11.9836,238100,0.0,1.0
2005-10-28,15.25,15.32,15.03,15.27,12.1346,304500,0.0,1.0
2005-10-31,15.45,15.75,15.44,15.57,12.373,307200,0.0,1.0
2005-11-01,15.57,15.73,15.41,15.51,12.3253,371600,0.0,1.0
2005-11-02,15.51,16.03,15.51,15.9,12.6352,274300,0.0,1.0
2005-11-03,16.04,16.33,15.71,15.85,12.5955,290700,0.0,1.0
2005-11-04,15.85,16.03,15.76,15.9,12.6352,226500,0.0,1.0
2005-11-07,15.9,16.04,15.59,16.01,12.7226,383100,0.0,1.0
2005-11-08,16.26,17.3,16.23,17.06,13.557,833500,0.0,1.0
2005-11-09,17.1,17.86,16.85,17.48,13.8908,837300,0.0,1.0
2005-11-10,17.55,17.57,16.97,17.51,13.9146,484800,0.0,1.0
2005-11-11,17.51,17.8,17.05,17.71,14.0736,536000,0.0,1.0
2005-11-14,17.85,18.07,17.74,17.9,14.2245,563400,0.0,1.0
2005-11-15,17.93,18.04,17.73,17.85,14.1848,707200,0.0,1.0
2005-11-16,17.87,17.9,17.43,17.75,14.1053,220100,0.0,1.0
2005-11-17,17.79,18.21,17.79,18.21,14.4709,270500,0.0,1.0
2005-11-18,18.3,19.38,18.04,19.24,15.2894,989000,0.0,1.0
2005-11-21,19.24,19.32,18.9,19.26,15.3053,528400,0.0,1.0
2005-11-22,19.15,19.21,18.95,19.17,15.2338,419800,0.0,1.0
2005-11-23,19.17,19.41,19.04,19.15,15.2179,245800,0.0,1.0
2005-11-25,19.1,19.15,18.75,19.1,15.1781,71800,0.0,1.0
2005-11-28,19.05,19.07,18.74,18.92,15.0351,265900,0.0,1.0
2005-11-29,19.1,19.19,18.66,18.82,14.9556,370700,0.0,1.0
2005-11-30,19.0,19.1,18.83,19.03,15.1225,427900,0.0,1.0
2005-12-01,19.0,19.15,18.62,19.07,15.1543,414900,0.0,1.0
2005-12-02,19.07,19.46,19.07,19.43,15.4404,381500,0.0,1.0
2005-12-05,19.4,19.41,18.85,19.11,15.1861,512900,0.0,1.0
2005-12-06,19.2,19.4,18.9,18.95,15.0589,460200,0.0,1.0
2005-12-07,18.99,19.08,18.86,18.9,15.0192,485700,0.0,1.0
2005-12-08,18.88,18.95,18.33,18.66,14.8285,231200,0.0,1.0
2005-12-09,18.65,18.98,18.5,18.91,15.0272,431900,0.0,1.0
2005-12-12,18.91,18.92,18.39,18.59,14.7729,367700,0.0,1.0
2005-12-13,18.54,18.68,18.35,18.49,14.6934,301500,0.0,1.0
2005-12-14,18.57,18.63,18.26,18.52,14.7172,367900,0.0,1.0
2005-12-15,18.55,18.58,18.11,18.37,14.598,274800,0.0,1.0
2005-12-16,18.38,18.38,17.7,17.76,14.1133,931400,0.0,1.0
2005-12-19,17.95,17.95,17.52,17.68,14.0497,813400,0.0,1.0
2005-12-20,17.9,18.07,17.74,17.9,14.2245,410400,0.0,1.0
2005-12-21,17.9,18.03,17.82,17.99,14.2961,306500,0.0,1.0
2005-12-22,18.09,18.2,17.89,17.97,14.2802,282400,0.0,1.0
2005-12-23,18.05,18.11,17.96,18.03,14.3278,174300,0.0,1.0
2005-12-27,18.16,18.24,17.9,18.1,14.3835,505300,0.0,1.0
2005-12-28,18.1,18.24,17.98,18.12,14.3994,189300,0.0,1.0
2005-12-29,18.1,18.62,18.01,18.51,14.7093,361400,0.0,1.0
2005-12-30,18.5,18.66,18.11,18.36,14.5901,508200,0.0,1.0
2006-01-03,18.8,19.0,18.18,18.97,15.0748,666400,0.0,1.0
2006-01-04,18.94,18.94,18.54,18.6,14.7808,471600,0.0,1.0
2006-01-05,18.49,18.55,18.3,18.55,14.7411,449500,0.0,1.0
2006-01-06,18.57,19.14,18.35,19.11,15.1861,402100,0.0,1.0
2006-01-09,19.14,19.9,19.11,19.85,15.7741,994600,0.0,1.0
2006-01-10,19.71,19.96,19.6,19.96,15.8616,536400,0.0,1.0
2006-01-11,19.96,19.99,19.56,19.92,15.8298,475100,0.0,1.0
2006-01-12,19.97,20.06,19.61,19.73,15.6788,394300,0.0,1.0
2006-01-13,19.73,19.91,19.72,19.8,15.7344,461900,0.0,1.0
2006-01-17,19.6,19.69,19.37,19.54,15.5278,214600,0.0,1.0
2006-01-18,19.45,19.7599,19.19,19.34,15.3689,308100,0.0,1.0
2006-01-19,19.35,19.35,18.96,19.22,15.2735,320400,0.0,1.0
2006-01-20,19.23,19.3,18.88,19.01,15.1066,398500,0.0,1.0
2006-01-23,19.01,19.09,18.79,18.96,15.0669,236800,0.0,1.0
2006-01-24,19.0,19.21,18.73,18.89,15.0113,291800,0.0,1.0
2006-01-25,18.89,19.06,18.45,18.8,14.9397,406900,0.0,1.0
2006-01-26,18.86,19.37,18.83,19.35,15.3768,392100,0.0,1.0
2006-01-27,19.35,19.72,19.3,19.65,15.6152,406800,0.0,1.0
2006-01-30,19.75,19.85,19.41,19.46,15.4642,202000,0.0,1.0
2006-01-31,19.47,20.0,19.33,19.89,15.8059,289800,0.0,1.0
2006-02-01,19.88,20.86,19.85,20.8,16.5291,719000,0.0,1.0
2006-02-02,20.8,20.8,20.13,20.24,16.0841,321500,0.0,1.0
2006-02-03,20.25,20.43,19.99,20.04,15.9251,315200,0.0,1.0
2006-02-06,19.99,20.1,19.67,20.08,15.9569,246700,0.0,1.0
2006-02-07,19.99,20.09,19.73,19.8,15.7344,278200,0.0,1.0
2006-02-08,20.0,20.1,19.96,20.05,15.9331,404500,0.0,1.0
2006-02-09,20.1,20.61,20.09,20.27,16.1079,334000,0.0,1.0
2006-02-10,20.2,20.25,19.9,20.13,15.9966,277600,0.0,1.0
2006-02-13,20.0,20.31,19.95,20.25,16.092,384800,0.0,1.0
2006-02-14,20.4,21.39,20.4,21.18,16.831,1453400,0.0,1.0
2006-02-15,21.4,21.86,21.16,21.26,16.8946,609300,0.0,1.0
2006-02-16,21.26,21.68,21.26,21.57,17.141,512300,0.0,1.0
2006-02-17,21.72,21.82,21.55,21.69,17.2363,466900,0.0,1.0
2006-02-21,21.52,21.8,20.79,21.02,16.7039,436300,0.0,1.0
2006-02-22,21.03,21.47,20.99,21.28,16.9105,390300,0.0,1.0
2006-02-23,21.28,21.51,21.07,21.15,16.8072,567700,0.0,1.0
2006-02-24,21.06,21.45,20.84,21.25,16.8867,295400,0.0,1.0
2006-02-27,21.25,21.49,21.18,21.38,16.99,468900,0.0,1.0
2006-02-28,21.33,21.33,20.8,21.12,16.7834,537000,0.0,1.0
2006-03-01,21.2,21.33,21.1,21.24,16.8787,412800,0.0,1.0
2006-03-02,21.24,21.25,20.93,21.1,16.7675,219700,0.0,1.0
2006-03-03,20.92,21.18,20.92,21.0,16.688,712000,0.0,1.0
2006-03-06,20.05,21.11,20.05,21.04,16.7198,227200,0.0,1.0
2006-03-07,20.94,21.08,20.79,20.86,16.5768,262100,0.0,1.0
2006-03-08,22.5,23.88,21.4,23.4,18.5952,2391600,0.0,1.0
2006-03-09,23.95,24.19,23.14,23.21,18.4442,1105100,0.0,1.0
2006-03-10,23.2,23.49,22.88,23.35,18.5555,954300,0.0,1.0
2006-03-13,23.42,23.55,23.28,23.35,18.5555,973600,0.0,1.0
2006-03-14,23.35,23.8,23.26,23.7,18.8336,918700,0.0,1.0
2006-03-15,23.75,24.19,23.73,24.09,19.1435,846500,0.0,1.0
2006-03-16,24.95,25.2,24.15,24.21,19.2389,1409900,0.0,1.0
2006-03-17,23.96,24.21,23.77,23.84,18.9449,939400,0.0,1.0
2006-03-20,23.96,24.46,23.8501,24.21,19.2389,629300,0.0,1.0
2006-03-21,24.0,24.64,23.94,24.54,19.5011,949600,0.0,1.0
2006-03-22,24.51,25.14,24.46,25.07,19.9223,1216900,0.0,1.0
2006-03-23,25.1,25.65,25.05,25.57,20.3196,640200,0.0,1.0
2006-03-24,25.56,26.04,25.42,26.02,20.6772,668700,0.0,1.0
2006-03-27,26.06,26.87,25.89,26.6,21.1381,794600,0.0,1.0
2006-03-28,26.62,26.97,26.02,26.51,21.0666,716200,0.0,1.0
2006-03-29,26.71,28.15,26.71,28.03,22.2745,1101500,0.0,1.0
2006-03-30,28.15,29.3,27.41,28.21,22.4176,1748200,0.0,1.0
2006-03-31,28.11,29.05,28.0,29.04,23.0771,963300,0.0,1.0
2006-04-03,29.5,29.97,29.28,29.45,23.4029,1037600,0.0,1.0
2006-04-04,29.45,30.0,29.31,30.0,23.84,1201100,0.0,1.0
2006-04-05,29.9,30.17,29.34,29.86,23.7288,862800,0.0,1.0
2006-04-06,29.55,32.27,29.53,31.26,24.8413,1618000,0.0,1.0
2006-04-07,30.85,31.77,30.05,30.31,24.0864,1172500,0.0,1.0
2006-04-10,30.6,30.6,29.38,29.99,23.8321,859500,0.0,1.0
2006-04-11,28.56,28.66,28.19,28.54,22.6798,1701200,0.0,1.0
2006-04-12,28.32,28.69,28.11,28.51,22.656,894300,0.0,1.0
2006-04-13,28.52,29.74,28.45,29.46,23.4109,572500,0.0,1.0
2006-04-17,29.4,29.4,28.72,28.83,22.9102,559500,0.0,1.0
2006-04-18,28.93,30.69,28.9,30.39,24.1499,948800,0.0,1.0
2006-04-19,30.09,30.5,29.43,30.45,24.1976,792400,0.0,1.0
2006-04-20,30.0,30.35,29.8,30.3,24.0784,338200,0.0,1.0
2006-04-21,30.49,30.49,29.65,29.79,23.6731,452600,0.0,1.0
2006-04-24,29.7,29.9,29.3,29.87,23.7367,303500,0.0,1.0
2006-04-25,29.86,29.97,29.5,29.95,23.8003,424700,0.0,1.0
2006-04-26,29.91,30.41,29.61,29.77,23.6572,573500,0.0,1.0
2006-04-27,29.52,30.15,29.21,29.68,23.5857,890500,0.0,1.0
2006-04-28,29.43,30.05,29.35,29.99,23.8321,514900,0.0,1.0
2006-05-01,30.5,31.17,30.45,30.78,24.4598,1154800,0.0,1.0
2006-05-02,30.78,31.59,30.64,31.32,24.889,1296200,0.0,1.0
2006-05-03,31.24,31.72,31.13,31.51,25.04,545700,0.0,1.0
2006-05-04,32.58,32.98,31.72,32.11,25.5168,1088300,0.0,1.0
2006-05-05,32.01,32.3775,31.97,32.15,25.5485,765200,0.0,1.0
2006-05-08,32.2,33.84,32.11,33.81,26.8677,1200800,0.0,1.0
2006-05-09,32.8,32.85,30.43,31.85,25.3101,2734500,0.0,1.0
2006-05-10,31.3,31.75,30.89,31.08,24.6982,826600,0.0,1.0
2006-05-11,31.08,31.67,30.41,30.52,24.2532,726900,0.0,1.0
2006-05-12,30.52,30.61,29.73,29.85,23.7208,907700,0.0,1.0
2006-05-15,29.85,29.99,29.3,29.54,23.4745,1190500,0.0,1.0
2006-05-16,29.63,30.19,29.62,29.95,23.8003,1000600,0.0,1.0
2006-05-17,29.7,29.95,28.78,28.84,22.9182,623000,0.0,1.0
2006-05-18,29.05,29.2,28.49,28.54,22.6798,616900,0.0,1.0
2006-05-19,28.31,28.75,27.96,28.51,22.656,626300,0.0,1.0
2006-05-22,28.26,28.5,27.07,27.64,21.9646,968600,0.0,1.0
2006-05-23,27.8,28.96,27.76,28.24,22.4414,690000,0.0,1.0
2006-05-24,28.3,28.51,26.76,27.79,22.0838,1348400,0.0,1.0
2006-05-25,27.95,28.05,27.36,27.94,22.203,532600,0.0,1.0
2006-05-26,28.04,28.3,27.54,27.89,22.1633,502500,0.0,1.0
2006-05-30,27.73,27.77,26.53,26.54,21.0905,707700,0.0,1.0
2006-05-31,26.57,26.98,26.32,26.75,21.2573,770600,0.0,1.0
2006-06-01,27.45,28.04,27.0,27.97,22.2268,858500,0.0,1.0
2006-06-02,28.22,28.53,27.49,27.75,22.052,574700,0.0,1.0
2006-06-05,27.75,27.79,26.11,26.2,20.8203,814100,0.0,1.0
2006-06-06,26.19,26.19,24.84,25.3,20.1051,1355300,0.0,1.0
2006-06-07,25.3,25.49,24.44,24.48,19.4534,884600,0.0,1.0
2006-06-08,24.45,24.7,23.0,24.42,19.4058,1433500,0.0,1.0
2006-06-09,24.92,25.38,23.53,23.89,18.9846,725800,0.0,1.0
2006-06-12,25.12,25.42,22.88,24.31,19.3184,1564500,0.0,1.0
2006-06-13,24.35,24.5,22.9,22.95,18.2376,1554200,0.0,1.0
2006-06-14,23.2,23.68,22.78,23.14,18.3886,622800,0.0,1.0
2006-06-15,23.5,25.13,23.44,25.11,19.9541,1100300,0.0,1.0
2006-06-16,25.11,25.21,23.96,24.0,19.072,1172500,0.0,1.0
2006-06-19,24.13,24.31,23.09,23.14,18.3886,756300,0.0,1.0
2006-06-20,23.19,24.98,23.19,23.71,18.8416,856100,0.0,1.0
2006-06-21,23.71,24.38,23.6,24.02,19.0879,361300,0.0,1.0
2006-06-22,24.02,24.22,23.52,24.01,19.08,881800,0.0,1.0
2006-06-23,24.01,24.49,23.74,24.27,19.2866,585400,0.0,1.0
2006-06-26,24.52,24.87,24.15,24.53,19.4932,612800,0.0,1.0
2006-06-27,24.6,24.84,23.92,24.02,19.0879,453300,0.0,1.0
2006-06-28,24.27,24.33,23.67,23.96,19.0402,493200,0.0,1.0
2006-06-29,24.16,26.05,24.1,26.05,20.7011,1068900,0.0,1.0
2006-06-30,26.3,26.46,25.97,26.25,20.86,1899000,0.0,1.0
2006-07-03,26.5,27.05,26.28,27.05,21.4957,361900,0.0,1.0
2006-07-05,26.9,26.9,25.68,25.91,20.5898,641800,0.0,1.0
2006-07-06,25.97,26.01,25.39,25.75,20.4627,486400,0.0,1.0
2006-07-07,25.74,26.25,25.53,26.05,20.7011,864300,0.0,1.0
2006-07-10,26.2861,27.04,26.14,26.4,20.9792,980600,0.0,1.0
2006-07-11,26.21,26.61,25.56,26.37,20.9554,957000,0.0,1.0
2006-07-12,26.36,27.18,26.04,27.01,21.464,1476400,0.0,1.0
2006-07-13,27.0,27.36,26.23,26.34,20.9315,1267400,0.0,1.0
2006-07-14,26.3,26.53,25.53,26.24,20.8521,587200,0.0,1.0
2006-07-17,26.1,26.26,25.41,25.55,20.3037,487100,0.0,1.0
2006-07-18,25.63,25.93,25.08,25.36,20.1528,836900,0.0,1.0
2006-07-19,25.46,27.04,25.3401,26.94,21.4083,876800,0.0,1.0
2006-07-20,27.27,27.5,26.73,27.01,21.464,1082700,0.0,1.0
2006-07-21,27.03,27.43,26.89,27.41,21.7818,1409500,0.0,1.0
2006-07-24,27.75,28.76,27.71,28.68,22.791,1123300,0.0,1.0
2006-07-25,28.95,29.26,28.07,28.54,22.6798,1130600,0.0,1.0
2006-07-26,28.55,28.56,27.46,27.97,22.2268,877400,0.0,1.0
2006-07-27,29.34,29.34,27.08,27.25,21.6547,685400,0.0,1.0
2006-07-28,27.5,28.35,27.39,27.97,22.2268,658600,0.0,1.0
2006-07-31,27.92,28.04,27.37,27.63,21.9566,763900,0.0,1.0
2006-08-01,27.59,27.6,26.8301,27.3,21.6944,796400,0.0,1.0
2006-08-02,29.15,29.74,28.23,28.54,22.6798,1845500,0.0,1.0
2006-08-03,28.54,29.56,28.05,29.38,23.3473,1093400,0.0,1.0
2006-08-04,29.75,30.0,28.22,28.62,22.7434,940200,0.0,1.0
2006-08-07,28.33,28.82,27.93,28.43,22.5924,810500,0.0,1.0
2006-08-08,28.9,29.42,28.75,28.91,22.9738,1235600,0.0,1.0
2006-08-09,29.33,29.5,28.69,28.74,22.8387,909700,0.0,1.0
2006-08-10,28.69,29.56,28.54,29.17,23.1804,1526200,0.0,1.0
2006-08-11,29.18,29.58,29.05,29.39,23.3553,635500,0.0,1.0
2006-08-14,29.7,30.08,29.31,29.49,23.4347,834700,0.0,1.0
2006-08-15,29.79,30.6,29.77,30.57,24.293,960000,0.0,1.0
2006-08-16,31.1,31.89,30.71,31.83,25.2942,1138500,0.0,1.0
2006-08-17,31.83,32.0,31.2,31.37,24.9287,850100,0.0,1.0
2006-08-18,31.38,31.67,30.69,31.53,25.0558,714500,0.0,1.0
2006-08-21,31.17,31.32,30.44,31.2,24.7936,493000,0.0,1.0
2006-08-22,31.37,31.8,30.94,31.32,24.889,747500,0.0,1.0
2006-08-23,31.43,31.52,30.5,31.09,24.7062,664400,0.0,1.0
2006-08-24,31.05,31.05,28.06,28.39,22.5606,2874000,0.0,1.0
2006-08-25,28.2,28.54,26.92,26.95,21.4163,2196500,0.0,1.0
2006-08-28,27.06,27.97,27.0,27.49,21.8454,1164000,0.0,1.0
2006-08-29,27.39,27.77,26.91,27.68,22.0758,1440600,0.1,1.0
2006-08-30,27.69,27.95,27.24,27.48,21.9163,1099300,0.0,1.0
2006-08-31,27.48,28.07,27.44,27.8,22.1716,1104900,0.0,1.0
2006-09-01,27.97,28.02,27.64,27.95,22.2912,568400,0.0,1.0
2006-09-05,28.01,28.4,27.78,28.32,22.5863,669500,0.0,1.0
2006-09-06,28.07,28.08,27.0,27.25,21.7329,1084100,0.0,1.0
2006-09-07,27.26,27.35,26.67,26.75,21.3341,948800,0.0,1.0
2006-09-08,26.75,27.29,26.71,27.14,21.6452,842200,0.0,1.0
2006-09-11,27.01,27.54,26.31,27.07,21.5893,652700,0.0,1.0
2006-09-12,27.2,28.27,27.1,28.17,22.4666,908400,0.0,1.0
2006-09-13,28.2,28.94,28.12,28.88,23.0329,737900,0.0,1.0
2006-09-14,28.88,29.06,28.37,28.9,23.0488,629800,0.0,1.0
2006-09-15,29.05,29.68,28.87,29.61,23.6151,1343800,0.0,1.0
2006-09-18,29.9,30.13,29.62,30.11,24.0139,997400,0.0,1.0
2006-09-19,30.17,30.17,29.17,29.54,23.5593,888300,0.0,1.0
2006-09-20,29.7,30.47,29.7,30.36,24.2132,654600,0.0,1.0
2006-09-21,30.4404,31.07,30.26,31.0,24.7237,1286600,0.0,1.0
2006-09-22,30.81,31.06,29.71,29.76,23.7347,1141200,0.0,1.0
2006-09-25,29.66,29.99,28.08,29.99,23.9182,1353900,0.0,1.0
2006-09-26,30.89,31.68,30.25,31.56,25.1703,1554500,0.0,1.0
2006-09-27,31.54,32.37,31.37,32.0,25.5212,957300,0.0,1.0
2006-09-28,31.75,32.8,31.54,32.75,26.1194,1156800,0.0,1.0
2006-09-29,32.75,32.9501,32.16,32.24,25.7126,1032600,0.0,1.0
2006-10-02,32.3,33.04,32.25,32.68,26.0635,871100,0.0,1.0
2006-10-03,32.79,34.15,32.31,33.67,26.8531,1278700,0.0,1.0
2006-10-04,33.9,34.8,33.7,34.75,27.7144,859300,0.0,1.0
2006-10-05,34.51,34.86,33.39,34.64,27.6267,1090000,0.0,1.0
2006-10-06,34.69,35.0,33.67,34.56,27.5629,527700,0.0,1.0
2006-10-09,36.2,36.24,35.48,35.67,28.4482,933300,0.0,1.0
2006-10-10,35.7,35.7,34.53,35.12,28.0095,1288800,0.0,1.0
2006-10-11,35.12,36.12,35.03,35.86,28.5997,1783200,0.0,1.0
2006-10-12,36.55,36.75,35.71,36.71,29.2776,1107600,0.0,1.0
2006-10-13,36.65,37.72,36.5607,37.54,29.9396,830500,0.0,1.0
2006-10-16,36.7,37.28,35.96,36.22,28.8868,1388500,0.0,1.0
2006-10-17,36.15,37.22,36.1,37.08,29.5727,843500,0.0,1.0
2006-10-18,37.4,37.8,36.69,37.28,29.7322,605100,0.0,1.0
2006-10-19,37.4,38.31,37.33,37.75,30.1071,649500,0.0,1.0
2006-10-20,37.88,37.88,37.31,37.42,29.8439,760200,0.0,1.0
2006-10-23,37.43,37.77,37.111,37.54,29.9396,811100,0.0,1.0
2006-10-24,37.54,37.5591,37.06,37.24,29.7003,678400,0.0,1.0
2006-10-25,37.35,37.58,36.5,36.95,29.469,793400,0.0,1.0
2006-10-26,37.1,37.29,36.5,37.25,29.7083,736400,0.0,1.0
2006-10-27,37.25,37.64,36.75,37.0,29.5089,529100,0.0,1.0
2006-10-30,36.92,37.56,36.59,37.43,29.8518,478900,0.0,1.0
2006-10-31,37.52,38.64,37.5,38.0,30.3064,597200,0.0,1.0
2006-11-01,38.03,38.38,37.09,37.4,29.8279,695000,0.0,1.0
2006-11-02,37.0,37.12,36.48,36.75,29.3095,710500,0.0,1.0
2006-11-03,36.9,37.38,36.5,36.76,29.3175,548600,0.0,1.0
2006-11-06,37.63,37.91,36.84,37.76,30.115,415700,0.0,1.0
2006-11-07,37.76,38.01,37.24,37.3,29.7482,798600,0.0,1.0
2006-11-08,35.55,36.0,33.11,34.49,27.5071,2443200,0.0,1.0
2006-11-09,35.0,35.67,32.59,33.86,27.0046,2184800,0.0,1.0
2006-11-10,31.71,32.5,31.2,31.75,25.3218,2769600,0.0,1.0
2006-11-13,31.58,31.61,30.57,30.9,24.6439,2048200,0.0,1.0
2006-11-14,30.55,31.05,30.14,31.04,24.7556,1433200,0.0,1.0
2006-11-15,30.05,31.02,30.0,30.61,24.4126,1615600,0.0,1.0
2006-11-16,30.61,31.34,30.5,31.26,24.931,1445200,0.0,1.0
2006-11-17,31.08,31.19,30.67,31.08,24.7875,1244300,0.0,1.0
2006-11-20,30.85,30.95,30.15,30.23,24.1096,1285700,0.0,1.0
2006-11-21,30.44,30.77,29.82,30.43,24.2691,1136300,0.0,1.0
2006-11-22,30.42,31.34,30.2,31.27,24.939,898900,0.0,1.0
2006-11-24,31.21,32.2,31.08,32.15,25.6408,811400,0.0,1.0
2006-11-27,32.16,32.21,30.62,30.63,24.4286,1260600,0.0,1.0
2006-11-28,30.62,30.75,30.05,30.35,24.285,1209700,0.1,1.0
2006-11-29,30.59,30.78,29.81,30.28,24.229,1625800,0.0,1.0
2006-11-30,30.37,31.44,30.35,31.09,24.8771,1687100,0.0,1.0
2006-12-01,31.09,31.31,30.47,30.8,24.6451,933200,0.0,1.0
2006-12-04,30.7,32.25,30.7,31.88,25.5093,1901600,0.0,1.0
2006-12-05,32.33,32.39,31.8,31.95,25.5653,1227000,0.0,1.0
2006-12-06,31.77,32.1,31.61,31.75,25.4053,1003200,0.0,1.0
2006-12-07,31.9,32.37,31.25,31.35,25.0852,865900,0.0,1.0
2006-12-08,32.0,32.2,31.68,32.0,25.6053,800400,0.0,1.0
2006-12-11,32.0,32.49,31.39,32.03,25.6293,944200,0.0,1.0
2006-12-12,32.03,32.44,31.55,31.68,25.3492,613600,0.0,1.0
2006-12-13,31.74,32.03,31.5,31.77,25.4213,499400,0.0,1.0
2006-12-14,31.78,32.49,31.78,31.98,25.5893,734400,0.0,1.0
2006-12-15,31.92,32.4899,31.87,32.02,25.6213,1096600,0.0,1.0
2006-12-18,32.14,32.3,31.19,31.36,25.0932,660800,0.0,1.0
2006-12-19,31.4,31.73,31.14,31.6,25.2852,730700,0.0,1.0
2006-12-20,31.61,32.13,31.61,32.01,25.6133,817500,0.0,1.0
2006-12-21,32.02,32.4,31.52,31.9,25.5253,555600,0.0,1.0
2006-12-22,31.88,31.88,31.08,31.32,25.0612,426100,0.0,1.0
2006-12-26,31.22,31.56,31.17,31.36,25.0932,352600,0.0,1.0
2006-12-27,31.46,31.9,31.38,31.6,25.2852,450800,0.0,1.0
2006-12-28,31.6,31.71,31.29,31.34,25.0772,303500,0.0,1.0
2006-12-29,31.2,31.38,31.02,31.02,24.8211,433600,0.0,1.0
2007-01-03,31.2,31.62,30.55,30.86,24.6931,1341400,0.0,1.0
2007-01-04,30.86,31.74,30.67,31.63,25.3092,743500,0.0,1.0
2007-01-05,30.75,31.47,30.56,30.91,24.7331,735300,0.0,1.0
2007-01-08,30.9,30.93,30.4905,30.71,24.5731,616900,0.0,1.0
2007-01-09,30.71,30.94,30.22,30.8,24.6451,835200,0.0,1.0
2007-01-10,30.55,31.22,30.41,31.1,24.8851,640900,0.0,1.0
2007-01-11,31.28,32.52,31.27,32.45,25.9654,1225900,0.0,1.0
2007-01-12,32.46,33.45,32.4,33.41,26.7335,715300,0.0,1.0
2007-01-16,33.4,33.73,32.99,33.07,26.4615,621700,0.0,1.0
2007-01-17,32.9,33.68,32.83,33.65,26.9256,691300,0.0,1.0
2007-01-18,33.45,33.65,33.04,33.27,26.6215,683400,0.0,1.0
2007-01-19,33.28,34.32,32.71,34.3,27.4457,646400,0.0,1.0
2007-01-22,35.04,36.04,34.4312,35.6,28.4859,1741600,0.0,1.0
2007-01-23,35.5,36.89,35.26,36.54,29.2381,1109500,0.0,1.0
2007-01-24,36.54,36.69,36.41,36.52,29.222,613700,0.0,1.0
2007-01-25,36.27,36.35,35.42,35.79,28.6379,948600,0.0,1.0
2007-01-26,36.0,36.0,35.2,35.71,28.5739,759100,0.0,1.0
2007-01-29,35.71,37.0,35.71,36.95,29.5661,933400,0.0,1.0
2007-01-30,36.95,37.47,36.77,37.35,29.8862,1397400,0.0,1.0
2007-01-31,37.21,37.35,36.45,37.08,29.6701,1718700,0.0,1.0
2007-02-01,37.2,37.72,37.2,37.5,30.0062,922200,0.0,1.0
2007-02-02,37.425,37.8,36.66,37.24,29.7982,731100,0.0,1.0
2007-02-05,37.25,37.47,36.66,36.7,29.3661,749800,0.0,1.0
2007-02-06,36.9,37.43,36.03,37.12,29.7021,1090100,0.0,1.0
2007-02-07,37.24,37.24,36.54,36.6,29.2861,650100,0.0,1.0
2007-02-08,36.61,38.45,36.5366,38.41,30.7344,1682600,0.0,1.0
2007-02-09,38.45,39.7,38.31,39.34,31.4785,2090700,0.0,1.0
2007-02-12,39.3,39.3,38.54,38.93,31.1504,1146500,0.0,1.0
2007-02-13,39.01,39.04,38.37,38.57,30.8624,809100,0.0,1.0
2007-02-14,38.69,38.71,38.38,38.51,30.8144,879100,0.0,1.0
2007-02-15,38.545,38.75,37.87,38.57,30.8624,595000,0.0,1.0
2007-02-16,38.58,38.95,38.44,38.9,31.1264,491500,0.0,1.0
2007-02-20,38.94,39.08,38.23,38.99,31.1985,672600,0.0,1.0
2007-02-21,38.96,39.7,38.78,39.68,31.7506,821300,0.0,1.0
2007-02-22,39.68,40.5,39.66,40.15,32.1266,1361300,0.0,1.0
2007-02-23,39.87,40.35,39.67,40.24,32.1987,945100,0.0,1.0
2007-02-26,40.257,40.4,38.79,38.86,31.0944,1016400,0.0,1.0
2007-02-27,38.1,38.22,36.0,36.29,29.038,1631400,0.0,1.0
2007-02-28,36.65,36.85,36.07,36.3,29.126,2002800,0.1,1.0
2007-03-01,36.0,38.75,35.17,38.37,30.7869,2025200,0.0,1.0
2007-03-02,38.48,39.38,37.95,39.01,31.3004,1974000,0.0,1.0
2007-03-05,37.95,38.38,36.57,36.58,29.3507,1552400,0.0,1.0
2007-03-06,37.02,38.11,37.02,37.91,30.4178,1260300,0.0,1.0
2007-03-07,37.8,38.64,37.44,38.46,30.8591,1603900,0.0,1.0
2007-03-08,38.75,39.16,38.08,38.41,30.819,993300,0.0,1.0
2007-03-09,38.8,39.0,38.0201,38.68,31.0357,755600,0.0,1.0
2007-03-12,38.68,38.94,37.89,38.42,30.8271,578700,0.0,1.0
2007-03-13,38.23,38.33,36.45,36.59,29.3587,1049200,0.0,1.0
2007-03-14,36.74,37.25,35.67,37.0,29.6877,888300,0.0,1.0
2007-03-15,36.89,37.13,36.62,37.04,29.7198,607700,0.0,1.0
2007-03-16,37.05,37.14,36.1,36.99,29.6797,1188600,0.0,1.0
2007-03-19,37.2,37.59,36.93,37.17,29.8241,468300,0.0,1.0
2007-03-20,37.17,38.48,37.09,38.48,30.8752,843900,0.0,1.0
2007-03-21,38.5,40.15,38.48,39.98,32.0787,1922100,0.0,1.0
2007-03-22,40.0,41.19,39.71,41.02,32.9132,2370600,0.0,1.0
2007-03-23,41.02,41.7,40.745,41.53,33.3224,1384100,0.0,1.0
2007-03-26,42.5,43.32,42.0,42.55,34.1408,2239400,0.0,1.0
2007-03-27,42.45,42.46,41.72,42.45,34.0606,850600,0.0,1.0
2007-03-28,42.44,43.18,42.24,42.86,34.3896,1133700,0.0,1.0
2007-03-29,43.3,44.13,42.86,44.0,35.3043,1576400,0.0,1.0
2007-03-30,44.19,44.92,43.6,44.48,35.6894,2095400,0.0,1.0
2007-04-02,44.8,46.1,44.64,45.99,36.901,3062400,0.0,1.0
2007-04-03,46.35,47.07,46.28,46.6,37.3904,2077600,0.0,1.0
2007-04-04,46.41,48.07,46.3,47.32,37.9681,3126900,0.0,1.0
2007-04-05,47.5,47.72,47.06,47.2,37.8719,1399200,0.0,1.0
2007-04-09,47.2,49.62,47.04,49.27,39.5328,2018700,0.0,1.0
2007-04-10,49.21,49.5994,47.79,47.99,38.5057,2307100,0.0,1.0
2007-04-11,48.13,48.68,47.66,48.63,39.0192,1832600,0.0,1.0
2007-04-12,48.41,49.78,48.23,49.32,39.5729,1665600,0.0,1.0
2007-04-13,49.5,49.73,48.16,48.31,38.7625,1586000,0.0,1.0
2007-04-16,49.0,50.13,49.0,49.98,40.1024,1321700,0.0,1.0
2007-04-17,49.98,50.33,49.4,50.21,40.287,1322900,0.0,1.0
2007-04-18,50.22,50.48,49.41,49.65,39.8377,869500,0.0,1.0
2007-04-19,49.28,49.9,49.02,49.34,39.5889,959700,0.0,1.0
2007-04-20,49.85,50.5,49.34,50.43,40.4635,3346500,0.0,1.0
2007-04-23,50.3,51.75,50.3,51.49,41.314,937400,0.0,1.0
2007-04-24,51.59,51.68,50.64,51.1,41.0011,1139700,0.0,1.0
2007-04-25,50.99,52.1,50.9,51.8,41.5628,863800,0.0,1.0
2007-04-26,52.0599,52.65,51.67,52.38,42.0281,733400,0.0,1.0
2007-04-27,52.38,52.75,51.76,52.26,41.9319,594700,0.0,1.0
2007-04-30,52.44,52.87,51.55,51.62,41.4183,923600,0.0,1.0
2007-05-01,51.4864,51.61,50.05,51.0,40.9209,1084100,0.0,1.0
2007-05-02,50.82,52.13,50.75,51.3,41.1616,1194200,0.0,1.0
2007-05-03,51.45,51.69,48.65,49.31,39.5649,3131300,0.0,1.0
2007-05-04,49.51,50.46,49.5,50.03,40.1426,1300100,0.0,1.0
2007-05-07,50.15,53.25,50.15,52.14,41.8356,2804700,0.0,1.0
2007-05-08,51.89,52.65,51.27,52.4,42.0442,1336800,0.0,1.0
2007-05-09,52.35,52.48,50.53,51.1,41.0011,1946800,0.0,1.0
2007-05-10,50.4,51.67,50.15,50.23,40.303,1124400,0.0,1.0
2007-05-11,50.6,51.08,49.18,49.81,39.966,1405000,0.0,1.0
2007-05-14,50.25,50.35,48.19,48.39,38.8267,1957000,0.0,1.0
2007-05-15,48.89,49.11,47.55,47.75,38.3132,1642300,0.0,1.0
2007-05-16,46.98,48.64,43.93,45.13,36.211,4780900,0.0,1.0
2007-05-17,45.45,45.62,44.53,44.96,36.0746,1466800,0.0,1.0
2007-05-18,44.96,45.5,44.52,45.3,36.3474,1002300,0.0,1.0
2007-05-21,45.07,45.8,45.01,45.18,36.2511,1295900,0.0,1.0
2007-05-22,45.29,45.72,45.11,45.37,36.4035,980800,0.0,1.0
2007-05-23,45.37,46.38,45.37,45.68,36.6523,1306500,0.0,1.0
2007-05-24,45.61,46.38,44.45,44.59,35.7777,1125800,0.0,1.0
2007-05-25,44.8401,45.7,44.84,45.36,36.3955,933900,0.0,1.0
2007-05-29,45.36,46.2,45.29,46.15,37.1096,1224300,0.1,1.0
2007-05-30,45.93,47.34,45.29,47.29,38.0263,1230700,0.0,1.0
2007-05-31,48.04,48.23,47.3,47.47,38.171,1846300,0.0,1.0
2007-06-01,47.81,48.62,47.62,48.43,38.943,1017900,0.0,1.0
2007-06-04,48.44,48.9,48.16,48.51,39.0073,605000,0.0,1.0
2007-06-05,48.52,48.84,46.94,47.63,38.2997,1129700,0.0,1.0
2007-06-06,47.27,47.39,45.41,46.31,37.2383,1164900,0.0,1.0
2007-06-07,46.1,46.65,45.1,45.43,36.5306,938100,0.0,1.0
2007-06-08,45.3,46.66,44.86,46.5,37.391,754000,0.0,1.0
2007-06-11,46.51,47.45,45.72,46.74,37.584,1077400,0.0,1.0
2007-06-12,46.65,46.65,45.18,45.19,36.3377,1017400,0.0,1.0
2007-06-13,45.42,46.88,45.42,46.64,37.5036,775100,0.0,1.0
2007-06-14,47.68,50.22,47.66,49.49,39.7953,1950400,0.0,1.0
2007-06-15,49.7,50.25,48.8,48.97,39.3772,1217300,0.0,1.0
2007-06-18,48.95,49.0,48.0,48.13,38.7017,735100,0.0,1.0
2007-06-19,47.67,48.44,47.5,48.38,38.9028,714600,0.0,1.0
2007-06-20,48.39,49.18,47.26,47.31,38.0424,816400,0.0,1.0
2007-06-21,47.31,49.16,46.89,49.12,39.4978,852700,0.0,1.0
2007-06-22,49.15,49.9,47.71,48.35,38.8786,1442700,0.0,1.0
2007-06-25,48.676,49.0,46.48,47.04,37.8253,1129300,0.0,1.0
2007-06-26,47.6,47.9399,46.15,46.42,37.3267,1115500,0.0,1.0
2007-06-27,46.42,47.18,45.88,46.59,37.4634,1250400,0.0,1.0
2007-06-28,46.69,47.19,46.0,46.28,37.2141,921700,0.0,1.0
2007-06-29,46.53,47.92,45.78,46.02,37.0051,980100,0.0,1.0
2007-07-02,46.15,48.75,46.13,48.62,39.0958,1332400,0.0,1.0
2007-07-03,48.64,49.78,48.64,49.66,39.932,643800,0.0,1.0
2007-07-05,49.66,49.85,49.06,49.61,39.8918,732100,0.0,1.0
2007-07-06,49.85,52.2,49.45,51.89,41.7252,1534200,0.0,1.0
2007-07-09,51.89,52.7,51.15,51.25,41.2106,1211500,0.0,1.0
2007-07-10,51.11,51.41,49.92,50.11,40.2939,911900,0.0,1.0
2007-07-11,50.19,50.97,49.9,50.83,40.8728,584200,0.0,1.0
2007-07-12,51.29,51.5,50.53,50.79,40.8407,904300,0.0,1.0
2007-07-13,50.97,52.92,50.9,52.77,42.4328,1079600,0.0,1.0
2007-07-16,52.52,53.99,52.36,52.84,42.4891,1136300,0.0,1.0
2007-07-17,52.84,53.06,51.65,51.81,41.6609,601100,0.0,1.0
2007-07-18,51.75,52.13,50.0,51.06,41.0578,951400,0.0,1.0
2007-07-19,51.55,51.86,50.88,51.14,41.1221,541200,0.0,1.0
2007-07-20,51.03,51.14,49.23,50.85,40.8889,1411400,0.0,1.0
2007-07-23,51.27,52.54,50.3,50.9,40.9291,959500,0.0,1.0
2007-07-24,50.36,50.57,47.65,47.83,38.4605,1051500,0.0,1.0
2007-07-25,48.77,51.65,48.77,51.1,41.0899,2510100,0.0,1.0
2007-07-26,48.81,49.0,44.4,45.5,36.5869,3886900,0.0,1.0
2007-07-27,45.33,47.02,42.95,43.15,34.6973,2970600,0.0,1.0
2007-07-30,43.34,46.67,42.6,45.18,36.3296,2352200,0.0,1.0
2007-07-31,46.39,46.4601,42.68,42.75,34.3756,2646000,0.0,1.0
2007-08-01,42.95,44.97,41.8,44.97,36.1608,2408300,0.0,1.0
2007-08-02,45.04,48.29,45.04,46.26,37.1981,2563000,0.0,1.0
2007-08-03,46.26,46.43,44.04,44.41,35.7105,2233000,0.0,1.0
2007-08-06,45.0,45.45,43.18,45.41,36.5146,1440100,0.0,1.0
2007-08-07,45.33,47.04,44.32,46.88,37.6966,2078800,0.0,1.0
2007-08-08,48.29,51.35,47.04,50.04,40.2376,6682900,0.0,1.0
2007-08-09,47.6,48.77,46.23,47.38,38.0987,3598000,0.0,1.0
2007-08-10,44.86,45.74,42.48,44.42,35.7185,4411500,0.0,1.0
2007-08-13,46.0,46.4,44.93,45.55,36.6271,2070300,0.0,1.0
2007-08-14,46.9,46.96,44.55,44.63,35.8874,2134500,0.0,1.0
2007-08-15,44.6,45.05,41.37,41.54,33.4027,2065300,0.0,1.0
2007-08-16,41.32,41.32,35.52,39.45,31.7221,7205100,0.0,1.0
2007-08-17,39.73,42.2,35.9,37.74,30.3471,4698600,0.0,1.0
2007-08-20,38.11,39.45,36.93,37.83,30.4194,2468100,0.0,1.0
2007-08-21,37.71,39.98,37.26,39.35,31.6417,1786800,0.0,1.0
2007-08-22,39.91,41.21,39.5,41.05,33.0087,2841000,0.0,1.0
2007-08-23,41.93,43.67,41.02,42.68,34.3194,3541000,0.0,1.0
2007-08-24,42.78,44.73,42.19,44.67,35.9195,2677200,0.0,1.0
2007-08-27,44.3,44.3,43.28,43.51,34.9868,1383100,0.0,1.0
2007-08-28,43.02,43.07,41.37,41.67,33.5072,1516100,0.0,1.0
2007-08-29,42.0,43.58,41.92,43.51,35.1074,2191500,0.15,1.0
2007-08-30,42.96,43.49,41.86,42.11,33.9777,1637000,0.0,1.0
2007-08-31,42.75,43.66,42.25,43.28,34.9218,1742400,0.0,1.0
2007-09-04,42.78,44.6,42.62,44.06,35.5512,1523300,0.0,1.0
2007-09-05,43.92,43.92,41.87,41.97,33.8648,1999300,0.0,1.0
2007-09-06,41.88,42.3594,40.73,41.12,33.1789,2433500,0.0,1.0
2007-09-07,40.11,40.94,38.79,40.25,32.4769,2170200,0.0,1.0
2007-09-10,40.38,41.5,38.07,39.55,31.9121,2504300,0.0,1.0
2007-09-11,40.02,41.29,39.9832,41.22,33.2596,2977500,0.0,1.0
2007-09-12,40.92,41.3,40.11,40.88,32.9853,1539000,0.0,1.0
2007-09-13,41.2,43.65,41.1,42.86,34.5829,2431200,0.0,1.0
2007-09-14,42.19,43.03,41.33,42.73,34.478,1344900,0.0,1.0
2007-09-17,42.4,43.0,42.02,42.44,34.244,961200,0.0,1.0
2007-09-18,42.69,45.94,42.31,45.82,36.9713,1805400,0.0,1.0
2007-09-19,46.62,48.42,45.87,46.65,37.641,2200200,0.0,1.0
2007-09-20,46.69,47.12,46.09,46.82,37.7782,2135400,0.0,1.0
2007-09-21,47.6,47.65,46.66,47.48,38.3107,1601400,0.0,1.0
2007-09-24,47.5,48.74,47.5,47.97,38.7061,1564900,0.0,1.0
2007-09-25,47.5,48.98,46.86,48.57,39.1902,1440600,0.0,1.0
2007-09-26,48.75,49.22,47.56,48.02,38.7464,1218100,0.0,1.0
2007-09-27,48.12,49.3,47.77,48.82,39.3919,923400,0.0,1.0
2007-09-28,48.66,48.9821,47.58,47.79,38.5608,957000,0.0,1.0
2007-10-01,47.74,49.2,47.72,48.75,39.3354,895000,0.0,1.0
2007-10-02,48.91,52.09,48.91,51.61,41.6431,2247000,0.0,1.0
2007-10-03,51.43,53.54,51.0,53.12,42.8615,1991100,0.0,1.0
2007-10-04,53.18,53.28,51.31,51.94,41.9094,1118300,0.0,1.0
2007-10-05,52.5,55.0,52.5,53.7,43.3295,1821200,0.0,1.0
2007-10-08,53.51,54.5,53.12,53.55,43.2085,1071500,0.0,1.0
2007-10-09,55.0,55.5,53.9,55.19,44.5317,1532700,0.0,1.0
2007-10-10,55.27,58.83,55.04,57.64,46.5086,3091200,0.0,1.0
2007-10-11,59.0,61.4,56.6,56.9,45.9115,3361900,0.0,1.0
2007-10-12,57.4,58.43,56.23,57.18,46.1374,1418600,0.0,1.0
2007-10-15,56.845,57.19,52.56,53.63,43.273,3428200,0.0,1.0
2007-10-16,54.0,54.95,52.87,53.41,43.0955,1326400,0.0,1.0
2007-10-17,53.83,54.73,50.52,52.05,41.9981,1950500,0.0,1.0
2007-10-18,52.05,54.02,52.05,53.94,43.5231,1207800,0.0,1.0
2007-10-19,53.94,54.16,50.88,52.01,41.9659,2058100,0.0,1.0
2007-10-22,50.91,52.04,49.99,51.38,41.4575,1576000,0.0,1.0
2007-10-23,52.5,52.85,50.78,52.57,42.4177,1101100,0.0,1.0
2007-10-24,51.8,52.6,49.86,52.23,42.1434,1297500,0.0,1.0
2007-10-25,52.5,53.46,52.23,52.93,42.7082,2102200,0.0,1.0
2007-10-26,53.92,56.81,53.87,56.6,45.6694,2379500,0.0,1.0
2007-10-29,56.6,56.91,54.86,55.19,44.5317,994600,0.0,1.0
2007-10-30,55.2,55.58,54.13,54.33,43.8378,775700,0.0,1.0
2007-10-31,55.09,55.6,52.9,54.17,43.7087,1584700,0.0,1.0
2007-11-01,52.82,53.13,51.34,51.82,41.8126,1559700,0.0,1.0
2007-11-02,52.0,52.0,50.27,51.05,41.1913,1421300,0.0,1.0
2007-11-05,49.43,51.08,48.6217,50.58,40.812,1471800,0.0,1.0
2007-11-06,51.67,52.72,49.44,52.48,42.3451,2297400,0.0,1.0
2007-11-07,51.18,52.4,50.02,50.07,40.4005,2779200,0.0,1.0
2007-11-08,36.38,36.5,30.8,35.84,28.9186,24159400,0.0,1.0
2007-11-09,35.5,35.51,31.07,32.75,26.4253,6313100,0.0,1.0
2007-11-12,34.25,34.81,32.18,32.35,26.1026,4584300,0.0,1.0
2007-11-13,33.84,35.5,33.32,34.69,27.9907,5906200,0.0,1.0
2007-11-14,38.28,38.28,34.72,34.81,28.0875,5149400,0.0,1.0
2007-11-15,38.24,39.18,37.5,38.27,30.8793,7945000,0.0,1.0
2007-11-16,38.32,38.81,37.01,38.03,30.6857,3890000,0.0,1.0
2007-11-19,37.98,37.98,35.8,36.46,29.4189,2820200,0.0,1.0
2007-11-20,36.38,36.46,34.16,35.02,28.257,3764500,0.0,1.0
2007-11-21,34.71,35.28,33.36,34.73,28.023,4399100,0.0,1.0
2007-11-23,34.87,36.06,34.18,35.75,28.846,889400,0.0,1.0
2007-11-26,36.16,36.3,34.85,35.01,28.2489,3617100,0.0,1.0
2007-11-27,35.1,37.48,35.1,36.98,29.8384,2587000,0.0,1.0
2007-11-28,37.34,37.68,36.47,37.35,30.258,2362900,0.15,1.0
2007-11-29,37.27,37.27,36.13,36.92,29.9097,2101100,0.0,1.0
2007-11-30,37.51,38.13,36.95,37.45,30.339,2047700,0.0,1.0
2007-12-03,37.14,37.49,36.55,36.73,29.7557,1030100,0.0,1.0
2007-12-04,36.34,36.98,35.81,36.78,29.7963,1770900,0.0,1.0
2007-12-05,37.14,38.13,36.36,38.06,30.8332,1681000,0.0,1.0
2007-12-06,38.6,41.75,38.33,41.61,33.7091,3216400,0.0,1.0
2007-12-07,41.62,41.86,40.31,40.97,33.1907,1913600,0.0,1.0
2007-12-10,41.16,41.16,39.92,40.34,32.6803,1689700,0.0,1.0
2007-12-11,40.36,40.52,38.0,38.33,31.0519,2902300,0.0,1.0
2007-12-12,38.52,39.69,37.59,38.82,31.4489,2572400,0.0,1.0
2007-12-13,38.29,39.0,36.82,37.5,30.3795,2007200,0.0,1.0
2007-12-14,37.0,37.77,36.06,36.08,29.2292,2320600,0.0,1.0
2007-12-17,35.84,37.06,35.33,35.86,29.0509,1962300,0.0,1.0
2007-12-18,36.49,39.19,36.25,38.79,31.4246,2839000,0.0,1.0
2007-12-19,39.0,39.34,37.37,37.79,30.6145,1727000,0.0,1.0
2007-12-20,38.15,38.79,37.01,38.29,31.0195,1230400,0.0,1.0
2007-12-21,38.91,41.18,38.72,40.68,32.9557,2849900,0.0,1.0
2007-12-24,41.0,41.84,40.81,41.13,33.3203,516200,0.0,1.0
2007-12-26,40.38,41.83,40.38,41.43,33.5633,957500,0.0,1.0
2007-12-27,41.5,41.67,40.12,40.78,33.0367,1075500,0.0,1.0
2007-12-28,40.58,41.5,39.41,39.76,32.2104,1079200,0.0,1.0
2007-12-31,39.78,39.83,38.1,38.1,30.8656,1042700,0.0,1.0
2008-01-02,38.02,39.67,37.51,38.58,31.2545,1651400,0.0,1.0
2008-01-03,38.85,38.97,37.0,37.1,30.0555,1034800,0.0,1.0
2008-01-04,36.68,36.85,34.5,34.94,28.3056,2426100,0.0,1.0
2008-01-07,35.03,35.78,33.69,34.25,27.7466,1457400,0.0,1.0
2008-01-08,34.31,35.09,32.92,32.96,26.7016,1616300,0.0,1.0
2008-01-09,32.97,33.75,32.0,33.61,27.2282,1586300,0.0,1.0
2008-01-10,33.3,35.35,32.75,34.45,27.9087,1846200,0.0,1.0
2008-01-11,33.72,33.79,32.17,32.8,26.572,2043400,0.0,1.0
2008-01-14,33.34,34.5,32.69,33.83,27.4064,1797000,0.0,1.0
2008-01-15,32.6,33.16,31.78,32.4,26.2479,1732100,0.0,1.0
2008-01-16,32.04,33.91,31.81,32.89,26.6449,2100100,0.0,1.0
2008-01-17,33.16,34.0,31.78,31.85,25.8024,1951700,0.0,1.0
2008-01-18,32.03,32.45,29.67,30.92,25.0489,1876600,0.0,1.0
2008-01-22,28.71,30.61,27.55,30.31,24.5548,4913000,0.0,1.0
2008-01-23,30.16,30.6,27.65,29.46,23.8662,4005600,0.0,1.0
2008-01-24,30.01,32.9,29.21,32.07,25.9806,2678900,0.0,1.0
2008-01-25,32.37,33.3,29.48,29.92,24.2388,2188000,0.0,1.0
2008-01-28,29.77,30.69,28.81,30.38,24.6115,1451500,0.0,1.0
2008-01-29,30.24,30.5,28.85,29.51,23.9067,2080900,0.0,1.0
2008-01-30,29.35,30.0,28.54,28.94,23.4449,2122500,0.0,1.0
2008-01-31,28.57,31.48,28.0,31.07,25.1705,2043900,0.0,1.0
2008-02-01,31.05,32.45,30.71,32.23,26.1102,1537100,0.0,1.0
2008-02-04,32.14,32.76,31.55,32.2,26.0859,1438900,0.0,1.0
2008-02-05,31.55,33.17,30.81,32.5,26.3289,2984300,0.0,1.0
2008-02-06,32.64,33.52,30.3,30.66,24.8383,2751600,0.0,1.0
2008-02-07,30.51,32.3499,30.05,31.98,25.9077,2557700,0.0,1.0
2008-02-08,31.47,32.6,30.69,30.87,25.0084,1395900,0.0,1.0
2008-02-11,30.84,32.25,30.67,32.04,25.9563,1728100,0.0,1.0
2008-02-12,32.69,33.71,32.18,33.04,26.7664,1688400,0.0,1.0
2008-02-13,33.7,34.57,33.26,34.54,27.9816,1391400,0.0,1.0
2008-02-14,34.51,34.99,33.7,34.07,27.6008,1891800,0.0,1.0
2008-02-15,33.9,34.54,33.58,34.04,27.5765,1623400,0.0,1.0
2008-02-19,34.33,34.9,33.1,33.87,27.4388,2471300,0.0,1.0
2008-02-20,33.5,34.19,33.15,34.09,27.617,1688000,0.0,1.0
2008-02-21,34.46,35.72,34.15,34.3,27.7872,2297700,0.0,1.0
2008-02-22,34.19,34.62,31.55,32.17,26.0616,3397800,0.0,1.0
2008-02-25,32.18,33.02,31.98,32.9,26.653,3252400,0.0,1.0
2008-02-26,32.53,35.62,32.3,34.17,27.6818,3503600,0.0,1.0
2008-02-27,32.55,36.57,31.89,35.11,28.4434,6859500,0.0,1.0
2008-02-28,36.49,36.49,34.96,35.19,28.5082,2212400,0.0,1.0
2008-02-29,34.95,34.95,33.55,33.72,27.3173,1798000,0.0,1.0
2008-03-03,32.53,33.66,32.22,32.38,26.2317,2273700,0.0,1.0
2008-03-04,32.27,32.27,31.24,32.0,25.9239,1881400,0.0,1.0
2008-03-05,32.29,32.29,30.79,31.25,25.4378,2424800,0.15,1.0
2008-03-06,30.938,30.938,29.05,29.21,23.7772,3546500,0.0,1.0
2008-03-07,29.0,29.32,27.98,28.7,23.3621,3035700,0.0,1.0
2008-03-10,28.83,28.83,27.53,27.58,22.4504,2135900,0.0,1.0
2008-03-11,28.5,30.14,28.15,30.11,24.5098,2223600,0.0,1.0
2008-03-12,30.59,30.72,28.83,28.88,23.5086,2578100,0.0,1.0
2008-03-13,28.44,29.0,27.65,28.78,23.4272,2882700,0.0,1.0
2008-03-14,29.23,29.48,26.6,27.28,22.2062,3746800,0.0,1.0
2008-03-17,26.6,27.0,25.46,26.32,21.4247,3099500,0.0,1.0
2008-03-18,27.2,27.41,25.3,26.26,21.3759,5970200,0.0,1.0
2008-03-19,26.5415,27.76,26.38,26.71,21.7422,2454500,0.0,1.0
2008-03-20,27.12,28.09,26.53,28.02,22.8086,2906800,0.0,1.0
2008-03-24,28.11,30.08,27.91,30.08,24.4854,2317200,0.0,1.0
2008-03-25,29.74,30.35,29.3208,29.93,24.3633,2430300,0.0,1.0
2008-03-26,29.86,29.92,29.28,29.73,24.2005,1077200,0.0,1.0
2008-03-27,29.79,30.16,29.24,29.34,23.883,1206900,0.0,1.0
2008-03-28,29.28,29.28,27.7,27.78,22.6132,1415100,0.0,1.0
2008-03-31,28.1,29.02,27.61,28.91,23.533,1676000,0.0,1.0
2008-04-01,28.9,30.18,28.69,30.09,24.4936,1917400,0.0,1.0
2008-04-02,30.12,30.12,26.46,27.23,22.1655,6020700,0.0,1.0
2008-04-03,26.51,27.52,25.8,27.4,22.3039,5545000,0.0,1.0
2008-04-04,27.38,27.49,26.05,26.57,21.6282,3431000,0.0,1.0
2008-04-07,26.75,27.14,26.15,26.55,21.612,3015600,0.0,1.0
2008-04-08,26.35,26.62,25.96,26.15,21.2864,2050900,0.0,1.0
2008-04-09,26.29,26.36,24.37,24.51,19.9514,3681800,0.0,1.0
2008-04-10,24.56,25.92,24.28,25.84,21.034,3326700,0.0,1.0
2008-04-11,25.61,25.61,24.3716,24.52,19.9595,1887200,0.0,1.0
2008-04-14,24.56,24.79,23.75,24.72,20.1223,2166100,0.0,1.0
2008-04-15,24.76,24.8,23.88,24.1,19.6176,2863200,0.0,1.0
2008-04-16,24.42,24.82,24.14,24.76,20.1549,1308400,0.0,1.0
2008-04-17,24.71,25.09,24.55,24.95,20.3095,1238700,0.0,1.0
2008-04-18,25.31,27.17,25.31,26.5,21.5713,2525000,0.0,1.0
2008-04-21,26.35,27.0,26.12,26.93,21.9213,1702300,0.0,1.0
2008-04-22,26.7,26.89,25.5,26.03,21.1887,1502200,0.0,1.0
2008-04-23,26.14,26.16,25.29,25.54,20.7898,1617300,0.0,1.0
2008-04-24,25.61,26.06,25.52,25.67,20.8956,2212600,0.0,1.0
2008-04-25,25.8,26.46,25.51,26.44,21.5224,1980400,0.0,1.0
2008-04-28,26.4,27.46,26.02,27.26,22.1899,2148600,0.0,1.0
2008-04-29,27.3,27.46,26.51,26.89,21.8887,1511000,0.0,1.0
2008-04-30,26.9,28.18,26.55,27.7,22.5481,2012300,0.0,1.0
2008-05-01,27.71,28.84,27.35,28.57,23.2563,1412100,0.0,1.0
2008-05-02,28.74,29.22,28.08,28.61,23.2888,1797500,0.0,1.0
2008-05-05,28.72,29.1,27.18,27.82,22.6458,2467200,0.0,1.0
2008-05-06,27.98,28.06,26.85,27.48,22.369,2815900,0.0,1.0
2008-05-07,27.6,27.85,26.8,26.81,21.8236,2585200,0.0,1.0
2008-05-08,26.87,27.99,26.62,27.47,22.3608,3671100,0.0,1.0
2008-05-09,26.6,27.16,24.8,24.91,20.277,6419000,0.0,1.0
2008-05-12,24.99,25.14,24.5,24.63,20.0491,2944900,0.0,1.0
2008-05-13,24.63,24.82,23.83,24.06,19.5851,3708600,0.0,1.0
2008-05-14,24.4,27.14,24.26,26.7,21.7341,6337200,0.0,1.0
2008-05-15,27.26,29.18,27.26,28.76,23.4109,6786900,0.0,1.0
2008-05-16,28.53,28.99,28.34,28.82,23.4598,2142100,0.0,1.0
2008-05-19,28.78,29.0,27.8,27.93,22.7353,2814300,0.0,1.0
2008-05-20,27.93,27.99,26.54,27.0,21.9783,2997800,0.0,1.0
2008-05-21,27.0,27.16,25.93,26.26,21.3759,2793400,0.0,1.0
2008-05-22,26.8,26.8,25.66,25.91,21.091,2280900,0.0,1.0
2008-05-23,25.9,25.9,25.04,25.23,20.5375,1514700,0.0,1.0
2008-05-27,25.6,26.46,25.15,26.38,21.4736,1918500,0.0,1.0
2008-05-28,26.36,26.41,25.68,25.79,21.1154,1509500,0.15,1.0
2008-05-29,25.89,26.47,25.65,26.19,21.4429,1641600,0.0,1.0
2008-05-30,26.14,26.9,25.84,26.82,21.9587,1452300,0.0,1.0
2008-06-02,26.93,26.95,25.93,26.27,21.5084,1528000,0.0,1.0
2008-06-03,26.39,26.54,25.85,26.24,21.4838,1165400,0.0,1.0
2008-06-04,26.2,26.2,25.84,26.0,21.2873,1443600,0.0,1.0
2008-06-05,26.1,26.8,25.93,26.73,21.885,1564500,0.0,1.0
2008-06-06,26.57,26.73,26.04,26.15,21.4102,1654200,0.0,1.0
2008-06-09,26.54,27.84,26.49,26.91,22.0324,2770400,0.0,1.0
2008-06-10,26.85,27.75,26.75,27.35,22.3927,2346200,0.0,1.0
2008-06-11,27.425,27.47,25.37,25.66,21.009,3695100,0.0,1.0
2008-06-12,25.66,25.81,25.0,25.44,20.8289,6047500,0.0,1.0
2008-06-13,25.92,26.64,25.54,26.59,21.7704,1677100,0.0,1.0
2008-06-16,26.62,27.47,26.35,27.36,22.4008,2832800,0.0,1.0
2008-06-17,27.51,28.0,27.25,27.55,22.5564,1722900,0.0,1.0
2008-06-18,27.29,27.6,26.2,26.49,21.6885,1818000,0.0,1.0
2008-06-19,26.39,26.78,26.02,26.61,21.7868,1622500,0.0,1.0
2008-06-20,25.69,26.58,25.64,25.8,21.1236,2123100,0.0,1.0
2008-06-23,25.72,25.97,25.13,25.38,20.7797,1733700,0.0,1.0
2008-06-24,25.05,25.72,25.0,25.33,20.7388,1590500,0.0,1.0
2008-06-25,25.56,27.09,25.55,27.08,22.1716,2752900,0.0,1.0
2008-06-26,26.89,27.64,26.82,27.5,22.5155,3380400,0.0,1.0
2008-06-27,27.35,27.56,26.35,26.54,21.7295,1996600,0.0,1.0
2008-06-30,26.48,26.89,25.88,26.37,21.5903,2016800,0.0,1.0
2008-07-01,26.03,26.03,23.81,24.5,20.0592,5176300,0.0,1.0
2008-07-02,24.74,25.5,24.52,24.85,20.3458,3204700,0.0,1.0
2008-07-03,24.97,25.32,24.32,24.35,19.9364,2068200,0.0,1.0
2008-07-07,24.52,24.96,23.95,24.23,19.8382,3825800,0.0,1.0
2008-07-08,24.01,25.3,23.49,24.62,20.1575,2432300,0.0,1.0
2008-07-09,24.69,25.06,23.78,23.87,19.5434,1753900,0.0,1.0
2008-07-10,23.93,24.13,23.32,23.61,19.3305,1663600,0.0,1.0
2008-07-11,23.06,25.13,23.06,24.97,20.444,2397700,0.0,1.0
2008-07-14,25.03,25.04,23.3,23.46,19.2077,2304000,0.0,1.0
2008-07-15,23.24,23.84,22.4,23.36,19.1259,2194400,0.0,1.0
2008-07-16,23.44,24.96,23.18,24.8,20.3049,1870800,0.0,1.0
2008-07-17,24.95,26.75,24.95,26.43,21.6394,2820100,0.0,1.0
2008-07-18,26.48,26.57,25.76,25.86,21.1727,1445800,0.0,1.0
2008-07-21,26.13,26.74,25.64,25.88,21.1891,996000,0.0,1.0
2008-07-22,25.66,26.74,25.36,26.5,21.6967,2211100,0.0,1.0
2008-07-23,26.47,27.81,26.47,27.54,22.5482,1844200,0.0,1.0
2008-07-24,27.58,27.68,27.2,27.32,22.3681,2406100,0.0,1.0
2008-07-25,27.58,28.0,26.83,27.0,22.1061,1171800,0.0,1.0
2008-07-28,26.9,27.35,26.13,26.28,21.5166,982200,0.0,1.0
2008-07-29,26.92,28.16,26.28,28.16,23.0558,2281700,0.0,1.0
2008-07-30,28.3,28.81,26.93,27.6,22.5973,1713500,0.0,1.0
2008-07-31,27.48,27.9,27.07,27.74,22.712,1880400,0.0,1.0
2008-08-01,27.84,28.03,27.21,27.77,22.7365,1050000,0.0,1.0
2008-08-04,28.1,28.98,27.67,28.08,22.9903,2229400,0.0,1.0
2008-08-05,28.03,28.92,27.3,27.48,22.4991,2798600,0.0,1.0
2008-08-06,27.5,27.92,23.77,25.32,20.7306,6151400,0.0,1.0
2008-08-07,25.14,25.79,24.98,25.3,20.7142,1375100,0.0,1.0
2008-08-08,25.15,26.7,25.1,26.62,21.795,1550800,0.0,1.0
2008-08-11,26.62,27.6,26.09,26.87,21.9997,1412900,0.0,1.0
2008-08-12,26.68,27.26,26.52,26.59,21.7704,1317100,0.0,1.0
2008-08-13,26.56,26.71,25.8,26.43,21.6394,1267600,0.0,1.0
2008-08-14,26.18,27.27,26.18,26.94,22.057,1067900,0.0,1.0
2008-08-15,27.1,27.58,26.86,27.33,22.3763,823200,0.0,1.0
2008-08-18,27.48,27.48,26.24,26.48,21.6803,1140300,0.0,1.0
2008-08-19,26.28,26.4,25.46,25.75,21.0827,1053100,0.0,1.0
2008-08-20,25.97,26.34,25.32,25.77,21.099,1003800,0.0,1.0
2008-08-21,25.52,26.13,25.28,25.93,21.23,824000,0.0,1.0
2008-08-22,26.07,26.74,26.05,26.72,21.8768,1169700,0.0,1.0
2008-08-25,26.59,26.87,25.73,25.8,21.1236,806900,0.0,1.0
2008-08-26,26.0,26.0,25.39,25.99,21.2792,947300,0.0,1.0
2008-08-27,26.07,26.95,26.0,26.63,21.926,839700,0.15,1.0
2008-08-28,26.67,27.57,26.34,27.46,22.6094,689500,0.0,1.0
2008-08-29,27.35,27.65,26.66,26.94,22.1812,837600,0.0,1.0
2008-09-02,27.22,27.51,26.59,26.9,22.1483,970800,0.0,1.0
2008-09-03,26.83,26.89,26.32,26.68,21.9671,1073300,0.0,1.0
2008-09-04,26.37,26.62,25.66,25.77,21.2179,1162200,0.0,1.0
2008-09-05,25.57,25.64,24.4,25.22,20.765,1221200,0.0,1.0
2008-09-08,25.3,25.74,24.86,25.4,20.9132,1887800,0.0,1.0
2008-09-09,25.3,25.52,24.62,24.7,20.3369,2481200,0.0,1.0
2008-09-10,24.82,25.36,24.48,25.14,20.6992,855300,0.0,1.0
2008-09-11,24.86,24.86,22.75,23.03,18.9619,3517300,0.0,1.0
2008-09-12,22.7,23.23,22.32,23.03,18.9619,2005700,0.0,1.0
2008-09-15,22.5,24.07,22.18,23.29,19.176,3683400,0.0,1.0
2008-09-16,23.33,24.09,21.92,23.62,19.4477,3859600,0.0,1.0
2008-09-17,23.34,23.45,20.69,20.79,17.1176,3832200,0.0,1.0
2008-09-18,20.81,21.37,19.19,20.79,17.1176,5511800,0.0,1.0
2008-09-19,22.08,23.1,21.42,21.83,17.9739,3875000,0.0,1.0
2008-09-22,22.04,22.15,20.44,20.63,16.9858,1666400,0.0,1.0
2008-09-23,20.66,20.89,19.85,20.03,16.4918,1416700,0.0,1.0
2008-09-24,19.85,20.45,19.52,20.26,16.6812,1189500,0.0,1.0
2008-09-25,20.15,20.6,20.06,20.28,16.6977,1265200,0.0,1.0
2008-09-26,19.75,20.2,19.61,20.15,16.5906,1752300,0.0,1.0
2008-09-29,20.16,20.17,18.63,18.87,15.5367,2756200,0.0,1.0
2008-09-30,19.35,20.17,18.96,20.06,16.5165,2098900,0.0,1.0
2008-10-01,19.96,20.18,18.96,19.05,15.6849,1299200,0.0,1.0
2008-10-02,18.95,19.19,17.9,18.01,14.8286,1358300,0.0,1.0
2008-10-03,18.46,18.46,16.93,17.02,14.0135,1640900,0.0,1.0
2008-10-06,16.49,16.49,13.5,14.64,12.0539,4564900,0.0,1.0
2008-10-07,14.94,14.98,13.48,13.86,11.4117,2899800,0.0,1.0
2008-10-08,13.8,14.0,12.7,13.03,10.7283,2611900,0.0,1.0
2008-10-09,13.34,13.34,10.17,11.09,9.131,2610700,0.0,1.0
2008-10-10,10.42,11.72,8.58,11.62,9.5674,4252400,0.0,1.0
2008-10-13,11.82,12.72,11.8,12.25,10.0861,2686300,0.0,1.0
2008-10-14,12.79,14.0,11.45,12.18,10.0285,1655100,0.0,1.0
2008-10-15,11.95,12.0,10.42,10.51,8.6535,1677300,0.0,1.0
2008-10-16,10.51,10.78,9.52,10.65,8.7687,2421200,0.0,1.0
2008-10-17,10.28,11.5,10.0,10.44,8.5958,1790200,0.0,1.0
2008-10-20,10.92,10.92,9.72,10.22,8.4147,1797000,0.0,1.0
2008-10-21,10.06,10.42,9.27,9.38,7.7231,2245700,0.0,1.0
2008-10-22,9.1,9.46,8.5,8.74,7.1961,1810100,0.0,1.0
2008-10-23,8.77,9.05,8.17,8.65,7.122,1887200,0.0,1.0
2008-10-24,7.99,9.32,7.65,8.42,6.9327,1919200,0.0,1.0
2008-10-27,8.27,8.45,7.61,7.64,6.2904,1664500,0.0,1.0
2008-10-28,7.87,8.94,7.71,8.87,7.3032,2158200,0.0,1.0
2008-10-29,8.83,9.23,8.35,8.69,7.155,1744900,0.0,1.0
2008-10-30,8.93,9.7,8.67,9.02,7.4267,1504000,0.0,1.0
2008-10-31,8.95,9.52,8.81,9.31,7.6654,1360700,0.0,1.0
2008-11-03,9.96,9.96,9.37,9.61,7.9125,1919000,0.0,1.0
2008-11-04,9.89,10.34,9.12,9.25,7.616,2166700,0.0,1.0
2008-11-05,9.12,9.39,9.0254,9.11,7.5008,1571000,0.0,1.0
2008-11-06,9.27,9.27,8.59,8.71,7.1714,1801900,0.0,1.0
2008-11-07,8.84,9.27,8.47,8.8,7.2455,1330900,0.0,1.0
2008-11-10,8.22,9.2299,8.22,8.6,7.0809,2252800,0.0,1.0
2008-11-11,8.46,8.89,8.0,8.54,7.0315,1923900,0.0,1.0
2008-11-12,8.33,8.53,7.82,8.0,6.5868,2729300,0.0,1.0
2008-11-13,8.0,9.69,7.9,9.69,7.9783,2297700,0.0,1.0
2008-11-14,9.38,9.58,8.8,8.85,7.2867,1955300,0.0,1.0
2008-11-17,8.68,9.22,8.46,8.85,7.2867,2123300,0.0,1.0
2008-11-18,8.95,9.92,8.57,9.92,8.1677,1600200,0.0,1.0
2008-11-19,9.8,9.95,8.94,9.16,7.5419,1731700,0.0,1.0
2008-11-20,8.84,9.71,8.35,8.62,7.0973,1874500,0.0,1.0
2008-11-21,8.85,8.85,7.24,8.46,6.9656,2003500,0.0,1.0
2008-11-24,8.7,9.0,8.27,8.81,7.2538,1619800,0.0,1.0
2008-11-25,8.93,9.41,8.62,9.4,7.863,1505300,0.15,1.0
2008-11-26,9.05,10.25,9.05,10.02,8.3817,2153400,0.0,1.0
2008-11-28,9.6,10.0,9.33,9.94,8.3148,554000,0.0,1.0
2008-12-01,9.62,9.7,8.62,8.71,7.2859,1015200,0.0,1.0
2008-12-02,9.11,9.6,8.68,9.3,7.7794,1301400,0.0,1.0
2008-12-03,9.4,9.52,8.86,9.34,7.8129,1398900,0.0,1.0
2008-12-04,9.07,9.43,8.47,8.72,7.2942,1994400,0.0,1.0
2008-12-05,8.71,9.2,8.25,9.06,7.5786,1994400,0.0,1.0
2008-12-08,9.37,10.49,9.19,10.07,8.4235,1609700,0.0,1.0
2008-12-09,9.89,10.25,9.824,9.91,8.2897,1130500,0.0,1.0
2008-12-10,10.07,10.6825,10.0,10.67,8.9254,1723100,0.0,1.0
2008-12-11,10.45,11.2,10.32,10.68,8.9338,1687000,0.0,1.0
2008-12-12,10.21,10.94,9.95,10.91,9.1262,2724400,0.0,1.0
2008-12-15,10.94,11.55,9.5,9.61,8.0387,1536400,0.0,1.0
2008-12-16,9.8,9.85,8.91,9.5,7.9467,3251000,0.0,1.0
2008-12-17,9.41,9.72,9.0,9.1,7.6121,2366300,0.0,1.0
2008-12-18,9.07,9.1,8.305,8.77,7.3361,2392400,0.0,1.0
2008-12-19,8.98,9.3095,8.23,8.82,7.3779,2789700,0.0,1.0
2008-12-22,8.83,8.83,7.82,8.31,6.9513,1641300,0.0,1.0
2008-12-23,8.34,8.5,8.0,8.07,6.7505,1082500,0.0,1.0
2008-12-24,8.65,8.65,7.88,7.97,6.6669,681300,0.0,1.0
2008-12-26,8.03,8.03,7.76,7.89,6.5999,594000,0.0,1.0
2008-12-29,7.87,8.05,7.76,8.03,6.7171,1538300,0.0,1.0
2008-12-30,8.15,8.49,7.96,8.46,7.0767,1627400,0.0,1.0
2008-12-31,8.53,9.07,8.46,8.89,7.4364,1396200,0.0,1.0
2009-01-02,8.94,9.58,8.89,9.45,7.9049,595000,0.0,1.0
2009-01-05,9.26,10.0,9.09,9.92,8.298,1452200,0.0,1.0
2009-01-06,9.89,10.03,9.48,9.78,8.1809,1443500,0.0,1.0
2009-01-07,9.76,9.76,8.81,8.92,7.4615,1527000,0.0,1.0
2009-01-08,8.92,9.5,8.62,9.31,7.7878,986000,0.0,1.0
2009-01-09,9.33,9.44,8.86,8.94,7.4783,698600,0.0,1.0
2009-01-12,8.9,9.3,8.75,9.2,7.6958,1798800,0.0,1.0
2009-01-13,9.14,9.34,8.82,9.09,7.6037,1132200,0.0,1.0
2009-01-14,8.78,8.86,8.36,8.7,7.2775,1502300,0.0,1.0
2009-01-15,8.79,9.28,8.32,8.87,7.4197,1574200,0.0,1.0
2009-01-16,9.03,9.15,8.6,8.93,7.4699,774200,0.0,1.0
2009-01-20,8.88,8.88,8.13,8.15,6.8174,1938800,0.0,1.0
2009-01-21,8.26,8.35,7.95,8.33,6.968,1366500,0.0,1.0
2009-01-22,8.3,8.31,7.9,7.95,6.6501,1247000,0.0,1.0
2009-01-23,7.88,8.73,7.73,8.34,6.9764,1208100,0.0,1.0
2009-01-26,8.49,8.59,8.12,8.2,6.8593,1151400,0.0,1.0
2009-01-27,8.21,8.45,8.13,8.27,6.9178,1257100,0.0,1.0
2009-01-28,8.43,8.859,8.29,8.8,7.3612,829000,0.0,1.0
2009-01-29,8.65,8.7,8.54,8.66,7.244,996900,0.0,1.0
2009-01-30,8.59,8.8,8.2,8.69,7.2691,1218300,0.0,1.0
2009-02-02,8.56,8.87,8.39,8.65,7.2357,1005000,0.0,1.0
2009-02-03,8.66,8.89,8.36,8.75,7.3193,675900,0.0,1.0
2009-02-04,9.0,9.0,8.21,8.27,6.9178,970700,0.0,1.0
2009-02-05,8.12,8.6,7.99,8.46,7.0767,1361100,0.0,1.0
2009-02-06,8.45,9.36,8.45,9.16,7.6623,1298100,0.0,1.0
2009-02-09,9.05,9.21,8.74,9.05,7.5703,572600,0.0,1.0
2009-02-10,8.94,9.1,8.11,8.29,6.9345,1157800,0.0,1.0
2009-02-11,8.4,8.77,8.35,8.6,7.1939,589800,0.0,1.0
2009-02-12,8.48,8.76,8.32,8.73,7.3026,485400,0.0,1.0
2009-02-13,8.71,9.0,8.5,8.6,7.1939,357600,0.0,1.0
2009-02-17,8.39,8.43,8.25,8.25,6.9011,679800,0.0,1.0
2009-02-18,8.15,8.16,7.75,7.76,6.4912,622100,0.0,1.0
2009-02-19,7.97,7.97,7.22,7.25,6.0646,986700,0.0,1.0
2009-02-20,7.05,7.19,6.65,6.89,5.7634,992900,0.0,1.0
2009-02-23,6.95,7.12,6.59,6.85,5.73,1244000,0.0,1.0
2009-02-24,7.02,7.3,6.9,7.23,6.0479,1030200,0.0,1.0
2009-02-25,7.21,7.41,6.81,7.12,5.9558,655000,0.0,1.0
2009-02-26,7.19,7.23,6.67,6.77,5.6631,622800,0.0,1.0
2009-02-27,6.5,7.15,6.05,6.71,5.6129,1354400,0.0,1.0
2009-03-02,6.49,6.98,6.25,6.75,5.6463,2168100,0.0,1.0
2009-03-03,6.86,6.96,6.33,6.35,5.3117,1478000,0.0,1.0
2009-03-04,6.41,7.04,6.26,6.73,5.6296,1096200,0.0,1.0
2009-03-05,6.65,6.99,6.15,6.75,5.7718,1721400,0.15,1.0
2009-03-06,6.75,6.9,6.19,6.47,5.5324,1069900,0.0,1.0
2009-03-09,6.37,6.6,6.1,6.35,5.4298,889600,0.0,1.0
2009-03-10,6.58,7.57,6.58,7.46,6.3789,1397900,0.0,1.0
2009-03-11,7.54,7.61,6.99,7.19,6.148,1685700,0.0,1.0
2009-03-12,7.14,7.79,6.88,7.76,6.6354,1231900,0.0,1.0
2009-03-13,7.82,8.2,7.59,8.15,6.9689,584000,0.0,1.0
2009-03-16,8.21,8.4,7.7,7.86,6.721,785900,0.0,1.0
2009-03-17,7.83,8.33,7.68,8.33,7.1228,775700,0.0,1.0
2009-03-18,8.45,8.63,8.0,8.47,7.2426,806200,0.0,1.0
2009-03-19,8.42,9.12,8.265,9.03,7.7214,869100,0.0,1.0
2009-03-20,9.13,9.21,8.85,8.87,7.5846,895000,0.0,1.0
2009-03-23,9.15,9.85,9.09,9.85,8.4226,1221600,0.0,1.0
2009-03-24,9.62,10.06,9.61,9.77,8.3542,1048800,0.0,1.0
2009-03-25,9.84,10.39,9.18,9.74,8.3285,771100,0.0,1.0
2009-03-26,9.67,10.2,9.67,10.2,8.7219,781500,0.0,1.0
2009-03-27,10.39,10.39,9.28,9.41,8.0463,695200,0.0,1.0
2009-03-30,9.13,9.13,8.62,8.79,7.5162,760800,0.0,1.0
2009-03-31,8.87,9.14,8.54,9.0,7.6958,980700,0.0,1.0
2009-04-01,8.75,9.39,8.75,9.2,7.8668,993800,0.0,1.0
2009-04-02,9.44,10.44,9.22,10.28,8.7903,1480500,0.0,1.0
2009-04-03,10.26,11.0,10.1,10.9,9.3204,1801800,0.0,1.0
2009-04-06,10.78,10.81,10.32,10.4,8.8929,1217400,0.0,1.0
2009-04-07,9.96,10.0,9.25,9.54,8.1575,1017600,0.0,1.0
2009-04-08,9.58,9.88,9.5,9.75,8.3371,599500,0.0,1.0
2009-04-09,10.05,10.72,9.89,10.4,8.8929,1334400,0.0,1.0
2009-04-13,10.0,10.54,10.0,10.2,8.7219,1373600,0.0,1.0
2009-04-14,9.95,10.12,9.8,9.87,8.4397,991000,0.0,1.0
2009-04-15,9.84,9.89,9.34,9.76,8.3456,897300,0.0,1.0
2009-04-16,9.83,10.05,9.72,9.96,8.5166,1517800,0.0,1.0
2009-04-17,9.95,10.09,9.62,10.0,8.5508,1321300,0.0,1.0
2009-04-20,9.73,9.83,9.36,9.39,8.0292,960900,0.0,1.0
2009-04-21,9.4,9.79,9.25,9.71,8.3029,1192900,0.0,1.0
2009-04-22,9.55,9.95,9.49,9.86,8.4311,2002100,0.0,1.0
2009-04-23,9.91,10.128,9.73,9.95,8.5081,1478000,0.0,1.0
2009-04-24,9.97,10.07,9.84,9.96,8.5166,1731700,0.0,1.0
2009-04-27,9.8,10.37,9.75,10.0,8.5508,890400,0.0,1.0
2009-04-28,9.89,11.11,9.83,11.11,9.5,1524500,0.0,1.0
2009-04-29,11.17,12.85,11.12,12.02,10.2781,4353600,0.0,1.0
2009-04-30,12.33,12.82,11.61,11.61,9.9275,1711400,0.0,1.0
2009-05-01,11.67,12.39,11.41,11.99,10.2524,1180000,0.0,1.0
2009-05-04,12.01,12.41,11.91,12.0,10.261,1699800,0.0,1.0
2009-05-05,12.21,12.45,11.35,11.75,10.0472,2198600,0.0,1.0
2009-05-06,11.76,12.14,11.42,12.01,10.2696,1909100,0.0,1.0
2009-05-07,12.25,12.85,11.73,11.94,10.2097,1982500,0.0,1.0
2009-05-08,12.09,12.46,11.73,11.98,10.2439,2011800,0.0,1.0
2009-05-11,11.64,11.91,11.29,11.3,9.6624,1221300,0.0,1.0
2009-05-12,11.34,11.35,10.83,11.08,9.4743,1265000,0.0,1.0
2009-05-13,10.81,10.87,10.17,10.18,8.7047,1831000,0.0,1.0
2009-05-14,10.34,10.87,10.11,10.59,9.0553,1668400,0.0,1.0
2009-05-15,10.69,10.77,10.45,10.56,9.0297,898900,0.0,1.0
2009-05-18,10.71,10.71,10.32,10.63,9.0895,1444000,0.0,1.0
2009-05-19,10.61,11.21,10.53,11.11,9.5,1220700,0.0,1.0
2009-05-20,11.22,11.49,10.53,10.68,9.1323,1739100,0.0,1.0
2009-05-21,10.49,10.67,10.2,10.36,8.8587,785900,0.0,1.0
2009-05-22,10.4,10.62,10.16,10.35,8.8501,604600,0.0,1.0
2009-05-26,10.28,11.21,10.25,11.03,9.4316,2057700,0.0,1.0
2009-05-27,10.94,11.25,10.7,10.75,9.1921,1104300,0.0,1.0
2009-05-28,10.77,10.824,10.01,10.46,8.9869,1370800,0.05,1.0
2009-05-29,10.52,10.72,10.32,10.6,9.1072,1381700,0.0,1.0
2009-06-01,10.91,11.4,10.86,11.21,9.6313,1469200,0.0,1.0
2009-06-02,11.17,11.47,10.93,10.94,9.3993,1595600,0.0,1.0
2009-06-03,10.88,11.23,10.71,10.9,9.365,1016800,0.0,1.0
2009-06-04,10.93,11.06,10.72,10.9,9.365,688900,0.0,1.0
2009-06-05,11.05,11.75,10.97,11.67,10.0265,1829800,0.0,1.0
2009-06-08,11.46,11.88,11.22,11.65,10.0093,1093500,0.0,1.0
2009-06-09,11.77,12.4,11.76,12.32,10.585,1959900,0.0,1.0
2009-06-10,12.42,12.98,12.36,12.95,11.1263,2619700,0.0,1.0
2009-06-11,12.92,14.28,12.78,14.05,12.0713,3624500,0.0,1.0
2009-06-12,14.17,14.59,13.8,14.55,12.5009,1313800,0.0,1.0
2009-06-15,14.15,14.16,13.07,13.38,11.4957,1559600,0.0,1.0
2009-06-16,13.53,14.1,13.27,13.43,11.5387,1072100,0.0,1.0
2009-06-17,13.41,13.72,13.25,13.56,11.6504,1026600,0.0,1.0
2009-06-18,13.31,13.63,13.16,13.57,11.6589,1145400,0.0,1.0
2009-06-19,13.75,14.21,13.44,13.47,11.573,1535200,0.0,1.0
2009-06-22,13.43,13.68,12.59,12.74,10.9458,1921700,0.0,1.0
2009-06-23,13.0,13.24,12.61,12.61,10.8341,1606900,0.0,1.0
2009-06-24,12.84,13.56,12.67,13.48,11.5816,2109300,0.0,1.0
2009-06-25,13.49,14.39,13.39,14.39,12.3635,1658800,0.0,1.0
2009-06-26,14.34,14.65,14.18,14.51,12.4666,873700,0.0,1.0
2009-06-29,14.61,15.09,14.27,14.48,12.4408,1492800,0.0,1.0
2009-06-30,14.48,14.83,14.0,14.11,12.1229,1262600,0.0,1.0
2009-07-01,14.18,14.36,13.92,13.98,12.0112,1492200,0.0,1.0
2009-07-02,13.84,13.84,12.93,13.01,11.1778,940400,0.0,1.0
2009-07-06,12.85,12.95,12.31,12.48,10.7225,1134000,0.0,1.0
2009-07-07,12.4,12.54,12.01,12.07,10.3702,1174500,0.0,1.0
2009-07-08,12.2,12.4,11.67,11.99,10.3015,1268300,0.0,1.0
2009-07-09,12.13,12.13,11.46,11.46,9.8461,1979200,0.0,1.0
2009-07-10,11.32,11.81,11.24,11.6,9.9664,2172200,0.0,1.0
2009-07-13,11.52,11.56,11.14,11.49,9.8719,1883300,0.0,1.0
2009-07-14,11.46,11.926,11.32,11.87,10.1984,1533100,0.0,1.0
2009-07-15,11.98,12.67,11.98,12.59,10.817,1824200,0.0,1.0
2009-07-16,12.66,13.53,12.45,13.44,11.5473,1315500,0.0,1.0
2009-07-17,13.56,13.64,13.221,13.62,11.7019,826800,0.0,1.0
2009-07-20,13.68,13.99,13.58,13.68,11.7535,1156700,0.0,1.0
2009-07-21,13.76,13.81,13.45,13.69,11.762,728400,0.0,1.0
2009-07-22,13.5,13.96,13.47,13.78,11.8394,725300,0.0,1.0
2009-07-23,13.73,14.12,13.53,13.92,11.9597,1343800,0.0,1.0
2009-07-24,13.69,13.94,13.29,13.53,11.6246,900100,0.0,1.0
2009-07-27,13.6,13.75,13.29,13.63,11.7105,607100,0.0,1.0
2009-07-28,13.5,13.9,13.45,13.9,11.9425,482800,0.0,1.0
2009-07-29,13.69,14.17,13.64,14.1,12.1143,1026700,0.0,1.0
2009-07-30,14.25,15.58,14.11,14.93,12.8274,1288000,0.0,1.0
2009-07-31,14.86,15.31,14.86,15.07,12.9477,812300,0.0,1.0
2009-08-03,15.39,15.72,14.85,15.72,13.5062,1068600,0.0,1.0
2009-08-04,15.75,15.75,14.68,14.99,12.879,1344400,0.0,1.0
2009-08-05,14.885,15.07,14.43,14.48,12.4408,1143500,0.0,1.0
2009-08-06,14.69,15.05,14.4,15.0,12.8876,916900,0.0,1.0
2009-08-07,15.29,16.45,15.29,15.93,13.6866,940200,0.0,1.0
2009-08-10,15.73,16.06,15.66,15.78,13.5577,1062900,0.0,1.0
2009-08-11,15.86,15.88,14.97,14.99,12.879,1148800,0.0,1.0
2009-08-12,15.04,16.14,14.99,15.84,13.6093,1967400,0.0,1.0
2009-08-13,15.98,16.75,15.8,16.62,14.2794,1426700,0.0,1.0
2009-08-14,16.51,16.51,15.96,16.46,14.142,1166400,0.0,1.0
2009-08-17,16.1,16.32,15.3,15.59,13.3945,737500,0.0,1.0
2009-08-18,15.72,16.45,15.57,15.96,13.7124,1045200,0.0,1.0
2009-08-19,15.72,16.68,15.67,16.59,14.2536,659900,0.0,1.0
2009-08-20,16.72,17.864,16.56,17.02,14.6231,1397800,0.0,1.0
2009-08-21,17.39,17.73,16.94,17.25,14.8207,1187800,0.0,1.0
2009-08-24,17.46,17.8,16.92,16.94,14.5544,1268100,0.0,1.0
2009-08-25,17.27,17.95,16.9,17.36,14.9152,1393900,0.0,1.0
2009-08-26,17.27,17.39,16.6,16.8,14.4341,1091600,0.0,1.0
2009-08-27,16.8,16.8,16.8,16.8,14.4341,1083300,0.0,1.0
2009-08-28,16.83,17.1,16.08,16.4,14.1334,1019600,0.05,1.0
2009-08-31,16.19,16.25,15.77,15.86,13.668,790000,0.0,1.0
2009-09-01,15.69,16.21,14.98,15.11,13.0216,1421900,0.0,1.0
2009-09-02,15.04,15.44,14.52,14.89,12.8321,570100,0.0,1.0
2009-09-03,14.93,15.2,14.8,15.2,13.0992,726600,0.0,1.0
2009-09-04,15.2,15.29,14.91,15.24,13.1337,787500,0.0,1.0
2009-09-08,15.35,15.85,15.23,15.76,13.5818,910900,0.0,1.0
2009-09-09,15.75,16.47,15.61,16.36,14.0989,1079200,0.0,1.0
2009-09-10,16.3,16.63,16.03,16.44,14.1678,425100,0.0,1.0
2009-09-11,16.47,16.88,16.47,16.84,14.5125,604200,0.0,1.0
2009-09-14,16.63,17.1,16.61,16.9,14.5643,717400,0.0,1.0
2009-09-15,16.82,17.01,16.57,16.68,14.3747,786200,0.0,1.0
2009-09-16,16.8,17.26,16.75,17.01,14.6591,958800,0.0,1.0
2009-09-17,17.04,17.24,16.67,16.81,14.4867,503200,0.0,1.0
2009-09-18,16.87,17.05,16.15,17.02,14.6677,788700,0.0,1.0
2009-09-21,16.89,16.97,16.54,16.92,14.5815,476300,0.0,1.0
2009-09-22,16.97,17.64,16.78,16.94,14.5987,597800,0.0,1.0
2009-09-23,16.94,16.94,16.42,16.42,14.1506,570600,0.0,1.0
2009-09-24,16.51,16.67,15.83,16.01,13.7973,550100,0.0,1.0
2009-09-25,15.73,16.16,15.5,15.66,13.4956,470800,0.0,1.0
2009-09-28,15.71,16.48,15.65,16.43,14.1592,578200,0.0,1.0
2009-09-29,16.5,17.36,16.36,17.01,14.6591,907800,0.0,1.0
2009-09-30,17.11,17.46,16.61,17.23,14.8486,954600,0.0,1.0
2009-10-01,17.05,17.11,16.49,16.52,14.2368,1329500,0.0,1.0
2009-10-02,16.29,16.62,15.9,16.15,13.9179,775800,0.0,1.0
2009-10-05,16.19,17.23,16.04,17.07,14.7108,1222400,0.0,1.0
2009-10-06,17.21,17.5,17.01,17.25,14.8659,686300,0.0,1.0
2009-10-07,17.23,17.51,16.84,17.15,14.7797,870700,0.0,1.0
2009-10-08,17.18,18.04,17.17,17.95,15.4691,1043400,0.0,1.0
2009-10-09,17.94,19.05,17.75,19.01,16.3826,2132500,0.0,1.0
2009-10-12,19.02,19.48,18.59,18.63,16.0552,1009900,0.0,1.0
2009-10-13,18.45,18.59,18.11,18.21,15.6932,815500,0.0,1.0
2009-10-14,18.61,19.46,18.22,19.38,16.7015,845200,0.0,1.0
2009-10-15,19.15,19.265,18.83,18.86,16.2534,799000,0.0,1.0
2009-10-16,18.8,18.83,18.14,18.49,15.9345,573500,0.0,1.0
2009-10-19,18.58,18.98,18.3,18.66,16.081,400800,0.0,1.0
2009-10-20,18.64,18.64,17.71,17.92,15.4433,709300,0.0,1.0
2009-10-21,17.79,18.75,17.68,17.7,15.2537,823000,0.0,1.0
2009-10-22,17.71,18.36,17.45,18.18,15.6673,743500,0.0,1.0
2009-10-23,18.27,18.37,17.51,17.6,15.1675,470900,0.0,1.0
2009-10-26,17.59,17.99,17.05,17.06,14.7021,576300,0.0,1.0
2009-10-27,17.28,17.3,16.39,16.46,14.1851,665400,0.0,1.0
2009-10-28,16.45,16.51,15.4,15.43,13.2974,890700,0.0,1.0
2009-10-29,15.56,16.46,15.4,16.36,14.0989,712800,0.0,1.0
2009-10-30,16.22,16.63,15.75,15.86,13.668,1176000,0.0,1.0
2009-11-02,15.97,16.06,15.2,15.93,13.7283,1193900,0.0,1.0
2009-11-03,15.9,16.32,15.75,16.23,13.9869,973300,0.0,1.0
2009-11-04,16.31,16.55,15.81,15.89,13.6938,973600,0.0,1.0
2009-11-05,16.11,18.48,16.02,18.21,15.6932,2607600,0.0,1.0
2009-11-06,17.7,18.59,16.8,17.42,15.0124,1545100,0.0,1.0
2009-11-09,17.67,17.8,17.25,17.74,15.2882,845700,0.0,1.0
2009-11-10,17.78,17.89,17.09,17.75,15.2968,864000,0.0,1.0
2009-11-11,17.91,18.1,17.44,17.56,15.133,776100,0.0,1.0
2009-11-12,17.95,19.5,17.95,18.22,15.7018,2223300,0.0,1.0
2009-11-13,18.39,18.83,18.17,18.63,16.0552,694500,0.0,1.0
2009-11-16,18.99,20.14,18.84,20.07,17.2961,1579400,0.0,1.0
2009-11-17,19.92,20.99,19.72,20.89,18.0028,1524700,0.0,1.0
2009-11-18,20.84,20.85,20.3607,20.73,17.8649,710200,0.0,1.0
2009-11-19,20.58,20.58,19.48,19.67,16.9514,844400,0.0,1.0
2009-11-20,19.53,19.89,19.14,19.77,17.0376,659900,0.0,1.0
2009-11-23,20.05,20.29,19.89,20.0,17.2358,955900,0.0,1.0
2009-11-24,19.95,20.06,19.23,19.56,16.8566,741100,0.0,1.0
2009-11-25,19.6,20.02,19.48,19.98,17.2186,676200,0.0,1.0
2009-11-27,19.12,19.49,18.63,19.21,16.5981,352300,0.05,1.0
2009-11-30,19.34,19.34,18.65,18.97,16.3907,1153500,0.0,1.0
2009-12-01,19.23,19.72,19.04,19.25,16.6326,776400,0.0,1.0
2009-12-02,19.33,20.03,19.17,19.93,17.2202,585100,0.0,1.0
2009-12-03,20.13,20.45,19.71,19.77,17.0819,860200,0.0,1.0
2009-12-04,20.42,20.77,19.85,20.36,17.5917,603800,0.0,1.0
2009-12-07,20.39,20.54,19.86,19.99,17.272,505300,0.0,1.0
2009-12-08,19.77,19.9,19.25,19.53,16.8746,794300,0.0,1.0
2009-12-09,19.53,19.8,19.21,19.67,16.9955,482600,0.0,1.0
2009-12-10,19.92,20.56,19.86,20.03,17.3066,586100,0.0,1.0
2009-12-11,20.2,20.68,19.97,20.62,17.8164,462000,0.0,1.0
2009-12-14,20.77,21.0,20.49,21.0,18.1447,673500,0.0,1.0
2009-12-15,21.42,22.33,21.14,21.89,18.9137,2036500,0.0,1.0
2009-12-16,21.9,23.67,21.69,23.16,20.011,1598000,0.0,1.0
2009-12-17,22.99,22.99,22.4,22.51,19.4494,875000,0.0,1.0
2009-12-18,22.91,23.49,22.51,22.84,19.7345,1775400,0.0,1.0
2009-12-21,23.24,23.84,22.85,23.4,20.2184,588800,0.0,1.0
2009-12-22,23.42,23.89,23.32,23.46,20.2702,556400,0.0,1.0
2009-12-23,23.49,24.21,23.47,24.0,20.7368,449200,0.0,1.0
2009-12-24,24.0,24.48,23.87,24.4,21.0824,229700,0.0,1.0
2009-12-28,24.39,24.95,23.99,24.2,20.9096,483700,0.0,1.0
2009-12-29,24.29,24.38,23.15,23.21,20.0542,775700,0.0,1.0
2009-12-30,23.02,23.29,22.72,23.24,20.0801,579200,0.0,1.0
2009-12-31,23.24,23.51,22.48,22.48,19.4235,518600,0.0,1.0
2010-01-04,22.69,23.84,22.69,23.4,20.2184,630800,0.0,1.0
2010-01-05,23.55,23.78,22.98,23.21,20.0542,541000,0.0,1.0
2010-01-06,23.26,23.57,23.02,23.14,19.9937,443800,0.0,1.0
2010-01-07,23.09,23.21,22.48,22.85,19.7432,631800,0.0,1.0
2010-01-08,23.01,23.27,22.82,23.18,20.0283,1301300,0.0,1.0
2010-01-11,23.19,23.68,22.67,23.04,19.9073,639700,0.0,1.0
2010-01-12,22.78,23.63,22.57,23.59,20.3825,1503600,0.0,1.0
2010-01-13,23.76,25.83,23.56,25.63,22.1452,2296200,0.0,1.0
2010-01-14,25.57,25.98,25.31,25.68,22.1884,824800,0.0,1.0
2010-01-15,25.42,26.0,24.79,24.97,21.5749,1112900,0.0,1.0
2010-01-19,25.07,25.91,25.04,25.43,21.9724,1005000,0.0,1.0
2010-01-20,25.06,25.11,24.3101,24.91,21.5231,724500,0.0,1.0
2010-01-21,24.86,25.07,24.18,24.3,20.996,1370000,0.0,1.0
2010-01-22,24.17,24.91,24.09,24.36,21.0479,2198900,0.0,1.0
2010-01-25,24.67,25.14,24.4,25.02,21.6181,882100,0.0,1.0
2010-01-26,24.82,25.57,24.8,25.09,21.6786,1311400,0.0,1.0
2010-01-27,24.94,25.36,24.27,24.94,21.549,721600,0.0,1.0
2010-01-28,24.96,25.08,22.52,23.37,20.1925,1650700,0.0,1.0
2010-01-29,23.45,24.2,23.17,23.24,20.0801,1119000,0.0,1.0
2010-02-01,23.38,23.58,22.43,23.09,19.9505,1181700,0.0,1.0
2010-02-02,23.09,24.63,22.99,24.52,21.1861,1018400,0.0,1.0
2010-02-03,24.38,25.99,24.38,25.02,21.6181,1932700,0.0,1.0
2010-02-04,24.68,24.84,22.85,22.92,19.8036,1513800,0.0,1.0
2010-02-05,22.91,23.09,21.76,22.18,19.1643,1484000,0.0,1.0
2010-02-08,22.19,22.96,21.99,22.11,19.1038,510600,0.0,1.0
2010-02-09,22.36,22.84,22.07,22.45,19.3975,621700,0.0,1.0
2010-02-10,22.41,22.91,22.16,22.45,19.3975,634400,0.0,1.0
2010-02-11,22.45,23.38,22.11,23.34,20.1665,656500,0.0,1.0
2010-02-12,23.05,23.62,22.89,23.44,20.2529,974900,0.0,1.0
2010-02-16,23.71,24.25,23.49,24.1,20.8232,394000,0.0,1.0
2010-02-17,24.2,24.38,23.79,24.18,20.8923,449100,0.0,1.0
2010-02-18,24.2,24.75,24.09,24.35,21.0392,756500,0.0,1.0
2010-02-19,24.25,24.5,24.0801,24.43,21.1083,412700,0.0,1.0
2010-02-22,24.46,24.51,23.94,24.06,20.7886,273400,0.0,1.0
2010-02-23,23.87,24.0,23.29,23.49,20.2961,549100,0.0,1.0
2010-02-24,23.56,24.03,23.36,23.8,20.564,588900,0.0,1.0
2010-02-25,23.4,23.67,23.21,23.57,20.3653,807400,0.0,1.0
2010-02-26,23.7,24.76,23.47,24.3,20.996,859300,0.0,1.0
2010-03-01,25.78,26.52,24.51,26.51,22.9055,2120500,0.0,1.0
2010-03-02,26.49,28.91,26.49,27.96,24.1584,4332600,0.0,1.0
2010-03-03,28.15,30.45,28.04,29.71,25.6704,4172400,0.0,1.0
2010-03-04,29.71,29.71,29.71,29.71,25.6704,2137600,0.0,1.0
2010-03-05,30.0,31.8,29.73,30.78,26.6381,2669400,0.05,1.0
2010-03-08,30.84,31.39,30.26,30.59,26.4737,1312000,0.0,1.0
2010-03-09,30.34,30.87,30.03,30.26,26.1881,1776700,0.0,1.0
2010-03-10,30.26,30.8099,29.77,30.67,26.5429,1237300,0.0,1.0
2010-03-11,30.43,30.67,29.66,30.21,26.1448,1271500,0.0,1.0
2010-03-12,30.34,30.4,29.11,29.8,25.79,1170300,0.0,1.0
2010-03-15,29.8,29.92,28.73,29.39,25.4352,1078900,0.0,1.0
2010-03-16,29.55,31.0,29.16,30.9,26.742,1493300,0.0,1.0
2010-03-17,30.88,31.25,30.47,30.79,26.6468,986700,0.0,1.0
2010-03-18,30.72,30.96,30.5,30.66,26.5343,810300,0.0,1.0
2010-03-19,30.84,30.87,29.52,29.59,25.6083,1390800,0.0,1.0
2010-03-22,29.44,31.21,28.94,30.94,26.7766,1157900,0.0,1.0
2010-03-23,30.49,32.11,30.15,32.03,27.7199,2349200,0.0,1.0
2010-03-24,31.66,32.04,31.4575,31.51,27.2699,885100,0.0,1.0
2010-03-25,31.75,32.23,31.44,31.45,27.218,975300,0.0,1.0
2010-03-26,31.67,32.15,31.37,31.71,27.443,1096000,0.0,1.0
2010-03-29,31.93,32.21,31.5701,31.84,27.5555,528200,0.0,1.0
2010-03-30,32.01,32.1991,31.0601,31.85,27.5642,653800,0.0,1.0
2010-03-31,31.53,31.99,31.04,31.09,26.9064,628600,0.0,1.0
2010-04-01,31.37,32.09,31.37,32.04,27.7286,665500,0.0,1.0
2010-04-05,32.31,32.48,31.615,32.48,28.1094,930300,0.0,1.0
2010-04-06,32.2,33.7,31.9,33.66,29.1306,1302800,0.0,1.0
2010-04-07,33.43,33.46,32.44,33.14,28.6806,1161100,0.0,1.0
2010-04-08,32.93,33.64,31.815,33.54,29.0268,1037300,0.0,1.0
2010-04-09,33.51,33.92,32.83,33.91,29.347,981600,0.0,1.0
2010-04-12,33.94,34.11,33.41,34.0,29.4249,750600,0.0,1.0
2010-04-13,33.94,34.99,33.87,34.98,30.273,1290600,0.0,1.0
2010-04-14,35.39,36.25,35.06,36.13,31.2682,2170600,0.0,1.0
2010-04-15,36.14,36.88,35.82,36.69,31.7529,2021700,0.0,1.0
2010-04-16,36.73,36.8247,35.1,36.53,31.6144,2014400,0.0,1.0
2010-04-19,36.17,37.44,36.04,36.94,31.9692,2514900,0.0,1.0
2010-04-20,37.36,38.25,37.0,38.07,32.9472,1667300,0.0,1.0
2010-04-21,38.07,38.3825,37.47,37.94,32.8347,1514000,0.0,1.0
2010-04-22,37.38,38.33,36.69,38.1,32.9731,1150400,0.0,1.0
2010-04-23,38.1,38.9925,37.91,38.64,33.4405,1382600,0.0,1.0
2010-04-26,38.51,39.0,37.5,37.7,32.627,1241000,0.0,1.0
2010-04-27,37.32,37.75,34.79,34.93,30.2297,2403100,0.0,1.0
2010-04-28,35.3,36.21,34.95,35.64,30.8442,1989600,0.0,1.0
2010-04-29,36.2,36.3,34.7,35.11,30.3855,1638600,0.0,1.0
2010-04-30,35.08,35.1999,33.38,33.4,28.9056,1517400,0.0,1.0
2010-05-03,33.66,35.63,33.66,35.3,30.5499,1610500,0.0,1.0
2010-05-04,34.31,35.048,33.7,34.65,29.9874,1827500,0.0,1.0
2010-05-05,34.14,35.62,33.66,34.97,30.2643,2309800,0.0,1.0
2010-05-06,34.61,46.52,27.85,33.0,28.5594,5354200,0.0,1.0
2010-05-07,33.7,33.75,29.1,29.32,25.3746,3564800,0.0,1.0
2010-05-10,31.61,33.72,31.0,33.14,28.6806,3430300,0.0,1.0
2010-05-11,32.53,34.98,32.19,34.12,29.5287,2798400,0.0,1.0
2010-05-12,34.43,36.62,34.31,36.2,31.3288,2959900,0.0,1.0
2010-05-13,36.2,37.16,35.63,36.13,31.2682,1554800,0.0,1.0
2010-05-14,35.7,36.13,33.23,33.59,29.07,2203500,0.0,1.0
2010-05-17,33.71,34.47,31.12,32.88,28.4556,2524900,0.0,1.0
2010-05-18,33.64,34.24,31.26,31.61,27.3565,2191300,0.0,1.0
2010-05-19,31.32,32.47,30.77,31.49,27.2526,2020600,0.0,1.0
2010-05-20,30.04,30.92,29.18,29.47,25.5044,2853400,0.0,1.0
2010-05-21,28.69,30.96,28.36,30.43,26.3352,1784900,0.0,1.0
2010-05-24,30.3,30.74,29.81,29.92,25.8939,1028000,0.0,1.0
2010-05-25,28.43,29.89,27.8,29.86,25.8419,1857900,0.0,1.0
2010-05-26,30.0,31.59,29.63,29.96,25.9285,1586100,0.0,1.0
2010-05-27,30.54,32.7,30.54,32.69,28.3344,1847700,0.05,1.0
2010-05-28,32.46,33.13,31.97,32.5,28.1697,1845500,0.0,1.0
2010-06-01,31.76,32.3,30.6,30.6,26.5229,1222000,0.0,1.0
2010-06-02,30.94,32.06,30.01,32.05,27.7797,1376200,0.0,1.0
2010-06-03,32.18,32.97,31.49,32.45,28.1264,977800,0.0,1.0
2010-06-04,31.12,31.6,30.0,30.27,26.2368,1662700,0.0,1.0
2010-06-07,30.35,30.56,28.78,28.87,25.0234,1082000,0.0,1.0
2010-06-08,28.92,29.25,28.0001,29.16,25.2747,1580700,0.0,1.0
2010-06-09,29.45,30.774,29.13,29.64,25.6908,1180000,0.0,1.0
2010-06-10,30.7,31.35,30.59,31.31,27.1383,1815100,0.0,1.0
2010-06-11,30.7,31.869,30.62,31.1,26.9563,1133300,0.0,1.0
2010-06-14,31.61,32.25,31.23,31.39,27.2076,1021900,0.0,1.0
2010-06-15,31.72,32.05,31.25,31.72,27.4936,1273800,0.0,1.0
2010-06-16,30.87,32.4,30.87,31.91,27.6583,992900,0.0,1.0
2010-06-17,32.28,32.28,31.11,31.99,27.7277,781700,0.0,1.0
2010-06-18,32.17,33.01,31.55,32.88,28.4991,1362400,0.0,1.0
2010-06-21,33.51,33.94,31.42,31.7,27.4763,1149700,0.0,1.0
2010-06-22,31.82,32.04,28.91,29.04,25.1707,2407600,0.0,1.0
2010-06-23,28.91,29.3,28.0,28.24,24.4773,2442100,0.0,1.0
2010-06-24,27.89,27.96,25.19,26.09,22.6138,5616800,0.0,1.0
2010-06-25,26.09,26.57,25.79,26.17,22.6831,2142900,0.0,1.0
2010-06-28,26.16,26.41,23.68,23.75,20.5856,3244500,0.0,1.0
2010-06-29,23.4,23.59,22.2,22.81,19.7708,3795700,0.0,1.0
2010-06-30,22.56,23.28,22.22,22.87,19.8228,3231800,0.0,1.0
2010-07-01,22.79,23.17,22.25,22.78,19.7448,1857800,0.0,1.0
2010-07-02,22.98,23.0,22.06,22.27,19.3028,831900,0.0,1.0
2010-07-06,22.85,23.92,22.33,22.49,19.4934,2349400,0.0,1.0
2010-07-07,22.58,24.37,22.55,24.21,20.9843,1643400,0.0,1.0
2010-07-08,24.71,24.78,23.77,24.23,21.0016,860200,0.0,1.0
2010-07-09,24.44,25.76,24.18,25.67,22.2497,1239900,0.0,1.0
2010-07-12,25.5,25.91,24.94,25.49,22.0937,1123400,0.0,1.0
2010-07-13,25.93,26.88,25.8277,26.48,22.9518,1653900,0.0,1.0
2010-07-14,26.25,26.81,26.11,26.6,23.0558,772100,0.0,1.0
2010-07-15,26.55,26.62,25.8,26.48,22.9518,757900,0.0,1.0
2010-07-16,26.16,26.16,24.1,24.13,20.9149,1552400,0.0,1.0
2010-07-19,24.33,24.76,23.37,24.71,21.4177,1472300,0.0,1.0
2010-07-20,24.03,25.88,23.81,25.76,22.3278,1498500,0.0,1.0
2010-07-21,26.03,26.42,25.32,25.4,22.0157,1266200,0.0,1.0
2010-07-22,26.02,26.99,26.02,26.8,23.2292,1126500,0.0,1.0
2010-07-23,26.56,27.7,26.42,27.54,23.8706,860400,0.0,1.0
2010-07-26,27.82,28.39,27.22,28.3,24.5293,884900,0.0,1.0
2010-07-27,28.3,28.8,27.4,27.8,24.0959,940600,0.0,1.0
2010-07-28,27.64,28.15,26.96,27.31,23.6712,870300,0.0,1.0
2010-07-29,27.66,27.95,26.77,27.49,23.8272,805400,0.0,1.0
2010-07-30,26.85,27.44,26.42,27.13,23.5152,805100,0.0,1.0
2010-08-02,27.96,28.14,26.96,27.72,24.0266,845200,0.0,1.0
2010-08-03,27.56,27.57,26.59,27.05,23.4459,618700,0.0,1.0
2010-08-04,27.28,28.19,27.2,27.84,24.1306,829000,0.0,1.0
2010-08-05,27.56,28.28,27.32,27.55,23.8793,1103700,0.0,1.0
2010-08-06,28.0,30.78,28.0,30.61,26.5315,2114000,0.0,1.0
2010-08-09,30.87,31.8,30.67,31.69,27.4676,1468000,0.0,1.0
2010-08-10,31.01,31.29,29.26,30.92,26.8002,1441800,0.0,1.0
2010-08-11,29.85,30.04,28.84,29.36,25.4481,1267300,0.0,1.0
2010-08-12,28.39,29.42,28.12,29.15,25.2661,1154900,0.0,1.0
2010-08-13,28.93,29.56,28.8,29.24,25.3441,761900,0.0,1.0
2010-08-16,28.85,29.42,28.56,28.92,25.0667,705100,0.0,1.0
2010-08-17,29.56,30.36,29.15,30.0,26.0028,825900,0.0,1.0
2010-08-18,29.85,30.87,29.54,30.43,26.3755,1028600,0.0,1.0
2010-08-19,30.05,30.43,29.22,29.61,25.6648,853700,0.0,1.0
2010-08-20,29.15,29.41,28.6,29.36,25.4481,611100,0.0,1.0
2010-08-23,29.73,30.44,29.33,29.75,25.7861,1024200,0.0,1.0
2010-08-24,29.02,29.75,28.59,28.82,24.98,1205000,0.0,1.0
2010-08-25,28.42,29.1887,28.16,29.03,25.1621,867100,0.0,1.0
2010-08-26,29.24,29.68,28.42,28.47,24.6767,768300,0.0,1.0
2010-08-27,29.03,29.34,27.65,28.67,24.85,1047900,0.0,1.0
2010-08-30,28.35,28.6499,26.97,27.0,23.4459,994300,0.05,1.0
2010-08-31,26.58,27.5,26.3001,26.61,23.1072,1457100,0.0,1.0
2010-09-01,27.34,28.49,26.9832,28.37,24.6355,967300,0.0,1.0
2010-09-02,28.28,29.3,28.23,29.21,25.365,691500,0.0,1.0
2010-09-03,30.01,31.59,29.89,30.82,26.763,1113900,0.0,1.0
2010-09-07,30.53,30.61,29.03,29.14,25.3042,906600,0.0,1.0
2010-09-08,29.31,29.77,29.07,29.48,25.5994,1006000,0.0,1.0
2010-09-09,29.94,30.07,29.2996,29.58,25.6863,704800,0.0,1.0
2010-09-10,29.65,29.72,29.16,29.48,25.5994,476500,0.0,1.0
2010-09-13,29.96,31.11,29.8,30.9,26.8325,843200,0.0,1.0
2010-09-14,30.88,31.31,30.68,31.07,26.9801,806000,0.0,1.0
2010-09-15,30.83,32.83,30.6201,32.62,28.3261,1303500,0.0,1.0
2010-09-16,32.42,32.95,31.53,32.09,27.8659,872600,0.0,1.0
2010-09-17,32.41,33.4,32.41,32.86,28.5345,966900,0.0,1.0
2010-09-20,33.0,34.31,32.927,33.51,29.0989,1426600,0.0,1.0
2010-09-21,33.55,33.74,32.66,33.0,28.6561,1079800,0.0,1.0
2010-09-22,32.88,33.5,31.79,32.36,28.1003,913300,0.0,1.0
2010-09-23,31.83,34.1,31.83,33.31,28.9253,1285600,0.0,1.0
2010-09-24,34.17,35.86,34.16,35.08,30.4623,1449100,0.0,1.0
2010-09-27,35.13,36.75,34.95,36.16,31.4001,1909100,0.0,1.0
2010-09-28,36.45,36.48,34.74,36.28,31.5043,985900,0.0,1.0
2010-09-29,36.25,36.86,35.99,36.49,31.6867,772300,0.0,1.0
2010-09-30,36.85,37.42,35.98,36.82,31.9732,1013200,0.0,1.0
2010-10-01,37.47,37.81,36.28,36.6,31.7822,705000,0.0,1.0
2010-10-04,36.29,36.68,35.07,35.59,30.9051,596600,0.0,1.0
2010-10-05,36.44,37.86,36.44,37.39,32.4682,1088300,0.0,1.0
2010-10-06,37.29,37.84,37.03,37.63,32.6766,1034300,0.0,1.0
2010-10-07,37.87,38.63,37.72,38.3,33.2584,1173100,0.0,1.0
2010-10-08,38.33,39.63,37.88,39.43,34.2397,1065900,0.0,1.0
2010-10-11,39.34,40.34,38.18,38.19,33.1629,1649000,0.0,1.0
2010-10-12,38.06,38.1825,37.4,37.63,32.6766,1455600,0.0,1.0
2010-10-13,38.15,39.92,38.06,38.69,33.5971,1210600,0.0,1.0
2010-10-14,38.7,38.7,37.57,37.73,32.7634,985800,0.0,1.0
2010-10-15,38.46,38.48,37.16,37.87,32.885,1041000,0.0,1.0
2010-10-18,37.98,38.0,37.35,37.95,32.9545,538400,0.0,1.0
2010-10-19,37.03,37.88,36.09,36.54,31.7301,939600,0.0,1.0
2010-10-20,36.86,38.22,36.54,37.88,32.8937,748700,0.0,1.0
2010-10-21,38.13,39.76,38.13,39.29,34.1181,1300000,0.0,1.0
2010-10-22,39.41,39.47,38.31,39.0,33.8663,1397900,0.0,1.0
2010-10-25,39.66,41.93,39.44,41.62,36.1414,2045600,0.0,1.0
2010-10-26,41.3,43.53,40.8,42.87,37.2268,2150300,0.0,1.0
2010-10-27,42.19,42.92,41.86,42.81,37.1747,997600,0.0,1.0
2010-10-28,43.01,43.5,42.36,42.91,37.2616,1074800,0.0,1.0
2010-10-29,42.66,44.18,42.66,43.84,38.0692,1326700,0.0,1.0
2010-11-01,44.23,44.68,42.86,43.24,37.5481,1502400,0.0,1.0
2010-11-02,44.39,45.49,43.5,45.12,39.1807,1865400,0.0,1.0
2010-11-03,43.99,44.3795,42.35,44.07,38.2689,1983600,0.0,1.0
2010-11-04,45.13,45.84,44.31,44.72,38.8333,1524100,0.0,1.0
2010-11-05,45.61,47.23,45.17,45.27,39.3109,1421200,0.0,1.0
2010-11-08,45.0,45.6,44.55,44.93,39.0157,1027700,0.0,1.0
2010-11-09,45.37,45.539,43.38,43.73,37.9736,1171000,0.0,1.0
2010-11-10,43.74,44.59,43.0,44.19,38.3731,1206300,0.0,1.0
2010-11-11,43.77,44.9,43.2,44.76,38.868,1264000,0.0,1.0
2010-11-12,44.0,44.3,42.28,42.53,36.9316,1030700,0.0,1.0
2010-11-15,42.81,42.89,41.75,41.85,36.3411,1098100,0.0,1.0
2010-11-16,41.17,42.14,40.51,41.09,35.6811,1153900,0.0,1.0
2010-11-17,41.18,42.05,40.74,41.92,36.4019,954700,0.0,1.0
2010-11-18,42.63,43.06,42.1,42.36,36.784,637800,0.0,1.0
2010-11-19,42.1,42.1,41.4,41.71,36.2195,1225200,0.0,1.0
2010-11-22,41.5,42.35,41.37,42.12,36.5756,832500,0.0,1.0
2010-11-23,41.24,41.59,40.8,41.48,36.0198,1104200,0.0,1.0
2010-11-24,42.0,43.61,42.0,43.44,37.7218,856100,0.0,1.0
2010-11-26,43.19,43.2,42.45,42.69,37.0705,344600,0.0,1.0
2010-11-29,42.25,42.32,41.01,41.89,36.4193,946300,0.05,1.0
2010-11-30,41.24,41.62,40.04,40.11,34.8717,1470000,0.0,1.0
2010-12-01,41.24,41.8,40.0,40.6,35.2977,1151400,0.0,1.0
2010-12-02,40.76,42.25,40.53,41.89,36.4193,771300,0.0,1.0
2010-12-03,41.8,42.56,41.4001,42.41,36.8713,740200,0.0,1.0
2010-12-06,42.25,42.85,41.8,41.94,36.4627,1369400,0.0,1.0
2010-12-07,42.78,44.38,42.26,42.57,37.0104,1929400,0.0,1.0
2010-12-08,42.76,42.88,42.04,42.29,36.767,984900,0.0,1.0
2010-12-09,42.63,43.5,42.63,43.05,37.4278,805000,0.0,1.0
2010-12-10,43.43,44.98,43.41,44.66,38.8275,956800,0.0,1.0
2010-12-13,45.0,45.25,44.39,44.66,38.8275,795500,0.0,1.0
2010-12-14,44.9,45.06,44.33,44.75,38.9057,741400,0.0,1.0
2010-12-15,44.45,45.54,44.16,44.64,38.8101,1017700,0.0,1.0
2010-12-16,45.12,46.26,44.81,46.25,40.2098,1300800,0.0,1.0
2010-12-17,46.35,47.8,46.02,46.77,40.6619,1708300,0.0,1.0
2010-12-20,47.25,47.25,45.24,45.64,39.6795,914000,0.0,1.0
2010-12-21,45.77,47.15,45.77,46.8,40.688,671600,0.0,1.0
2010-12-22,46.97,47.0,45.3,45.36,39.4361,673200,0.0,1.0
2010-12-23,45.54,46.21,44.94,45.56,39.61,633800,0.0,1.0
2010-12-27,45.34,46.09,45.0,45.77,39.7925,281600,0.0,1.0
2010-12-28,45.84,46.09,44.58,45.08,39.1926,322300,0.0,1.0
2010-12-29,45.14,45.54,45.05,45.31,39.3926,222400,0.0,1.0
2010-12-30,45.28,45.83,45.11,45.14,39.2448,570500,0.0,1.0
2010-12-31,45.09,45.36,44.9,45.0,39.1231,347000,0.0,1.0
2011-01-03,45.58,46.32,45.19,45.72,39.7491,431600,0.0,1.0
2011-01-04,46.04,46.59,43.8,45.46,39.523,1124600,0.0,1.0
2011-01-05,45.01,46.56,44.92,45.95,39.949,1054800,0.0,1.0
2011-01-06,45.87,46.0,44.87,45.05,39.1666,916200,0.0,1.0
2011-01-07,45.09,45.22,43.3545,45.0,39.1231,1691600,0.0,1.0
2011-01-10,44.68,46.09,44.29,45.71,39.7404,1068800,0.0,1.0
2011-01-11,46.15,46.42,44.9,45.41,39.4796,855100,0.0,1.0
2011-01-12,46.13,46.955,45.26,45.52,39.5752,927000,0.0,1.0
2011-01-13,45.62,45.62,44.46,44.88,39.0188,730300,0.0,1.0
2011-01-14,44.7,45.5,44.4,45.37,39.4448,533700,0.0,1.0
2011-01-18,45.33,45.73,44.581,45.72,39.7491,842900,0.0,1.0
2011-01-19,45.78,45.8,43.89,44.22,38.445,1084100,0.0,1.0
2011-01-20,43.94,44.27,41.06,41.69,36.2454,2121100,0.0,1.0
2011-01-21,42.16,42.47,41.14,41.27,35.8802,604800,0.0,1.0
2011-01-24,41.38,41.39,40.41,40.63,35.3238,886600,0.0,1.0
2011-01-25,40.36,40.74,38.23,39.42,34.2718,2529700,0.0,1.0
2011-01-26,39.87,40.56,39.5,40.19,34.9413,1835000,0.0,1.0
2011-01-27,40.33,40.64,39.6,40.3,35.0369,1026200,0.0,1.0
2011-01-28,40.34,40.37,39.21,39.6,34.4283,1116700,0.0,1.0
2011-01-31,39.81,40.71,39.42,40.3,35.0369,866400,0.0,1.0
2011-02-01,40.68,42.93,40.62,42.74,37.1582,1206100,0.0,1.0
2011-02-02,42.49,42.83,41.69,41.82,36.3584,928300,0.0,1.0
2011-02-03,41.96,42.6,41.46,42.22,36.7062,596800,0.0,1.0
2011-02-04,42.23,43.43,41.91,43.21,37.5669,634800,0.0,1.0
2011-02-07,43.3,44.7,42.98,43.25,37.6016,842300,0.0,1.0
2011-02-08,43.31,44.06,42.71,43.61,37.9146,778400,0.0,1.0
2011-02-09,43.35,43.35,41.8,42.23,36.7149,823100,0.0,1.0
2011-02-10,41.79,44.43,41.71,44.37,38.5754,1209000,0.0,1.0
2011-02-11,43.985,45.41,43.85,45.13,39.2361,955200,0.0,1.0
2011-02-14,45.2,46.0,44.67,45.06,39.1753,585100,0.0,1.0
2011-02-15,44.83,45.3,44.07,45.18,39.2796,774700,0.0,1.0
2011-02-16,45.38,49.03,45.38,48.25,41.9487,2193200,0.0,1.0
2011-02-17,48.21,48.82,47.42,47.9,41.6444,1160300,0.0,1.0
2011-02-18,48.11,48.82,47.31,48.26,41.9573,810000,0.0,1.0
2011-02-22,47.39,47.88,46.62,47.32,41.1401,1061300,0.0,1.0
2011-02-23,47.07,47.17,45.0,46.28,40.2359,1088900,0.0,1.0
2011-02-24,46.3,47.01,45.77,46.93,40.801,822100,0.0,1.0
2011-02-25,47.04,48.42,47.04,48.26,41.9573,915200,0.0,1.0
2011-02-28,48.64,49.53,47.59,49.22,42.792,1230900,0.0,1.0
2011-03-01,48.71,51.3,46.05,46.53,40.4533,1737000,0.0,1.0
2011-03-02,46.53,47.58,46.08,47.33,41.1488,971300,0.0,1.0
2011-03-03,48.07,49.91,48.07,49.76,43.3049,1199000,0.05,1.0
2011-03-04,49.66,49.85,48.56,49.03,42.6696,702800,0.0,1.0
2011-03-07,49.23,49.8,47.29,48.06,41.8255,788900,0.0,1.0
2011-03-08,47.95,49.51,47.63,48.48,42.191,604000,0.0,1.0
2011-03-09,48.25,49.0,47.63,48.75,42.4259,805600,0.0,1.0
2011-03-10,47.46,47.96,46.66,47.24,41.1118,726600,0.0,1.0
2011-03-11,47.01,47.64,46.09,47.26,41.1292,496900,0.0,1.0
2011-03-14,46.68,47.39,45.7,46.24,40.2415,650000,0.0,1.0
2011-03-15,44.17,45.21,43.93,44.03,38.3182,1848100,0.0,1.0
2011-03-16,43.9,44.25,43.0,43.29,37.6742,1538200,0.0,1.0
2011-03-17,44.46,44.7,43.59,43.7,38.031,921700,0.0,1.0
2011-03-18,44.62,44.62,43.4,43.89,38.1964,919100,0.0,1.0
2011-03-21,44.83,46.03,44.72,45.98,40.0153,784700,0.0,1.0
2011-03-22,46.27,46.27,44.7501,45.09,39.2407,472400,0.0,1.0
2011-03-23,44.83,46.03,44.13,45.66,39.7368,420700,0.0,1.0
2011-03-24,46.03,47.08,45.27,47.04,40.9378,709500,0.0,1.0
2011-03-25,47.25,48.105,46.815,47.89,41.6775,959000,0.0,1.0
2011-03-28,48.01,49.6,47.52,48.59,42.2867,1183600,0.0,1.0
2011-03-29,48.27,49.32,47.37,48.87,42.5304,1070200,0.0,1.0
2011-03-30,49.34,51.5,48.89,49.7,43.2527,1485100,0.0,1.0
2011-03-31,50.01,52.95,49.38,52.6,45.7765,2146400,0.0,1.0
2011-04-01,52.68,54.71,52.18,52.43,45.6286,1422700,0.0,1.0
2011-04-04,52.76,54.06,52.76,53.71,46.7425,1226700,0.0,1.0
2011-04-05,53.5,55.67,53.5,54.41,47.3517,1044600,0.0,1.0
2011-04-06,54.81,55.0,53.0201,53.76,46.786,771300,0.0,1.0
2011-04-07,53.25,53.25,50.28,50.96,44.3493,2315100,0.0,1.0
2011-04-08,51.59,52.19,50.55,51.13,44.4972,1096000,0.0,1.0
2011-04-11,51.25,51.67,49.47,49.8,43.3397,739100,0.0,1.0
2011-04-12,49.28,50.16,48.28,49.08,42.7131,906700,0.0,1.0
2011-04-13,49.55,50.1,48.13,49.08,42.7131,698400,0.0,1.0
2011-04-14,48.3,49.46,48.01,49.0,42.6435,381900,0.0,1.0
2011-04-15,48.92,49.87,48.59,49.71,43.2614,898200,0.0,1.0
2011-04-18,48.29,48.46,46.89,48.03,41.7993,878700,0.0,1.0
2011-04-19,48.42,49.5099,48.3,48.82,42.4869,967300,0.0,1.0
2011-04-20,49.98,50.21,47.55,49.28,42.8872,2170500,0.0,1.0
2011-04-21,49.87,50.92,49.4605,50.56,44.0011,942100,0.0,1.0
2011-04-25,50.37,50.5499,48.2901,49.56,43.1309,809600,0.0,1.0
2011-04-26,49.73,50.56,49.42,50.14,43.6356,1300000,0.0,1.0
2011-04-27,50.04,50.54,49.23,50.43,43.888,707700,0.0,1.0
2011-04-28,50.36,50.36,49.3,49.92,43.4442,744600,0.0,1.0
2011-04-29,50.16,50.77,49.7,50.52,43.9663,899000,0.0,1.0
2011-05-02,50.95,51.93,49.96,49.96,43.479,780600,0.0,1.0
2011-05-03,49.71,50.05,49.32,50.01,43.5225,996100,0.0,1.0
2011-05-04,49.32,49.32,45.44,46.0,40.0327,3737100,0.0,1.0
2011-05-05,45.81,46.57,44.62,45.84,39.8934,2071100,0.0,1.0
2011-05-06,46.67,47.13,45.36,45.68,39.7542,954200,0.0,1.0
2011-05-09,45.34,46.8,45.19,46.54,40.5026,919500,0.0,1.0
2011-05-10,44.17,44.5,41.87,43.71,38.0398,5515000,0.0,1.0
2011-05-11,42.79,42.92,41.424,41.98,36.5342,5000300,0.0,1.0
2011-05-12,41.64,42.67,40.745,42.62,37.0912,2053400,0.0,1.0
2011-05-13,42.74,43.51,41.68,41.9,36.4646,1592100,0.0,1.0
2011-05-16,41.7,41.8,39.84,40.01,34.8197,2175100,0.0,1.0
2011-05-17,39.75,40.5,39.5,40.46,35.2114,2108200,0.0,1.0
2011-05-18,40.25,41.98,39.87,41.95,36.5081,1725900,0.0,1.0
2011-05-19,42.19,42.35,41.65,41.91,36.4733,1414600,0.0,1.0
2011-05-20,41.65,42.05,41.22,41.69,36.2818,1113600,0.0,1.0
2011-05-23,40.56,41.04,40.25,40.71,35.4289,1169500,0.0,1.0
2011-05-24,41.03,41.49,40.86,40.95,35.6378,911600,0.0,1.0
2011-05-25,40.78,41.35,40.57,41.13,35.7944,989800,0.0,1.0
2011-05-26,41.05,41.93,40.81,41.83,36.4036,665300,0.0,1.0
2011-05-27,41.96,42.7,41.6,42.39,36.9345,647500,0.05,1.0
2011-05-31,43.33,44.0,42.0,42.56,37.0826,1430300,0.0,1.0
2011-06-01,42.55,42.73,39.8,40.0,34.8521,1646100,0.0,1.0
2011-06-02,40.23,40.79,40.0,40.44,35.2355,1008400,0.0,1.0
2011-06-03,39.48,40.31,38.84,39.67,34.5646,1286100,0.0,1.0
2011-06-06,39.55,39.8,38.71,38.9,33.8937,999200,0.0,1.0
2011-06-07,39.14,39.43,38.66,38.66,33.6845,648700,0.0,1.0
2011-06-08,38.5,38.64,37.78,37.87,32.9962,1274500,0.0,1.0
2011-06-09,38.0,39.01,37.77,38.73,33.7455,915100,0.0,1.0
2011-06-10,38.11,38.47,37.4,38.05,33.1531,1399400,0.0,1.0
2011-06-13,38.06,38.56,37.75,37.81,32.9439,1049000,0.0,1.0
2011-06-14,38.38,38.96,38.36,38.68,33.702,1050800,0.0,1.0
2011-06-15,38.33,39.28,37.47,37.99,33.1008,1985000,0.0,1.0
2011-06-16,38.07,38.77,37.17,37.6,32.761,1271400,0.0,1.0
2011-06-17,38.06,39.07,38.0,38.35,33.4144,942200,0.0,1.0
2011-06-20,38.2,38.93,38.02,38.56,33.5974,844800,0.0,1.0
2011-06-21,38.82,40.44,38.68,40.34,35.1483,1032400,0.0,1.0
2011-06-22,39.85,40.97,39.76,39.81,34.6865,822700,0.0,1.0
2011-06-23,38.88,40.93,38.4,40.82,35.5666,972200,0.0,1.0
2011-06-24,41.0,41.2,39.88,40.33,35.1396,826300,0.0,1.0
2011-06-27,40.34,41.06,39.75,40.96,35.6885,701300,0.0,1.0
2011-06-28,40.76,42.52,40.76,42.26,36.8212,948100,0.0,1.0
2011-06-29,42.51,43.46,42.18,42.79,37.283,1310700,0.0,1.0
2011-06-30,43.27,44.24,42.83,43.5,37.9016,1493100,0.0,1.0
2011-07-01,43.67,46.75,43.66,46.43,40.4546,2147900,0.0,1.0
2011-07-05,46.5,47.1,45.79,46.95,40.9076,1143900,0.0,1.0
2011-07-06,46.61,47.19,46.18,47.12,41.0558,1109000,0.0,1.0
2011-07-07,47.81,48.9,47.6,47.8,41.6482,1379900,0.0,1.0
2011-07-08,46.91,47.47,45.68,47.43,41.3259,1357300,0.0,1.0
2011-07-11,46.36,46.8,44.75,45.18,39.3654,1030500,0.0,1.0
2011-07-12,45.03,46.61,44.82,44.95,39.165,1317500,0.0,1.0
2011-07-13,45.37,46.3,44.82,45.01,39.2173,895900,0.0,1.0
2011-07-14,45.44,46.04,43.66,44.05,38.3809,1269900,0.0,1.0
2011-07-15,44.42,45.105,44.2,44.9,39.1215,830200,0.0,1.0
2011-07-18,44.44,44.86,42.97,43.59,37.9801,936100,0.0,1.0
2011-07-19,44.24,44.75,43.86,44.43,38.712,856100,0.0,1.0
2011-07-20,44.58,44.6,43.68,44.33,38.6248,783300,0.0,1.0
2011-07-21,44.74,45.93,44.43,45.0,39.2086,986900,0.0,1.0
2011-07-22,44.99,45.5,44.64,45.33,39.4961,468000,0.0,1.0
2011-07-25,44.44,45.14,44.14,44.8,39.0343,901100,0.0,1.0
2011-07-26,44.7,45.04,44.48,44.69,38.9385,521600,0.0,1.0
2011-07-27,44.44,44.44,42.78,43.14,37.588,1274000,0.0,1.0
2011-07-28,43.27,43.9964,42.67,42.76,37.2569,615000,0.0,1.0
2011-07-29,41.89,42.86,41.1,42.35,36.8996,1072800,0.0,1.0
2011-08-01,42.95,43.36,41.4,41.96,36.5598,833100,0.0,1.0
2011-08-02,40.58,42.23,39.72,39.72,34.6081,1254800,0.0,1.0
2011-08-03,40.1,40.31,38.23,39.94,34.7998,1537900,0.0,1.0
2011-08-04,42.99,43.09,38.4,39.19,34.1463,4605100,0.0,1.0
2011-08-05,39.85,40.2,37.61,38.61,33.641,2635000,0.0,1.0
2011-08-08,36.84,37.9,30.93,33.44,29.1363,4351600,0.0,1.0
2011-08-09,34.28,34.85,31.26,34.83,30.3475,2983200,0.0,1.0
2011-08-10,33.57,34.45,32.64,33.0,28.753,3056500,0.0,1.0
2011-08-11,33.2,35.69,32.72,35.13,30.6088,2061700,0.0,1.0
2011-08-12,35.6,36.05,34.71,35.19,30.6611,1280500,0.0,1.0
2011-08-15,35.66,36.45,35.61,36.29,31.6196,1314400,0.0,1.0
2011-08-16,35.54,36.16,35.13,35.38,30.8267,1413700,0.0,1.0
2011-08-17,35.67,36.285,34.2,35.16,30.635,2393000,0.0,1.0
2011-08-18,33.52,33.67,31.76,32.09,27.9601,2038100,0.0,1.0
2011-08-19,31.37,32.81,29.89,29.96,26.1042,2673800,0.0,1.0
2011-08-22,31.14,31.34,29.93,30.13,26.2523,1845000,0.0,1.0
2011-08-23,30.44,35.09,30.13,34.72,30.2516,3290000,0.0,1.0
2011-08-24,34.65,35.42,33.92,35.19,30.6611,1218600,0.0,1.0
2011-08-25,35.47,35.92,33.25,33.45,29.1451,1324700,0.0,1.0
2011-08-26,33.02,35.005,32.674,34.83,30.3475,981600,0.0,1.0
2011-08-29,35.49,36.66,35.28,36.65,31.9332,1003500,0.0,1.0
2011-08-30,36.21,37.99,36.02,37.67,32.8655,1988800,0.05,1.0
2011-08-31,37.79,38.2,36.79,37.21,32.4642,1209200,0.0,1.0
2011-09-01,37.1,38.45,36.63,36.74,32.0541,1027300,0.0,1.0
2011-09-02,35.53,35.81,34.46,34.85,30.4052,1126300,0.0,1.0
2011-09-06,33.09,34.45,32.88,34.34,29.9602,1066000,0.0,1.0
2011-09-07,35.2,36.24,35.01,36.22,31.6005,1121500,0.0,1.0
2011-09-08,35.85,36.56,34.47,34.89,30.4401,959400,0.0,1.0
2011-09-09,34.4,35.12,33.32,33.76,29.4542,1265700,0.0,1.0
2011-09-12,33.58,34.48,32.97,34.33,29.9515,854100,0.0,1.0
2011-09-13,34.65,36.1,34.57,35.85,31.2776,1244900,0.0,1.0
2011-09-14,36.34,38.12,35.92,37.53,32.7434,1314400,0.0,1.0
2011-09-15,38.16,38.34,37.37,38.24,33.3628,1329900,0.0,1.0
2011-09-16,38.48,39.28,37.83,38.22,33.3454,1278000,0.0,1.0
2011-09-19,36.96,37.61,35.8201,37.19,32.4467,980800,0.0,1.0
2011-09-20,37.43,37.99,36.69,36.98,32.2635,1244600,0.0,1.0
2011-09-21,36.83,37.19,34.42,34.42,30.03,1004800,0.0,1.0
2011-09-22,32.86,33.64,31.38,31.98,27.9012,2187800,0.0,1.0
2011-09-23,31.81,32.76,31.36,32.35,28.224,723300,0.0,1.0
2011-09-26,32.87,33.12,31.39,32.85,28.6603,1106800,0.0,1.0
2011-09-27,33.98,34.76,33.31,33.64,29.3495,802800,0.0,1.0
2011-09-28,33.82,33.95,31.64,31.75,27.7006,1073300,0.0,1.0
2011-09-29,32.88,32.97,30.0,31.26,27.2731,1753500,0.0,1.0
2011-09-30,30.12,30.12,27.53,27.57,24.0537,3739200,0.0,1.0
2011-10-03,27.52,28.41,25.8,25.84,22.5443,2204100,0.0,1.0
2011-10-04,25.11,28.68,25.0,28.52,24.8825,2301800,0.0,1.0
2011-10-05,28.5,28.5,27.0,28.03,24.455,2097600,0.0,1.0
2011-10-06,27.92,29.84,27.71,29.82,26.0167,1998300,0.0,1.0
2011-10-07,29.99,31.24,29.43,29.89,26.0778,2434400,0.0,1.0
2011-10-10,30.88,32.04,30.77,31.72,27.6744,1290600,0.0,1.0
2011-10-11,31.3,33.0,31.3,32.58,28.4247,1421600,0.0,1.0
2011-10-12,33.03,34.54,32.83,33.95,29.62,1743100,0.0,1.0
2011-10-13,33.71,33.96,32.18,32.8,28.6166,928300,0.0,1.0
2011-10-14,33.11,33.45,32.65,33.03,28.8173,1784700,0.0,1.0
2011-10-17,32.77,32.97,31.0,31.12,27.1509,1258900,0.0,1.0
2011-10-18,31.22,31.97,30.474,31.54,27.5173,1912900,0.0,1.0
2011-10-19,31.36,31.78,30.88,31.03,27.0724,1967000,0.0,1.0
2011-10-20,31.02,31.11,29.58,30.18,26.3308,2115500,0.0,1.0
2011-10-21,30.89,32.17,30.47,32.13,28.0321,1629500,0.0,1.0
2011-10-24,32.35,34.08,32.08,33.88,29.5589,1115100,0.0,1.0
2011-10-25,33.6,33.6,32.18,32.28,28.163,1087800,0.0,1.0
2011-10-26,32.94,33.64,31.64,33.35,29.0965,900900,0.0,1.0
2011-10-27,35.01,37.07,34.85,36.0,31.4085,2528800,0.0,1.0
2011-10-28,35.39,37.61,35.39,37.45,32.6736,1545900,0.0,1.0
2011-10-31,36.7,36.81,35.2084,35.22,30.728,938500,0.0,1.0
2011-11-01,34.05,34.75,33.27,34.17,29.8119,1462700,0.0,1.0
2011-11-02,33.76,34.02,31.37,33.09,28.8697,2545600,0.0,1.0
2011-11-03,33.88,35.31,33.4,34.9,30.4488,1449200,0.0,1.0
2011-11-04,34.41,35.3899,34.06,35.11,30.632,911700,0.0,1.0
2011-11-07,35.0,35.25,33.59,34.44,30.0475,880600,0.0,1.0
2011-11-08,31.38,33.78,31.12,33.69,29.3931,2070600,0.0,1.0
2011-11-09,32.44,33.15,31.69,32.13,28.0321,1698000,0.0,1.0
2011-11-10,34.21,34.69,31.43,32.05,27.9623,2940000,0.0,1.0
2011-11-11,32.67,33.46,32.55,33.04,28.826,1483400,0.0,1.0
2011-11-14,32.78,32.97,31.5,31.98,27.9012,925000,0.0,1.0
2011-11-15,31.87,32.16,31.35,31.75,27.7006,868200,0.0,1.0
2011-11-16,31.36,32.16,31.13,31.5,27.4825,1106400,0.0,1.0
2011-11-17,31.38,31.71,30.32,30.53,26.6362,1361900,0.0,1.0
2011-11-18,30.79,30.96,29.64,29.71,25.9207,1004200,0.0,1.0
2011-11-21,28.86,29.03,27.74,28.05,24.4725,1809900,0.0,1.0
2011-11-22,28.0,28.485,27.64,27.85,24.298,1201900,0.0,1.0
2011-11-23,27.44,27.66,26.58,26.83,23.4081,1120800,0.0,1.0
2011-11-25,26.59,27.2795,26.19,26.56,23.1725,469200,0.0,1.0
2011-11-28,27.81,28.39,27.5,27.86,24.3067,1339500,0.0,1.0
2011-11-29,27.75,27.75,26.66,26.82,23.4691,1651600,0.08,1.0
2011-11-30,28.4,31.47,28.16,31.41,27.4857,2776500,0.0,1.0
2011-12-01,31.19,32.25,30.96,31.82,27.8444,1685500,0.0,1.0
2011-12-02,32.33,32.39,31.69,32.05,28.0457,1383700,0.0,1.0
2011-12-05,32.83,33.44,32.35,33.12,28.982,1739800,0.0,1.0
2011-12-06,32.96,32.96,31.9,32.1,28.0895,1036600,0.0,1.0
2011-12-07,31.69,32.02,30.86,31.62,27.6694,571200,0.0,1.0
2011-12-08,31.18,31.66,30.09,30.38,26.5844,762900,0.0,1.0
2011-12-09,30.74,31.1,30.24,30.5,26.6894,1480200,0.0,1.0
2011-12-12,29.8,30.05,29.11,29.88,26.1468,1119900,0.0,1.0
2011-12-13,30.23,30.62,28.34,28.68,25.0968,992900,0.0,1.0
2011-12-14,28.33,28.54,27.45,27.81,24.3355,1359500,0.0,1.0
2011-12-15,28.35,28.46,27.59,27.84,24.3617,1539600,0.0,1.0
2011-12-16,28.23,28.75,27.66,27.9,24.4142,1780300,0.0,1.0
2011-12-19,28.22,28.34,26.84,26.93,23.5654,820500,0.0,1.0
2011-12-20,27.65,28.11,27.55,27.74,24.2742,1700500,0.0,1.0
2011-12-21,27.4,28.94,27.22,28.73,25.1405,1334500,0.0,1.0
2011-12-22,29.0,29.57,28.76,28.91,25.298,982900,0.0,1.0
2011-12-23,29.15,29.25,28.54,29.01,25.3855,531000,0.0,1.0
2011-12-27,28.77,28.9315,28.55,28.84,25.2368,799500,0.0,1.0
2011-12-28,28.86,28.9,28.15,28.29,24.7555,815200,0.0,1.0
2011-12-29,28.42,28.61,28.0,28.23,24.703,925600,0.0,1.0
2011-12-30,28.28,28.77,28.18,28.53,24.9655,826800,0.0,1.0
2012-01-03,29.41,30.0,29.28,29.32,25.6568,1579100,0.0,1.0
2012-01-04,29.21,29.3,28.75,28.89,25.2805,1540800,0.0,1.0
2012-01-05,28.58,28.87,28.16,28.4,24.8517,1375900,0.0,1.0
2012-01-06,28.43,29.1,28.27,29.03,25.403,1242400,0.0,1.0
2012-01-09,29.37,30.1,29.0,29.81,26.0856,1372200,0.0,1.0
2012-01-10,30.52,32.61,30.52,32.22,28.1945,2229600,0.0,1.0
2012-01-11,32.07,32.6,31.82,32.49,28.4307,774400,0.0,1.0
2012-01-12,32.77,32.93,32.03,32.84,28.737,721000,0.0,1.0
2012-01-13,32.47,32.63,31.795,32.04,28.037,660800,0.0,1.0
2012-01-17,32.86,33.14,31.74,31.91,27.9232,970300,0.0,1.0
2012-01-18,31.94,32.79,31.78,32.7,28.6145,930800,0.0,1.0
2012-01-19,32.81,34.0,32.81,33.74,29.5246,751000,0.0,1.0
2012-01-20,33.65,33.87,33.05,33.79,29.5683,711800,0.0,1.0
2012-01-23,33.7,34.285,33.445,34.23,29.9533,936600,0.0,1.0
2012-01-24,33.93,34.29,33.35,34.04,29.7871,1019300,0.0,1.0
2012-01-25,34.02,35.75,33.91,35.57,31.1259,1328600,0.0,1.0
2012-01-26,35.89,36.16,33.48,33.96,29.7171,1876800,0.0,1.0
2012-01-27,33.76,33.988,32.51,33.89,29.6558,2167900,0.0,1.0
2012-01-30,33.41,34.045,32.9,33.86,29.6296,956800,0.0,1.0
2012-01-31,34.2,34.34,33.25,33.53,29.3408,722300,0.0,1.0
2012-02-01,34.32,35.05,34.24,34.93,30.5659,1447900,0.0,1.0
2012-02-02,34.94,35.27,34.62,34.86,30.5046,754200,0.0,1.0
2012-02-03,35.59,38.16,35.59,37.59,32.8935,3399900,0.0,1.0
2012-02-06,37.42,39.09,37.09,38.92,34.0574,2337800,0.0,1.0
2012-02-07,38.89,39.67,38.4,39.17,34.2761,1961200,0.0,1.0
2012-02-08,39.39,41.24,38.9,39.61,34.6612,2794100,0.0,1.0
2012-02-09,39.76,39.85,38.5,39.17,34.2761,1393900,0.0,1.0
2012-02-10,38.88,38.88,37.49,37.73,33.0161,1420500,0.0,1.0
2012-02-13,38.79,38.86,37.88,38.24,33.4623,943300,0.0,1.0
2012-02-14,38.09,38.31,37.5,38.25,33.4711,762800,0.0,1.0
2012-02-15,38.5,39.43,38.46,38.75,33.9086,887800,0.0,1.0
2012-02-16,38.73,39.0,38.18,38.86,34.0049,1443600,0.0,1.0
2012-02-17,39.17,39.54,38.78,38.94,34.0749,653500,0.0,1.0
2012-02-21,39.0,39.69,38.6,38.94,34.0749,722800,0.0,1.0
2012-02-22,38.94,39.1,38.17,38.36,33.5673,943400,0.0,1.0
2012-02-23,38.45,38.91,38.17,38.86,34.0049,572600,0.0,1.0
2012-02-24,39.06,40.24,38.93,40.14,35.125,1142700,0.0,1.0
2012-02-27,39.66,40.14,38.92,39.8,34.8274,712200,0.0,1.0
2012-02-28,39.74,40.75,39.16,39.96,34.9674,922300,0.0,1.0
2012-02-29,40.0,40.4,38.77,39.34,34.4249,1745200,0.0,1.0
2012-03-01,36.0,36.91,34.81,35.75,31.2834,6845800,0.0,1.0
2012-03-02,35.76,38.64,35.73,37.52,32.8323,3052300,0.0,1.0
2012-03-05,37.24,38.24,37.21,37.88,33.1473,1384000,0.0,1.0
2012-03-06,37.3,37.6,36.68,37.03,32.4035,1277700,0.0,1.0
2012-03-07,36.44,37.7393,36.44,37.37,32.771,807600,0.08,1.0
2012-03-08,37.76,37.94,37.0,37.84,33.1832,763900,0.0,1.0
2012-03-09,37.83,38.8,37.63,38.49,33.7532,559400,0.0,1.0
2012-03-12,38.64,39.0,37.6,38.04,33.3586,476300,0.0,1.0
2012-03-13,38.41,39.31,38.23,39.28,34.446,927100,0.0,1.0
2012-03-14,39.22,39.39,38.38,38.85,34.0689,422600,0.0,1.0
2012-03-15,38.86,39.7,38.71,39.63,34.7529,616700,0.0,1.0
2012-03-16,39.61,39.79,38.77,39.06,34.2531,746000,0.0,1.0
2012-03-19,38.93,39.96,38.7,39.52,34.6564,520100,0.0,1.0
2012-03-20,39.12,39.19,37.785,38.2,33.4989,1437800,0.0,1.0
2012-03-21,38.2,38.64,37.88,38.15,33.455,1140500,0.0,1.0
2012-03-22,37.97,39.11,36.735,37.34,32.7447,2254300,0.0,1.0
2012-03-23,37.49,38.54,37.1,38.39,33.6655,937600,0.0,1.0
2012-03-26,38.88,40.08,38.76,40.01,35.0861,1157100,0.0,1.0
2012-03-27,40.11,40.81,39.85,40.51,35.5246,1566100,0.0,1.0
2012-03-28,40.45,40.8,39.45,39.94,35.0248,1405200,0.0,1.0
2012-03-29,39.47,39.93,38.88,39.62,34.7441,918400,0.0,1.0
2012-03-30,40.01,40.08,39.29,39.34,34.4986,906900,0.0,1.0
2012-04-02,39.25,40.34,39.06,39.77,34.8757,998400,0.0,1.0
2012-04-03,39.46,40.38,39.2,39.45,34.5951,877000,0.0,1.0
2012-04-04,39.03,39.33,38.26,38.71,33.9461,1013700,0.0,1.0
2012-04-05,38.52,39.03,38.4,38.62,33.8672,840300,0.0,1.0
2012-04-09,37.81,38.51,37.67,38.25,33.5427,863400,0.0,1.0
2012-04-10,38.27,38.33,36.05,36.28,31.8152,1421500,0.0,1.0
2012-04-11,36.76,37.99,36.67,37.26,32.6746,940200,0.0,1.0
2012-04-12,37.29,39.27,37.12,38.53,33.7883,1312000,0.0,1.0
2012-04-13,38.24,38.47,37.27,37.44,32.8324,734500,0.0,1.0
2012-04-16,37.77,37.855,36.51,36.94,32.394,705900,0.0,1.0
2012-04-17,37.41,38.26,37.11,37.45,32.8412,837800,0.0,1.0
2012-04-18,37.06,37.8,36.31,37.41,32.8061,1152400,0.0,1.0
2012-04-19,37.51,38.76,36.95,37.42,32.8149,803600,0.0,1.0
2012-04-20,38.13,38.13,37.01,37.27,32.6833,598200,0.0,1.0
2012-04-23,36.55,36.58,35.55,36.37,31.8941,904700,0.0,1.0
2012-04-24,36.33,36.67,36.03,36.45,31.9643,534100,0.0,1.0
2012-04-25,37.07,37.96,37.06,37.63,32.999,783700,0.0,1.0
2012-04-26,37.46,38.92,37.41,38.81,34.0338,789900,0.0,1.0
2012-04-27,38.93,39.71,38.6,39.2,34.3758,1028000,0.0,1.0
2012-04-30,39.11,39.615,39.03,39.32,34.4811,1106800,0.0,1.0
2012-05-01,39.32,39.54,38.57,38.86,34.0777,1484000,0.0,1.0
2012-05-02,38.38,39.62,38.1,39.1,34.2881,1261800,0.0,1.0
2012-05-03,39.52,39.85,36.94,37.17,32.5957,1724500,0.0,1.0
2012-05-04,36.93,37.32,36.57,36.95,32.4027,926600,0.0,1.0
2012-05-07,36.81,37.38,36.81,36.95,32.4027,669000,0.0,1.0
2012-05-08,36.62,36.66,35.1,35.85,31.4381,1230600,0.0,1.0
2012-05-09,35.08,35.86,34.76,35.44,31.0786,972200,0.0,1.0
2012-05-10,35.98,36.0,33.67,34.04,29.8508,2098500,0.0,1.0
2012-05-11,33.8,34.73,32.78,33.16,29.0791,2459500,0.0,1.0
2012-05-14,32.67,32.68,31.38,31.91,27.983,2862300,0.0,1.0
2012-05-15,31.94,32.03,31.41,31.72,27.8164,2737800,0.0,1.0
2012-05-16,31.87,32.45,30.94,30.94,27.1324,1530200,0.0,1.0
2012-05-17,31.0,31.3268,29.54,29.67,26.0186,2177400,0.0,1.0
2012-05-18,29.9,30.78,29.14,29.26,25.6591,1660000,0.0,1.0
2012-05-21,29.8,30.43,29.235,30.0,26.308,1828800,0.0,1.0
2012-05-22,30.19,30.72,30.02,30.43,26.6851,1632600,0.0,1.0
2012-05-23,30.06,31.42,30.01,31.22,27.3779,2100000,0.0,1.0
2012-05-24,31.32,31.45,30.57,31.16,27.3253,1139500,0.0,1.0
2012-05-25,31.16,31.85,30.81,30.94,27.1324,1247600,0.0,1.0
2012-05-29,31.37,31.94,31.11,31.58,27.6936,1268800,0.0,1.0
2012-05-30,31.0,31.25,30.44,31.04,27.2902,937500,0.08,1.0
2012-05-31,30.99,31.15,30.27,30.5,26.8154,984100,0.0,1.0
2012-06-01,29.5,29.805,29.0,29.11,25.5934,1166400,0.0,1.0
2012-06-04,29.23,29.56,28.91,29.27,25.734,1309600,0.0,1.0
2012-06-05,29.12,29.98,29.12,29.78,26.1824,963500,0.0,1.0
2012-06-06,30.25,31.7065,30.21,31.39,27.5979,912700,0.0,1.0
2012-06-07,32.05,32.51,31.22,31.24,27.466,1418000,0.0,1.0
2012-06-08,31.12,31.55,30.64,31.48,27.677,603600,0.0,1.0
2012-06-11,31.89,31.94,29.96,29.99,26.367,678900,0.0,1.0
2012-06-12,30.24,30.7665,29.79,30.72,27.0089,887500,0.0,1.0
2012-06-13,30.58,30.9,29.82,29.98,26.3583,825600,0.0,1.0
2012-06-14,30.01,30.8,29.72,30.49,26.8066,829200,0.0,1.0
2012-06-15,30.66,31.5401,30.59,31.11,27.3517,951100,0.0,1.0
2012-06-18,30.86,31.28,30.52,31.15,27.3869,627300,0.0,1.0
2012-06-19,31.41,32.58,31.31,32.23,28.3364,950100,0.0,1.0
2012-06-20,32.06,32.22,30.72,31.9,28.0463,1218900,0.0,1.0
2012-06-21,31.83,31.95,30.86,30.93,27.1935,961100,0.0,1.0
2012-06-22,31.19,32.92,30.96,32.29,28.3892,2767200,0.0,1.0
2012-06-25,31.54,31.72,30.42,30.48,26.7979,700800,0.0,1.0
2012-06-26,30.71,30.99,30.12,30.55,26.8594,1050900,0.0,1.0
2012-06-27,30.7,31.52,30.665,31.46,27.6595,908000,0.0,1.0
2012-06-28,31.06,32.36,31.06,32.31,28.4068,877000,0.0,1.0
2012-06-29,33.34,33.96,33.18,33.36,29.3299,1022000,0.0,1.0
2012-07-02,33.54,34.09,33.3112,34.09,29.9717,1092100,0.0,1.0
2012-07-03,34.15,35.5,34.1,34.84,30.6311,723200,0.0,1.0
2012-07-05,34.66,35.14,34.24,34.77,30.5696,517500,0.0,1.0
2012-07-06,34.25,34.42,33.31,33.85,29.7607,460200,0.0,1.0
2012-07-09,33.73,33.93,32.18,32.81,28.8464,785400,0.0,1.0
2012-07-10,33.19,33.4,31.23,31.45,27.6507,1182800,0.0,1.0
2012-07-11,31.58,32.33,31.37,32.02,28.1518,1071500,0.0,1.0
2012-07-12,31.51,31.78,30.87,31.59,27.7738,603900,0.0,1.0
2012-07-13,31.7,32.45,31.51,32.29,28.3892,535300,0.0,1.0
2012-07-16,31.61,31.8,30.12,30.39,26.7187,2007700,0.0,1.0
2012-07-17,30.4,30.67,29.7,30.39,26.7187,874900,0.0,1.0
2012-07-18,30.21,30.94,30.11,30.65,26.9473,642800,0.0,1.0
2012-07-19,30.81,31.18,30.55,30.77,27.0528,530500,0.0,1.0
2012-07-20,30.37,30.64,29.44,29.44,25.8835,1140200,0.0,1.0
2012-07-23,28.57,29.29,28.4,28.87,25.3823,999600,0.0,1.0
2012-07-24,28.97,29.39,27.43,27.74,24.3889,1655300,0.0,1.0
2012-07-25,27.88,28.51,27.83,27.92,24.5471,1391800,0.0,1.0
2012-07-26,28.67,28.71,27.92,28.44,25.0043,1124600,0.0,1.0
2012-07-27,28.68,29.53,28.5,29.27,25.734,1618900,0.0,1.0
2012-07-30,29.35,29.74,28.79,29.4,25.8483,631800,0.0,1.0
2012-07-31,29.24,29.765,29.01,29.35,25.8044,790900,0.0,1.0
2012-08-01,29.52,29.52,28.63,28.66,25.1977,650600,0.0,1.0
2012-08-02,28.2,28.7299,27.63,28.33,24.9076,1042700,0.0,1.0
2012-08-03,29.07,30.03,28.73,29.51,25.945,949800,0.0,1.0
2012-08-06,29.46,30.34,29.27,30.13,26.4901,958200,0.0,1.0
2012-08-07,30.28,31.29,30.19,30.77,27.0528,1077900,0.0,1.0
2012-08-08,28.59,31.23,28.33,31.1,27.343,1940600,0.0,1.0
2012-08-09,30.99,31.82,30.95,31.76,27.9232,1137300,0.0,1.0
2012-08-10,31.19,32.04,31.15,32.0,28.1342,1012000,0.0,1.0
2012-08-13,31.99,32.3,31.8,32.23,28.3364,916500,0.0,1.0
2012-08-14,32.48,32.78,31.915,32.06,28.187,977000,0.0,1.0
2012-08-15,31.91,32.39,31.89,32.24,28.3452,680300,0.0,1.0
2012-08-16,32.27,33.25,32.27,33.14,29.1365,801500,0.0,1.0
2012-08-17,33.24,33.64,33.02,33.46,29.4179,663000,0.0,1.0
2012-08-20,33.4,33.45,32.16,32.3,28.398,955800,0.0,1.0
2012-08-21,31.85,32.4475,31.54,31.64,27.8177,1928000,0.0,1.0
2012-08-22,31.41,31.88,31.31,31.72,27.8881,1156300,0.0,1.0
2012-08-23,31.76,32.01,31.44,31.89,28.0375,735600,0.0,1.0
2012-08-24,31.75,31.87,31.45,31.63,27.8089,808700,0.0,1.0
2012-08-27,31.8,31.8,31.44,31.5,27.6946,721600,0.0,1.0
2012-08-28,31.42,31.96,31.37,31.69,27.8617,575300,0.0,1.0
2012-08-29,31.82,31.97,31.56,31.67,27.8441,481100,0.0,1.0
2012-08-30,31.24,31.72,31.0,31.09,27.4045,515500,0.08,1.0
2012-08-31,31.51,31.62,30.86,31.26,27.5543,600200,0.0,1.0
2012-09-04,31.31,32.2489,30.77,32.11,28.3036,772000,0.0,1.0
2012-09-05,32.27,33.01,32.08,32.61,28.7443,781400,0.0,1.0
2012-09-06,32.89,33.56,32.77,33.43,29.4671,765400,0.0,1.0
2012-09-07,34.25,35.66,33.81,35.56,31.3446,1590800,0.0,1.0
2012-09-10,35.41,36.0,35.27,35.39,31.1948,789000,0.0,1.0
2012-09-11,35.15,35.3,34.045,34.51,30.4191,1092600,0.0,1.0
2012-09-12,34.52,34.84,34.11,34.5,30.4103,501100,0.0,1.0
2012-09-13,34.62,35.16,34.21,34.92,30.7805,990200,0.0,1.0
2012-09-14,35.0,35.99,35.0,35.59,31.3711,808300,0.0,1.0
2012-09-17,35.41,35.41,34.49,34.85,30.7188,522500,0.0,1.0
2012-09-18,34.7,34.7,33.24,33.76,29.758,1019200,0.0,1.0
2012-09-19,33.8,34.33,33.39,33.89,29.8726,700900,0.0,1.0
2012-09-20,33.63,33.63,32.65,33.29,29.3437,729000,0.0,1.0
2012-09-21,33.73,33.8999,33.18,33.2,29.2644,953300,0.0,1.0
2012-09-24,33.1,33.26,32.65,32.73,28.8501,599400,0.0,1.0
2012-09-25,32.82,33.06,31.11,31.19,27.4926,901800,0.0,1.0
2012-09-26,31.25,31.53,30.91,31.12,27.4309,963600,0.0,1.0
2012-09-27,31.29,31.55,31.13,31.54,27.8012,922200,0.0,1.0
2012-09-28,31.35,31.81,31.1,31.5,27.7659,699400,0.0,1.0
2012-10-01,31.54,31.7,31.03,31.29,27.5808,754400,0.0,1.0
2012-10-02,31.48,31.57,31.06,31.48,27.7483,600400,0.0,1.0
2012-10-03,31.54,31.82,31.13,31.34,27.6249,475400,0.0,1.0
2012-10-04,31.5,32.14,31.31,32.13,28.3212,785800,0.0,1.0
2012-10-05,32.44,32.64,32.04,32.29,28.4622,666900,0.0,1.0
2012-10-08,32.1,32.35,31.84,31.85,28.0744,476800,0.0,1.0
2012-10-09,31.79,31.9,30.11,30.15,26.5759,1500600,0.0,1.0
2012-10-10,30.16,31.59,30.16,30.75,27.1048,995500,0.0,1.0
2012-10-11,31.08,31.3,30.68,31.02,27.3428,558400,0.0,1.0
2012-10-12,31.01,31.29,30.21,30.28,26.6905,652400,0.0,1.0
2012-10-15,30.38,31.57,30.38,31.47,27.7394,828500,0.0,1.0
2012-10-16,31.57,31.692,31.13,31.59,27.8452,634100,0.0,1.0
2012-10-17,32.23,33.06,31.34,32.48,28.6297,948200,0.0,1.0
2012-10-18,32.45,32.89,31.84,32.08,28.2771,796300,0.0,1.0
2012-10-19,31.85,31.94,30.57,30.99,27.3163,1231400,0.0,1.0
2012-10-22,31.01,31.12,30.5,31.06,27.3781,613800,0.0,1.0
2012-10-23,30.6,31.2501,30.3762,31.1,27.4133,413900,0.0,1.0
2012-10-24,31.28,31.3,30.51,30.81,27.1577,422000,0.0,1.0
2012-10-25,31.22,31.41,30.72,31.03,27.3516,422800,0.0,1.0
2012-10-26,31.0,31.21,30.4,30.79,27.1401,440000,0.0,1.0
2012-10-31,30.85,31.21,30.77,31.13,27.4398,509300,0.0,1.0
2012-11-01,31.3,32.99,31.3,32.96,29.0528,997700,0.0,1.0
2012-11-02,33.0,33.0,31.81,31.82,28.048,893100,0.0,1.0
2012-11-05,31.82,32.21,31.52,32.15,28.3388,335700,0.0,1.0
2012-11-06,32.39,32.72,31.95,32.53,28.6738,511300,0.0,1.0
2012-11-07,32.04,32.07,30.88,30.93,27.2635,668200,0.0,1.0
2012-11-08,30.97,31.11,30.1017,30.25,26.6641,584200,0.0,1.0
2012-11-09,29.56,30.32,28.9,29.1,25.6504,1514800,0.0,1.0
2012-11-12,29.16,29.49,28.27,29.05,25.6063,930000,0.0,1.0
2012-11-13,28.72,29.96,28.518,28.91,25.4829,1143200,0.0,1.0
2012-11-14,29.18,29.308,27.99,28.12,24.7866,1234900,0.0,1.0
2012-11-15,28.13,29.1,27.98,28.95,25.5182,966100,0.0,1.0
2012-11-16,28.85,29.21,28.38,28.77,25.3595,967800,0.0,1.0
2012-11-19,29.26,29.67,28.97,29.22,25.7562,500300,0.0,1.0
2012-11-20,29.21,29.35,28.57,28.84,25.4212,484900,0.0,1.0
2012-11-21,28.94,29.28,28.6451,29.14,25.6857,301700,0.0,1.0
2012-11-23,29.24,29.85,29.1523,29.77,26.241,268200,0.0,1.0
2012-11-26,29.57,29.85,29.38,29.78,26.2498,881300,0.0,1.0
2012-11-27,29.59,29.83,28.9,28.91,25.4829,511600,0.0,1.0
2012-11-28,28.72,29.19,28.5,28.91,25.4829,593900,0.0,1.0
2012-11-29,29.2,29.218,28.53,28.95,25.5887,762200,0.08,1.0
2012-11-30,29.05,29.1,28.6,28.86,25.5091,691100,0.0,1.0
2012-12-03,29.11,29.41,28.89,29.37,25.9599,899700,0.0,1.0
2012-12-04,29.33,30.22,29.22,30.19,26.6847,890300,0.0,1.0
2012-12-05,30.3,31.01,29.71,30.88,27.2946,1171400,0.0,1.0
2012-12-06,30.52,31.02,30.13,31.01,27.4095,1532300,0.0,1.0
2012-12-07,31.13,31.5,30.86,31.13,27.5156,932300,0.0,1.0
2012-12-10,31.15,31.76,30.78,31.49,27.8338,781900,0.0,1.0
2012-12-11,31.82,33.28,31.6607,32.99,29.1596,1514400,0.0,1.0
2012-12-12,32.97,33.09,32.32,32.51,28.7354,911700,0.0,1.0
2012-12-13,32.51,32.96,32.17,32.58,28.7972,647300,0.0,1.0
2012-12-14,32.46,32.97,32.44,32.58,28.7972,451000,0.0,1.0
2012-12-17,32.65,33.25,32.6491,33.25,29.3894,635100,0.0,1.0
2012-12-18,33.3,33.48,32.63,33.31,29.4425,1276200,0.0,1.0
2012-12-19,33.51,34.16,33.51,33.74,29.8225,826600,0.0,1.0
2012-12-20,34.07,34.22,33.38,33.78,29.8579,656300,0.0,1.0
2012-12-21,33.5,33.6,32.95,33.06,29.3983,1129300,0.2,1.0
2012-12-24,33.0,33.06,32.41,32.7,29.0781,230400,0.0,1.0
2012-12-26,32.86,33.21,32.62,32.91,29.2649,393200,0.0,1.0
2012-12-27,33.05,33.0999,31.97,32.55,28.9448,526200,0.0,1.0
2012-12-28,32.29,32.72,32.15,32.16,28.598,347300,0.0,1.0
2012-12-31,32.17,33.72,31.97,33.62,29.8962,651300,0.0,1.0
2013-01-02,34.75,34.9,34.1501,34.61,30.7766,810000,0.0,1.0
2013-01-03,34.61,34.88,34.49,34.74,30.8922,506000,0.0,1.0
2013-01-04,34.96,34.96,34.61,34.68,30.8388,405700,0.0,1.0
2013-01-07,34.32,34.3695,33.26,33.47,29.7629,805400,0.0,1.0
2013-01-08,33.41,33.87,33.31,33.67,29.9407,395300,0.0,1.0
2013-01-09,33.84,34.77,33.84,34.55,30.7232,536300,0.0,1.0
2013-01-10,34.86,35.01,34.39,34.43,30.6165,869500,0.0,1.0
2013-01-11,34.49,34.68,34.24,34.62,30.7855,469200,0.0,1.0
2013-01-14,34.52,35.16,34.445,35.06,31.1768,767100,0.0,1.0
2013-01-15,34.63,35.1,34.42,35.02,31.1412,590000,0.0,1.0
2013-01-16,34.86,34.87,34.57,34.69,30.8477,365400,0.0,1.0
2013-01-17,34.96,34.97,34.26,34.72,30.8744,503300,0.0,1.0
2013-01-18,34.62,36.01,34.61,35.99,32.0037,767400,0.0,1.0
2013-01-22,36.08,36.27,35.37,36.16,32.1549,647600,0.0,1.0
2013-01-23,35.92,36.26,35.79,36.12,32.1193,392000,0.0,1.0
2013-01-24,36.09,36.38,35.29,36.0,32.0126,487200,0.0,1.0
2013-01-25,36.38,37.48,36.25,37.46,33.3109,1516200,0.0,1.0
2013-01-28,37.43,37.68,36.82,36.85,32.7685,889200,0.0,1.0
2013-01-29,36.82,36.9,35.17,36.17,32.1638,1586200,0.0,1.0
2013-01-30,36.18,36.45,35.83,36.19,32.1816,583700,0.0,1.0
2013-01-31,36.07,36.39,35.67,35.92,31.9415,697500,0.0,1.0
2013-02-01,36.29,36.32,35.44,35.81,31.8437,882600,0.0,1.0
2013-02-04,35.62,35.89,35.12,35.2,31.3012,550300,0.0,1.0
2013-02-05,35.54,36.5699,35.22,36.54,32.4928,915900,0.0,1.0
2013-02-06,36.4,36.53,35.65,36.19,32.1816,1071100,0.0,1.0
2013-02-07,36.23,36.52,35.93,36.51,32.4661,601400,0.0,1.0
2013-02-08,36.54,36.83,36.37,36.69,32.6262,567900,0.0,1.0
2013-02-11,36.6,37.03,36.384,37.0,32.9019,444200,0.0,1.0
2013-02-12,36.87,37.0965,36.66,36.89,32.8041,467900,0.0,1.0
2013-02-13,37.16,38.37,37.03,38.37,34.1201,1587000,0.0,1.0
2013-02-14,38.11,38.72,37.86,38.63,34.3513,711900,0.0,1.0
2013-02-15,38.73,38.84,38.12,38.19,33.9601,565600,0.0,1.0
2013-02-19,38.14,39.0,37.91,38.86,34.5559,861600,0.0,1.0
2013-02-20,39.24,40.0,37.55,37.58,33.4176,1777500,0.0,1.0
2013-02-21,37.6,38.06,37.16,37.54,33.3821,1031000,0.0,1.0
2013-02-22,37.9,38.02,37.44,37.65,33.4799,839800,0.0,1.0
2013-02-25,38.41,38.74,37.21,37.22,33.0975,1214500,0.0,1.0
2013-02-26,37.46,37.985,36.94,37.33,33.1953,711500,0.0,1.0
2013-02-27,37.29,38.15,36.6805,38.05,33.8356,921800,0.0,1.0
2013-02-28,37.95,38.48,37.78,38.23,33.9956,1091400,0.0,1.0
2013-03-01,38.07,40.49,37.4,40.17,35.7208,2490700,0.0,1.0
2013-03-04,39.9,39.9,38.56,39.07,34.7426,1324400,0.0,1.0
2013-03-05,39.38,39.6,38.98,39.28,34.9293,1099900,0.0,1.0
2013-03-06,39.41,39.42,38.72,39.15,34.8137,662100,0.0,1.0
2013-03-07,39.1,39.15,38.56,39.02,34.6981,817800,0.0,1.0
2013-03-08,39.39,39.39,38.74,39.33,34.9738,702000,0.0,1.0
2013-03-11,39.16,39.33,38.79,39.13,34.796,558400,0.0,1.0
2013-03-12,38.74,38.74,37.75,38.74,34.4492,859700,0.0,1.0
2013-03-13,38.68,39.33,38.33,38.64,34.3602,817500,0.0,1.0
2013-03-14,38.76,38.88,38.3,38.35,34.1024,662300,0.0,1.0
2013-03-15,38.25,38.57,38.13,38.34,34.0935,888100,0.0,1.0
2013-03-18,37.87,38.56,37.76,38.27,34.0312,547500,0.0,1.0
2013-03-19,38.33,38.46,37.25,37.89,33.6933,535700,0.0,1.0
2013-03-20,38.07,38.33,37.68,38.0,33.7911,696100,0.0,1.0
2013-03-21,37.75,38.0,36.99,37.1,32.9908,1070000,0.0,1.0
2013-03-22,37.34,37.77,37.31,37.75,33.5688,600600,0.0,1.0
2013-03-25,37.8,38.06,37.22,37.57,33.4087,576800,0.0,1.0
2013-03-26,37.84,37.93,37.005,37.08,32.973,1094400,0.0,1.0
2013-03-27,36.7,37.2,36.38,36.78,32.7062,852100,0.0,1.0
2013-03-28,36.89,37.51,36.74,37.41,33.2665,642900,0.0,1.0
2013-04-01,37.41,37.67,37.15,37.28,33.1509,984100,0.0,1.0
2013-04-02,37.49,38.0,37.275,37.56,33.3999,1586700,0.0,1.0
2013-04-03,37.56,37.74,35.45,35.48,31.5502,1249000,0.0,1.0
2013-04-04,35.52,35.52,34.36,34.78,30.9278,1231700,0.0,1.0
2013-04-05,34.12,34.76,33.89,34.5,30.6788,767000,0.0,1.0
2013-04-08,34.71,35.77,34.475,35.32,31.408,1044600,0.0,1.0
2013-04-09,35.36,35.88,35.3,35.43,31.5058,1026800,0.0,1.0
2013-04-10,35.53,36.485,35.48,36.46,32.4217,952900,0.0,1.0
2013-04-11,36.44,37.11,36.3901,37.05,32.9463,933900,0.0,1.0
2013-04-12,36.82,37.04,36.03,36.88,32.7952,923700,0.0,1.0
2013-04-15,36.7,36.7085,34.85,34.94,31.07,1946700,0.0,1.0
2013-04-16,35.28,35.95,35.06,35.71,31.7548,1091300,0.0,1.0
2013-04-17,35.33,35.33,33.99,34.17,30.3853,939700,0.0,1.0
2013-04-18,34.23,34.35,32.95,33.03,29.3716,1090100,0.0,1.0
2013-04-19,33.16,33.82,33.03,33.72,29.9852,1445500,0.0,1.0
2013-04-22,33.72,33.77,33.22,33.68,29.9496,1117200,0.0,1.0
2013-04-23,33.97,34.58,33.86,34.58,30.7499,737300,0.0,1.0
2013-04-24,34.56,34.74,34.23,34.7,30.8566,592300,0.0,1.0
2013-04-25,34.94,35.82,34.75,35.35,31.4346,1371500,0.0,1.0
2013-04-26,35.21,35.38,34.71,35.15,31.2568,707800,0.0,1.0
2013-04-29,35.27,36.19,34.9201,35.12,31.2301,762900,0.0,1.0
2013-04-30,35.09,35.54,35.0101,35.48,31.5502,607100,0.0,1.0
2013-05-01,35.22,35.49,33.68,33.69,29.9585,1113300,0.0,1.0
2013-05-02,33.84,34.46,33.5,34.34,30.5365,886900,0.0,1.0
2013-05-03,35.04,35.92,34.72,34.89,31.0256,894500,0.0,1.0
2013-05-06,34.9,34.99,34.49,34.75,30.9011,738400,0.0,1.0
2013-05-07,34.92,35.22,34.77,34.93,31.0611,607800,0.0,1.0
2013-05-08,35.24,36.27,35.15,36.25,32.2349,1159500,0.0,1.0
2013-05-09,36.25,36.75,35.89,36.31,32.2883,1329400,0.0,1.0
2013-05-10,35.57,36.69,34.1,36.67,32.6084,2494100,0.0,1.0
2013-05-13,36.47,36.57,35.95,36.05,32.0571,1241500,0.0,1.0
2013-05-14,36.15,36.75,36.06,36.52,32.475,1196900,0.0,1.0
2013-05-15,36.25,36.59,35.43,35.95,31.9682,1787400,0.0,1.0
2013-05-16,35.92,38.1,35.92,36.12,32.1193,2323500,0.0,1.0
2013-05-17,36.25,37.36,36.09,37.12,33.0086,1598700,0.0,1.0
2013-05-20,37.01,37.12,36.61,36.98,32.8841,924000,0.0,1.0
2013-05-21,36.98,37.6,36.92,37.39,33.2487,806800,0.0,1.0
2013-05-22,37.53,37.54,36.03,36.15,32.146,1097200,0.0,1.0
2013-05-23,35.74,36.48,35.492,36.37,32.3417,874300,0.0,1.0
2013-05-24,36.14,36.42,35.82,36.4,32.3683,614700,0.0,1.0
2013-05-28,37.06,37.39,37.0,37.23,33.1064,1138700,0.0,1.0
2013-05-29,36.78,37.51,36.53,37.11,32.9997,845100,0.0,1.0
2013-05-30,37.24,37.77,37.07,37.56,33.3999,705900,0.0,1.0
2013-05-31,37.29,37.88,37.035,37.25,33.1242,574800,0.0,1.0
2013-06-03,37.48,37.85,37.0,37.67,33.4977,1192100,0.0,1.0
2013-06-04,37.63,38.1,37.39,37.64,33.471,1468100,0.0,1.0
2013-06-05,37.45,38.08,37.33,37.85,33.6577,1859700,0.0,1.0
2013-06-06,37.68,38.18,37.47,38.14,33.9156,1302700,0.0,1.0
2013-06-07,38.5,39.35,38.44,38.87,34.5648,2158700,0.0,1.0
2013-06-10,38.99,39.09,38.5,38.87,34.5648,1083700,0.0,1.0
2013-06-11,37.97,38.5,37.57,38.01,33.8,1081500,0.0,1.0
2013-06-12,38.27,38.47,37.14,37.32,33.1864,1316400,0.0,1.0
2013-06-13,37.21,38.12,36.87,38.05,33.8356,703900,0.0,1.0
2013-06-14,37.95,38.32,37.72,38.07,33.8534,575000,0.0,1.0
2013-06-17,38.58,38.8,38.4,38.58,34.3069,737200,0.0,1.0
2013-06-18,38.56,38.86,38.28,38.36,34.1112,692700,0.0,1.0
2013-06-19,38.96,39.6,38.74,38.8,34.5025,2359800,0.0,1.0
2013-06-20,38.35,38.35,37.02,37.42,33.2754,1387800,0.0,1.0
2013-06-21,37.57,37.72,37.04,37.41,33.2665,4163000,0.0,1.0
2013-06-24,36.76,37.38,36.345,37.0,32.9019,1297800,0.0,1.0
2013-06-25,37.46,37.5,36.95,37.41,33.2665,1428000,0.0,1.0
2013-06-26,37.78,38.28,37.02,37.76,33.5777,2313500,0.0,1.0
2013-06-27,38.3,38.4,37.88,37.95,33.7467,1171700,0.0,1.0
2013-06-28,37.9,38.45,37.64,37.91,33.7111,2235900,0.0,1.0
2013-07-01,38.07,38.59,37.95,38.47,34.2091,2667800,0.0,1.0
2013-07-02,38.49,38.97,38.44,38.81,34.5114,1531400,0.0,1.0
2013-07-03,38.43,39.12,38.35,39.07,34.7426,359600,0.0,1.0
2013-07-05,39.7,39.74,39.13,39.54,35.1605,669000,0.0,1.0
2013-07-08,39.88,40.1,39.78,40.1,35.6585,1031000,0.0,1.0
2013-07-09,40.36,40.38,39.99,40.16,35.7119,909900,0.0,1.0
2013-07-10,40.08,40.4,40.04,40.18,35.7297,580200,0.0,1.0
2013-07-11,40.73,41.24,40.6,41.14,36.5833,1165000,0.0,1.0
2013-07-12,41.0,41.4,40.72,41.06,36.5122,709000,0.0,1.0
2013-07-15,41.19,41.366,40.92,41.08,36.53,529600,0.0,1.0
2013-07-16,41.02,41.15,40.27,40.57,36.0765,793600,0.0,1.0
2013-07-17,40.67,41.1,40.19,40.77,36.2543,786900,0.0,1.0
2013-07-18,40.81,41.63,40.59,41.44,36.8501,744200,0.0,1.0
2013-07-19,41.35,41.58,41.05,41.26,36.69,606400,0.0,1.0
2013-07-22,41.29,41.57,41.0,41.44,36.8501,361600,0.0,1.0
2013-07-23,41.45,42.11,41.25,42.04,37.3836,1314300,0.0,1.0
2013-07-24,42.17,42.27,41.52,41.83,37.1969,516500,0.0,1.0
2013-07-25,41.71,42.11,41.25,42.09,37.4281,585300,0.0,1.0
2013-07-26,41.52,42.165,41.32,42.11,37.4459,394500,0.0,1.0
2013-07-29,41.99,42.06,41.44,41.95,37.3036,452400,0.0,1.0
2013-07-30,42.1,44.61,41.85,43.71,38.8687,2085100,0.0,1.0
2013-07-31,43.83,45.13,43.83,45.0,40.0158,2135300,0.0,1.0
2013-08-01,45.42,45.98,44.5,44.63,39.6868,2109400,0.0,1.0
2013-08-02,44.48,45.02,43.9,44.8,39.8379,706100,0.0,1.0
2013-08-05,44.82,45.52,44.62,45.14,40.1403,1188300,0.0,1.0
2013-08-06,45.01,45.39,43.97,44.91,39.9358,1673300,0.0,1.0
2013-08-07,42.8,44.3,42.41,43.36,38.5574,2472300,0.0,1.0
2013-08-08,43.7,44.08,43.3702,43.49,38.673,1639500,0.0,1.0
2013-08-09,43.4,43.7,43.05,43.26,38.4685,917000,0.0,1.0
2013-08-12,42.99,44.19,42.86,44.13,39.2422,1256200,0.0,1.0
2013-08-13,44.19,44.44,43.95,44.29,39.3844,1171300,0.0,1.0
2013-08-14,44.26,46.32,44.14,45.91,40.825,2626700,0.0,1.0
2013-08-15,45.55,46.56,44.63,44.73,39.7757,1825300,0.0,1.0
2013-08-16,44.54,45.17,44.5,45.03,40.0425,1236800,0.0,1.0
2013-08-19,44.92,45.05,44.28,44.47,39.5445,1056500,0.0,1.0
2013-08-20,44.49,45.39,44.31,45.09,40.0958,775700,0.0,1.0
2013-08-21,44.86,45.34,44.51,44.93,39.9535,2951300,0.0,1.0
2013-08-22,45.12,45.65,44.85,45.36,40.3359,1105600,0.0,1.0
2013-08-23,45.62,45.85,45.01,45.84,40.7628,807200,0.0,1.0
2013-08-26,45.9,48.86,45.712,47.21,41.981,3523100,0.0,1.0
2013-08-27,46.71,46.98,45.89,45.96,40.8695,1453800,0.0,1.0
2013-08-28,45.87,46.65,45.83,46.36,41.2252,1173000,0.0,1.0
2013-08-29,46.19,46.82,45.92,46.57,41.5008,1225400,0.1,1.0
2013-08-30,46.42,46.49,45.76,46.11,41.0909,1130900,0.0,1.0
2013-09-03,46.7,46.84,45.61,46.38,41.3315,1764100,0.0,1.0
2013-09-04,46.34,46.8101,45.96,46.73,41.6434,1242600,0.0,1.0
2013-09-05,46.65,47.21,46.44,46.89,41.786,556900,0.0,1.0
2013-09-06,47.2,47.2,46.01,46.37,41.3226,753000,0.0,1.0
2013-09-09,46.56,47.24,46.56,47.13,41.9999,808600,0.0,1.0
2013-09-10,47.5,47.58,47.13,47.4,42.2405,628700,0.0,1.0
2013-09-11,47.67,48.36,47.51,48.34,43.0782,1666900,0.0,1.0
2013-09-12,48.51,48.93,47.91,48.81,43.497,1119800,0.0,1.0
2013-09-13,49.0,49.06,48.36,48.57,43.2831,660700,0.0,1.0
2013-09-16,49.07,49.1674,46.9,46.99,41.8751,2142800,0.0,1.0
2013-09-17,47.07,47.89,46.99,47.64,42.4544,1210600,0.0,1.0
2013-09-18,47.55,48.28,47.08,47.6,42.4187,1263400,0.0,1.0
2013-09-19,47.67,47.87,47.27,47.31,42.1603,1103700,0.0,1.0
2013-09-20,47.47,47.76,47.02,47.22,42.0801,1068900,0.0,1.0
2013-09-23,47.15,47.85,46.73,47.57,42.392,861200,0.0,1.0
2013-09-24,48.96,49.11,47.95,48.17,42.9267,1625200,0.0,1.0
2013-09-25,48.15,48.87,48.0,48.4,43.1316,714700,0.0,1.0
2013-09-26,48.55,48.77,48.21,48.47,43.194,571100,0.0,1.0
2013-09-27,48.13,48.93,48.09,48.76,43.4524,629600,0.0,1.0
2013-09-30,48.17,49.6,48.11,49.13,43.7822,5485700,0.0,1.0
2013-10-01,49.01,50.03,49.01,49.71,44.299,1693100,0.0,1.0
2013-10-02,49.25,50.28,48.93,50.04,44.5931,1993200,0.0,1.0
2013-10-03,50.08,52.0,50.0,50.94,45.3951,3886700,0.0,1.0
2013-10-04,50.81,51.07,50.4499,50.77,45.2437,1905700,0.0,1.0
2013-10-07,50.28,50.45,49.77,50.26,44.7892,1344900,0.0,1.0
2013-10-08,50.4,50.4,48.52,49.26,43.898,1484700,0.0,1.0
2013-10-09,49.5,49.69,48.6,49.14,43.7911,1115500,0.0,1.0
2013-10-10,49.81,50.17,49.785,50.0,44.5575,842700,0.0,1.0
2013-10-11,49.88,50.77,49.81,50.72,45.1991,1097200,0.0,1.0
2013-10-14,50.41,51.29,50.33,51.1,45.5377,650700,0.0,1.0
2013-10-15,51.08,51.305,50.21,50.45,44.9585,776600,0.0,1.0
2013-10-16,50.69,51.38,50.69,51.15,45.5823,641200,0.0,1.0
2013-10-17,51.03,51.81,50.89,51.44,45.8407,797100,0.0,1.0
2013-10-18,51.8,52.21,51.6,51.9,46.2507,759600,0.0,1.0
2013-10-21,52.04,52.33,51.64,52.18,46.5002,1087800,0.0,1.0
2013-10-22,52.28,53.04,51.98,52.47,46.7586,733800,0.0,1.0
2013-10-23,52.28,52.7,52.01,52.58,46.8566,565900,0.0,1.0
2013-10-24,52.75,53.36,52.38,52.96,47.1953,941800,0.0,1.0
2013-10-25,53.2,53.4245,52.59,53.09,47.3111,600500,0.0,1.0
2013-10-28,53.0,53.15,52.29,52.75,47.0081,821600,0.0,1.0
2013-10-29,52.77,53.21,52.59,53.06,47.2844,686000,0.0,1.0
2013-10-30,53.22,53.61,52.46,52.69,46.9547,602000,0.0,1.0
2013-10-31,52.71,52.87,51.82,51.9,46.2507,1203700,0.0,1.0
2013-11-01,51.81,52.44,51.66,52.01,46.3487,1457800,0.0,1.0
2013-11-04,52.27,52.94,52.15,52.35,46.6517,957700,0.0,1.0
2013-11-05,52.22,52.98,51.59,52.67,46.9368,668900,0.0,1.0
2013-11-06,52.8,53.04,50.13,51.13,45.5645,2222000,0.0,1.0
2013-11-07,51.76,52.3,49.93,50.27,44.7981,1293800,0.0,1.0
2013-11-08,50.27,51.8,50.27,51.41,45.814,1298000,0.0,1.0
2013-11-11,51.27,51.61,50.83,51.04,45.4843,927500,0.0,1.0
2013-11-12,54.0,54.0,51.32,51.92,46.2685,1998400,0.0,1.0
2013-11-13,51.66,53.16,51.57,52.46,46.7497,1373000,0.0,1.0
2013-11-14,52.25,52.45,50.33,50.74,45.2169,1747100,0.0,1.0
2013-11-15,51.0,52.28,51.0,51.94,46.2863,1205000,0.0,1.0
2013-11-18,52.29,53.13,51.48,51.74,46.1081,1001100,0.0,1.0
2013-11-19,51.7,52.34,51.19,51.62,46.0011,754100,0.0,1.0
2013-11-20,51.72,52.19,51.06,51.34,45.7516,874900,0.0,1.0
2013-11-21,51.72,52.91,51.5101,52.67,46.9368,922100,0.0,1.0
2013-11-22,52.52,52.59,51.18,52.21,46.5269,767800,0.0,1.0
2013-11-25,52.11,52.67,51.14,51.28,45.6981,1281500,0.0,1.0
2013-11-26,51.34,52.34,50.86,52.22,46.5358,1145100,0.0,1.0
2013-11-27,52.32,52.57,51.63,51.69,46.1526,1323000,0.1,1.0
2013-11-29,52.01,52.07,51.03,51.26,45.7687,733400,0.0,1.0
2013-12-02,51.44,53.13,51.355,52.22,46.6258,1443400,0.0,1.0
2013-12-03,52.16,52.38,51.16,51.68,46.1437,1313800,0.0,1.0
2013-12-04,51.35,51.94,50.91,51.46,45.9473,859700,0.0,1.0
2013-12-05,51.29,51.82,51.1725,51.55,46.0276,817900,0.0,1.0
2013-12-06,52.8,52.8,51.75,51.91,46.3491,522400,0.0,1.0
2013-12-09,51.91,52.25,51.46,51.93,46.3669,549900,0.0,1.0
2013-12-10,51.76,52.64,51.76,52.21,46.6169,573100,0.0,1.0
2013-12-11,52.32,52.41,50.89,51.09,45.6169,847600,0.0,1.0
2013-12-12,51.0,51.13,50.41,50.57,45.1526,878500,0.0,1.0
2013-12-13,50.67,51.19,50.16,50.4,45.0008,613900,0.0,1.0
2013-12-16,50.6,51.1899,50.45,50.6,45.1794,529200,0.0,1.0
2013-12-17,50.51,50.91,50.15,50.65,45.224,552100,0.0,1.0
2013-12-18,50.84,51.37,50.22,51.21,45.724,605600,0.0,1.0
2013-12-19,51.01,51.32,50.16,50.34,44.9472,807500,0.0,1.0
2013-12-20,50.59,51.06,50.0,50.93,45.474,1522300,0.0,1.0
2013-12-23,51.19,51.2,50.665,51.12,45.6437,655500,0.0,1.0
2013-12-24,51.26,51.4,51.09,51.29,45.7955,275800,0.0,1.0
2013-12-26,51.38,51.93,51.29,51.69,46.1526,601400,0.0,1.0
2013-12-27,51.95,52.46,51.8425,52.22,46.6258,827100,0.0,1.0
2013-12-30,52.23,53.02,52.0,52.75,47.0991,735800,0.0,1.0
2013-12-31,52.7,53.49,52.7,53.2,47.5009,960900,0.0,1.0
2014-01-02,52.96,53.42,52.56,53.06,47.3759,913500,0.0,1.0
2014-01-03,53.07,53.74,53.07,53.51,47.7777,685600,0.0,1.0
2014-01-06,53.54,53.69,52.11,52.13,46.5455,1236700,0.0,1.0
2014-01-07,52.29,52.9,52.25,52.43,46.8134,992500,0.0,1.0
2014-01-08,52.35,52.47,51.5321,51.96,46.3937,1008500,0.0,1.0
2014-01-09,52.22,52.37,51.59,51.96,46.3937,428800,0.0,1.0
2014-01-10,51.8,52.41,51.535,52.27,46.6705,523800,0.0,1.0
2014-01-13,52.03,52.29,51.32,51.51,45.9919,817000,0.0,1.0
2014-01-14,51.73,52.73,51.73,52.64,47.0009,751900,0.0,1.0
2014-01-15,52.8,53.16,52.71,53.01,47.3312,694700,0.0,1.0
2014-01-16,52.77,53.22,52.235,52.66,47.0187,970700,0.0,1.0
2014-01-17,52.47,53.0,52.08,53.0,47.3223,1157100,0.0,1.0
2014-01-21,53.2,53.43,51.35,51.5,45.983,874800,0.0,1.0
2014-01-22,51.33,51.37,50.41,50.78,45.3401,972600,0.0,1.0
2014-01-23,50.44,50.61,49.79,50.47,45.0633,1115700,0.0,1.0
2014-01-24,50.35,50.35,48.38,48.43,43.2419,1564400,0.0,1.0
2014-01-27,48.49,48.97,47.5,47.99,42.849,1002000,0.0,1.0
2014-01-28,48.0,48.94,48.0,48.88,43.6437,632500,0.0,1.0
2014-01-29,50.27,50.27,48.06,48.75,43.5276,3719300,0.0,1.0
2014-01-30,49.13,49.13,47.6,47.9,42.7686,2859600,0.0,1.0
2014-01-31,47.22,48.28,47.01,47.92,42.7865,4425500,0.0,1.0
2014-02-03,48.01,48.26,45.4,46.23,41.2775,4263700,0.0,1.0
2014-02-04,46.63,48.2,46.26,47.51,42.4204,3266700,0.0,1.0
2014-02-05,47.4,48.42,46.84,48.01,42.8669,2215700,0.0,1.0
2014-02-06,48.39,49.615,48.16,49.59,44.2776,2267400,0.0,1.0
2014-02-07,49.8,50.26,49.48,50.25,44.8669,1935800,0.0,1.0
2014-02-10,45.79,46.38,44.52,44.58,43.6794,1418600,4.34,1.0
2014-02-11,44.58,45.23,44.27,45.16,44.2476,1114800,0.0,1.0
2014-02-12,45.3,45.71,45.22,45.68,44.7571,932700,0.0,1.0
2014-02-13,45.28,46.91,45.28,46.8,45.8545,1251500,0.0,1.0
2014-02-14,46.81,46.81,46.19,46.54,45.5998,623900,0.0,1.0
2014-02-18,46.47,46.75,46.14,46.48,45.541,482500,0.0,1.0
2014-02-19,46.49,47.35,46.41,46.68,45.7369,988500,0.0,1.0
2014-02-20,46.85,47.5,46.69,47.3,46.3444,626800,0.0,1.0
2014-02-21,47.36,47.76,46.8,47.13,46.1779,800100,0.0,1.0
2014-02-24,47.17,48.66,47.17,48.45,47.4712,1415000,0.0,1.0
2014-02-25,48.39,48.97,48.12,48.75,47.7651,1153000,0.0,1.0
2014-02-26,48.84,50.61,48.8,50.51,49.4896,2409900,0.0,1.0
2014-02-27,50.3,51.23,49.86,50.37,49.3524,3448800,0.0,1.0
2014-02-28,48.29,48.35,46.06,47.01,46.0603,4394300,0.0,1.0
2014-03-03,46.7,47.18,46.486,46.72,45.7761,1350900,0.0,1.0
2014-03-04,47.27,47.96,47.15,47.54,46.5796,1390000,0.0,1.0
2014-03-05,47.56,48.17,47.56,47.83,46.8637,1545700,0.0,1.0
2014-03-06,48.0,48.065,46.8,46.93,46.0799,1316200,0.1,1.0
2014-03-07,47.6,49.05,47.1,48.55,47.6705,1922500,0.0,1.0
2014-03-10,48.62,48.89,47.96,48.06,47.1894,1095700,0.0,1.0
2014-03-11,48.24,48.6,47.09,47.27,46.4137,1023900,0.0,1.0
2014-03-12,46.9,47.21,46.43,46.5,45.6577,987100,0.0,1.0
2014-03-13,46.72,46.98,44.62,44.79,43.9786,1941600,0.0,1.0
2014-03-14,44.6,45.68,44.6,44.73,43.9197,1655800,0.0,1.0
2014-03-17,45.14,45.475,44.53,44.72,43.9099,1642500,0.0,1.0
2014-03-18,44.82,44.872,44.01,44.54,43.7332,1414300,0.0,1.0
2014-03-19,44.4,44.56,43.21,43.56,42.7709,2554500,0.0,1.0
2014-03-20,43.56,43.83,43.42,43.66,42.8691,1758700,0.0,1.0
2014-03-21,43.58,43.94,43.31,43.55,42.7611,1067700,0.0,1.0
2014-03-24,43.66,43.82,42.415,42.86,42.0836,1203600,0.0,1.0
2014-03-25,42.98,44.0,42.77,43.07,42.2898,1648200,0.0,1.0
2014-03-26,43.3,43.6,42.92,42.93,42.1523,1113700,0.0,1.0
2014-03-27,43.0,43.17,42.41,42.59,41.8185,997800,0.0,1.0
2014-03-28,42.67,43.63,42.67,43.09,42.3094,537300,0.0,1.0
2014-03-31,43.48,43.99,43.32,43.55,42.7611,791900,0.0,1.0
2014-04-01,43.8,44.27,43.55,44.2,43.3993,577700,0.0,1.0
2014-04-02,44.17,44.27,43.58,43.82,43.0262,726300,0.0,1.0
2014-04-03,43.69,44.33,43.41,43.82,43.0262,478200,0.0,1.0
2014-04-04,44.27,44.27,42.46,42.89,42.1131,1108100,0.0,1.0
2014-04-07,42.7,42.84,41.29,41.39,40.6402,995600,0.0,1.0
2014-04-08,41.45,42.1,41.11,42.05,41.2883,718500,0.0,1.0
2014-04-09,42.07,42.5596,41.56,42.52,41.7498,538900,0.0,1.0
2014-04-10,42.38,42.52,40.7,41.0,40.2573,976300,0.0,1.0
2014-04-11,40.48,41.02,40.1,40.14,39.4129,718300,0.0,1.0
2014-04-14,40.74,40.92,39.99,40.2,39.4718,549100,0.0,1.0
2014-04-15,40.24,40.32,38.83,39.32,38.6077,1330100,0.0,1.0
2014-04-16,39.99,40.15,39.7,40.02,39.295,847800,0.0,1.0
2014-04-17,39.95,40.41,39.84,40.01,39.2852,707700,0.0,1.0
2014-04-21,40.02,40.37,39.85,40.36,39.6289,732700,0.0,1.0
2014-04-22,40.42,41.3,40.35,41.27,40.5224,942300,0.0,1.0
2014-04-23,41.26,41.34,40.64,40.65,39.9136,625000,0.0,1.0
2014-04-24,42.04,43.0,41.4,42.74,41.9658,1715400,0.0,1.0
2014-04-25,42.74,42.84,42.14,42.16,41.3963,1682200,0.0,1.0
2014-04-28,42.27,42.36,40.4,40.85,40.11,1250900,0.0,1.0
2014-04-29,40.93,41.28,40.14,41.15,40.4046,1068200,0.0,1.0
2014-04-30,41.06,42.06,40.75,42.06,41.2981,891500,0.0,1.0
2014-05-01,42.17,42.6,41.65,42.29,41.5239,1171000,0.0,1.0
2014-05-02,42.38,43.44,42.22,43.39,42.604,1957900,0.0,1.0
2014-05-05,42.94,44.86,42.57,44.8,43.9885,3668900,0.0,1.0
2014-05-06,44.63,44.63,43.5,43.6,42.8102,1278600,0.0,1.0
2014-05-07,42.95,43.59,41.02,41.55,40.7973,1899400,0.0,1.0
2014-05-08,41.3,41.55,40.09,40.4,39.6682,1490400,0.0,1.0
2014-05-09,40.33,40.67,39.9,40.67,39.9333,1053000,0.0,1.0
2014-05-12,40.88,41.49,40.7601,41.21,40.4635,751600,0.0,1.0
2014-05-13,41.14,41.36,40.18,40.5,39.7663,1015200,0.0,1.0
2014-05-14,40.5,40.89,40.07,40.39,39.6583,1421400,0.0,1.0
2014-05-15,40.24,40.32,38.53,39.23,38.5194,2927300,0.0,1.0
2014-05-16,39.12,39.135,38.45,39.0,38.2935,1178500,0.0,1.0
2014-05-19,40.92,41.24,39.93,40.06,39.3343,970100,0.0,1.0
2014-05-20,38.98,39.0999,37.89,37.91,37.2233,1794500,0.0,1.0
2014-05-21,38.13,39.3,38.13,39.27,38.5586,2412600,0.0,1.0
2014-05-22,39.45,39.7,39.11,39.26,38.5488,806900,0.0,1.0
2014-05-23,39.3,39.57,38.84,39.47,38.755,1552900,0.0,1.0
2014-05-27,39.7,39.85,39.39,39.44,38.7256,1229000,0.0,1.0
2014-05-28,39.45,39.55,38.46,38.54,37.8419,993300,0.0,1.0
2014-05-29,38.63,39.03,38.23,39.0,38.3917,847500,0.1,1.0
2014-05-30,39.13,39.79,39.07,39.48,38.8642,1028700,0.0,1.0
2014-06-02,39.54,39.5863,38.91,39.3,38.687,589400,0.0,1.0
2014-06-03,39.17,39.57,38.85,39.51,38.8938,555100,0.0,1.0
2014-06-04,39.33,40.11,39.07,39.69,39.0709,996500,0.0,1.0
2014-06-05,39.68,40.2,39.28,39.92,39.2974,764800,0.0,1.0
2014-06-06,40.12,40.25,39.61,39.91,39.2875,926700,0.0,1.0
2014-06-09,39.9,40.86,39.82,40.51,39.8782,2357800,0.0,1.0
2014-06-10,40.36,40.68,40.14,40.15,39.5238,957400,0.0,1.0
2014-06-11,39.75,39.99,39.5,39.74,39.1202,1169800,0.0,1.0
2014-06-12,39.77,39.85,39.35,39.64,39.0217,1470700,0.0,1.0
2014-06-13,39.71,40.0,39.565,39.81,39.1891,494000,0.0,1.0
2014-06-16,39.7,39.85,39.47,39.69,39.0709,678700,0.0,1.0
2014-06-17,39.78,40.61,39.71,40.48,39.8486,820600,0.0,1.0
2014-06-18,40.48,40.86,40.34,40.76,40.1243,690900,0.0,1.0
2014-06-19,40.92,41.0,40.29,40.49,39.8585,656400,0.0,1.0
2014-06-20,40.59,40.69,40.28,40.44,39.8092,1458600,0.0,1.0
2014-06-23,40.49,40.63,40.18,40.2,39.573,402700,0.0,1.0
2014-06-24,40.11,41.14,40.05,40.21,39.5828,682400,0.0,1.0
2014-06-25,39.94,40.37,39.81,40.2,39.573,600600,0.0,1.0
2014-06-26,40.07,40.25,39.5,39.87,39.2481,662700,0.0,1.0
2014-06-27,39.89,41.67,39.88,41.48,40.833,1860500,0.0,1.0
2014-06-30,41.49,42.31,41.32,41.99,41.3351,990700,0.0,1.0
2014-07-01,42.62,44.95,42.28,43.37,42.6935,2556600,0.0,1.0
2014-07-02,43.07,43.32,41.73,42.01,41.3548,1577200,0.0,1.0
2014-07-03,42.08,42.328,41.89,42.0,41.3449,517800,0.0,1.0
2014-07-07,41.98,41.98,40.94,40.98,40.3408,479900,0.0,1.0
2014-07-08,40.88,41.1,40.2,40.7,40.0652,670100,0.0,1.0
2014-07-09,40.7,40.86,40.09,40.58,39.9471,533600,0.0,1.0
2014-07-10,39.73,40.75,39.58,40.41,39.7797,781100,0.0,1.0
2014-07-11,40.37,40.45,39.64,39.69,39.0709,510600,0.0,1.0
2014-07-14,39.9,40.41,39.87,40.09,39.4647,516300,0.0,1.0
2014-07-15,40.05,40.2,39.11,39.13,38.5197,683300,0.0,1.0
2014-07-16,39.41,39.55,38.79,38.86,38.2539,680800,0.0,1.0
2014-07-17,38.65,38.86,37.72,37.82,37.2301,1414500,0.0,1.0
2014-07-18,37.68,39.26,37.6225,39.25,38.6378,1004300,0.0,1.0
2014-07-21,39.01,39.38,38.56,39.3,38.687,817400,0.0,1.0
2014-07-22,39.51,40.37,39.51,39.81,39.1891,971200,0.0,1.0
2014-07-23,39.81,39.96,39.38,39.49,38.8741,898900,0.0,1.0
2014-07-24,39.61,40.4,39.47,39.96,39.3367,1232100,0.0,1.0
2014-07-25,39.67,40.78,39.6601,40.76,40.1243,729000,0.0,1.0
2014-07-28,40.7,40.77,40.05,40.07,39.445,626000,0.0,1.0
2014-07-29,39.91,40.43,39.83,39.83,39.2088,478200,0.0,1.0
2014-07-30,40.12,40.28,39.83,40.18,39.5533,471800,0.0,1.0
2014-07-31,39.71,39.9744,39.25,39.65,39.0316,1022900,0.0,1.0
2014-08-01,39.66,39.96,38.91,39.3,38.687,1072700,0.0,1.0
2014-08-04,39.52,39.73,38.96,39.48,38.8642,722100,0.0,1.0
2014-08-05,39.49,40.72,39.14,40.6,39.9668,932100,0.0,1.0
2014-08-06,40.25,40.9,39.97,40.4,39.7699,956400,0.0,1.0
2014-08-07,40.74,40.98,40.34,40.69,40.0554,805900,0.0,1.0
2014-08-08,37.72,38.3,35.68,37.49,36.9053,4615900,0.0,1.0
2014-08-11,37.7,37.9,36.9,37.59,37.0037,2247800,0.0,1.0
2014-08-12,37.42,37.766,37.0,37.43,36.8462,1012500,0.0,1.0
2014-08-13,37.53,38.66,37.41,38.15,37.555,1126000,0.0,1.0
2014-08-14,38.27,39.16,38.09,38.81,38.2047,1257800,0.0,1.0
2014-08-15,38.99,39.28,38.5,38.98,38.372,1601100,0.0,1.0
2014-08-18,39.18,39.93,39.15,39.82,39.1989,820600,0.0,1.0
2014-08-19,39.73,40.48,39.73,40.24,39.6124,1173500,0.0,1.0
2014-08-20,40.21,41.49,40.06,40.97,40.331,1313000,0.0,1.0
2014-08-21,41.07,41.22,40.64,41.0,40.3605,972900,0.0,1.0
2014-08-22,41.0,41.31,40.82,41.22,40.5771,885000,0.0,1.0
2014-08-25,41.38,42.05,41.12,41.64,40.9905,1677900,0.0,1.0
2014-08-26,41.78,41.96,41.33,41.75,41.0988,704600,0.0,1.0
2014-08-27,41.76,41.76,41.03,41.14,40.4983,819700,0.0,1.0
2014-08-28,40.92,41.06,40.54,40.96,40.4196,480200,0.1,1.0
2014-08-29,40.97,41.3053,40.43,40.81,40.2716,534000,0.0,1.0
2014-09-02,40.91,40.98,40.29,40.53,39.9953,719800,0.0,1.0
2014-09-03,40.8,40.85,39.59,39.68,39.1565,990500,0.0,1.0
2014-09-04,39.69,40.16,39.55,39.72,39.1959,484900,0.0,1.0
2014-09-05,39.61,39.84,39.36,39.63,39.1071,379300,0.0,1.0
2014-09-08,39.61,39.8,39.11,39.48,38.9591,574400,0.0,1.0
2014-09-09,39.27,39.64,39.071,39.32,38.8012,627300,0.0,1.0
2014-09-10,39.43,39.5,38.96,39.34,38.821,546300,0.0,1.0
2014-09-11,39.14,39.6,39.14,39.59,39.0677,489300,0.0,1.0
2014-09-12,39.62,39.83,39.02,39.2,38.6828,930700,0.0,1.0
2014-09-15,39.28,39.45,38.41,38.52,38.0118,924000,0.0,1.0
2014-09-16,38.5,38.9,38.2,38.44,37.9328,859400,0.0,1.0
2014-09-17,38.44,38.68,38.22,38.47,37.9624,613600,0.0,1.0
2014-09-18,38.57,38.786,38.03,38.13,37.6269,620700,0.0,1.0
2014-09-19,38.24,38.39,37.29,37.54,37.0447,2149100,0.0,1.0
2014-09-22,37.39,37.51,36.18,36.2,35.7224,1051558,0.0,1.0
2014-09-23,35.92,36.33,35.67,35.8,35.3277,1036328,0.0,1.0
2014-09-24,35.88,36.62,35.83,36.45,35.9691,732051,0.0,1.0
2014-09-25,36.25,36.42,35.39,35.4,34.9329,889297,0.0,1.0
2014-09-26,35.58,35.89,35.35,35.46,34.9921,494656,0.0,1.0
2014-09-29,35.0,36.04,35.0,36.0,35.525,1107107,0.0,1.0
2014-09-30,36.07,36.2,35.57,35.72,35.2487,978254,0.0,1.0
2014-10-01,35.57,35.57,34.9,35.3,34.8343,1284500,0.0,1.0
2014-10-02,35.28,35.74,34.74,35.34,34.8737,500640,0.0,1.0
2014-10-03,35.8,36.22,35.62,35.63,35.1599,920699,0.0,1.0
2014-10-06,35.84,36.95,35.84,36.92,36.4329,2139871,0.0,1.0
2014-10-07,37.37,37.78,37.05,37.18,36.6895,1698415,0.0,1.0
2014-10-08,37.22,38.41,37.105,38.35,37.844,1255369,0.0,1.0
2014-10-09,38.34,38.586,37.14,37.16,36.6697,1089326,0.0,1.0
2014-10-10,36.88,37.4,36.3,36.32,35.8408,849612,0.0,1.0
2014-10-13,36.33,36.54,35.51,35.9,35.4263,1064737,0.0,1.0
2014-10-14,36.21,36.96,36.0,36.49,36.0086,749593,0.0,1.0
2014-10-15,35.77,36.62,35.05,36.18,35.7026,1159099,0.0,1.0
2014-10-16,35.58,36.79,35.55,36.62,36.1368,682602,0.0,1.0
2014-10-17,37.11,37.17,36.36,36.5,36.0184,863372,0.0,1.0
2014-10-20,36.38,37.1,36.38,37.07,36.5809,559149,0.0,1.0
2014-10-21,37.5,38.75,37.08,38.72,38.2091,719379,0.0,1.0
2014-10-22,38.7,38.7,37.48,37.5,37.0052,416380,0.0,1.0
2014-10-23,37.96,38.45,37.47,37.6,37.1039,653014,0.0,1.0
2014-10-24,37.72,37.8,37.08,37.68,37.1829,690785,0.0,1.0
2014-10-27,37.56,37.825,37.1,37.81,37.3111,376779,0.0,1.0
2014-10-28,37.95,38.9,37.81,38.51,38.0019,754736,0.0,1.0
2014-10-29,38.56,38.61,38.05,38.45,37.9427,463803,0.0,1.0
2014-10-30,38.22,39.09,38.22,38.71,38.1993,555585,0.0,1.0
2014-10-31,39.4,39.86,38.914,39.66,39.1367,766236,0.0,1.0
2014-11-03,40.1,40.6,39.29,39.48,38.9591,761534,0.0,1.0
2014-11-04,39.36,39.39,38.3901,38.92,38.4065,605079,0.0,1.0
2014-11-05,39.2,39.66,38.92,39.27,38.7519,636513,0.0,1.0
2014-11-06,39.24,39.5,38.73,39.1,38.5841,894737,0.0,1.0
2014-11-07,39.1,39.64,38.75,39.44,38.9196,854374,0.0,1.0
2014-11-10,40.24,41.62,39.57,41.45,40.9031,1671528,0.0,1.0
2014-11-11,41.6,41.74,40.95,41.45,40.9031,1446393,0.0,1.0
2014-11-12,40.31,40.905,39.61,40.77,40.2321,1214977,0.0,1.0
2014-11-13,40.89,41.44,40.49,41.13,40.5873,681170,0.0,1.0
2014-11-14,41.04,41.31,40.75,41.2,40.6564,372520,0.0,1.0
2014-11-17,41.1,41.33,40.04,40.07,39.5413,628439,0.0,1.0
2014-11-18,40.05,40.21,39.71,39.8,39.2749,757738,0.0,1.0
2014-11-19,39.8,39.96,39.02,39.3,38.7815,767161,0.0,1.0
2014-11-20,39.11,39.61,38.72,39.23,38.7124,943197,0.0,1.0
2014-11-21,42.53,43.59,41.34,41.93,41.3768,3141872,0.0,1.0
2014-11-24,42.0,42.67,41.41,42.44,41.8801,880305,0.0,1.0
2014-11-25,42.65,42.93,41.66,41.84,41.288,571234,0.0,1.0
2014-11-26,41.68,41.76,41.02,41.21,40.765,538339,0.1,1.0
2014-11-28,41.1,41.36,40.32,40.41,39.9736,459421,0.0,1.0
2014-12-01,40.28,40.41,38.425,38.48,38.0644,1704846,0.0,1.0
2014-12-02,38.63,39.68,38.27,39.56,39.1328,1126498,0.0,1.0
2014-12-03,39.28,40.05,39.08,39.98,39.5482,768700,0.0,1.0
2014-12-04,39.99,40.33,39.55,40.09,39.6571,878965,0.0,1.0
2014-12-05,40.06,41.29,39.97,41.14,40.6957,1269817,0.0,1.0
2014-12-08,40.92,41.24,39.93,40.06,39.6274,598087,0.0,1.0
2014-12-09,39.42,40.63,39.29,40.55,40.1121,905410,0.0,1.0
2014-12-10,40.31,40.435,38.205,38.37,37.9556,748259,0.0,1.0
2014-12-11,38.35,39.09,38.11,38.76,38.3414,1234471,0.0,1.0
2014-12-12,38.34,39.21,38.34,38.82,38.4008,861884,0.0,1.0
2014-12-15,39.24,39.515,38.69,39.4,38.9745,885827,0.0,1.0
2014-12-16,39.22,39.98,39.1301,39.25,38.8261,1199551,0.0,1.0
2014-12-17,39.27,40.98,39.17,40.91,40.4682,1060534,0.0,1.0
2014-12-18,41.5,42.49,41.08,42.49,42.0311,1098595,0.0,1.0
2014-12-19,42.45,42.85,41.9,42.42,41.9619,1737931,0.0,1.0
2014-12-22,42.55,42.67,42.09,42.62,42.1597,509897,0.0,1.0
2014-12-23,42.87,43.37,42.56,43.3,42.8324,587219,0.0,1.0
2014-12-24,43.33,43.41,42.99,43.31,42.8423,184035,0.0,1.0
2014-12-26,43.5,43.69,43.23,43.33,42.8621,241950,0.0,1.0
2014-12-29,43.35,44.01,43.24,43.71,43.238,352225,0.0,1.0
2014-12-30,43.49,43.66,43.12,43.57,43.0995,375356,0.0,1.0
2014-12-31,43.61,43.79,43.01,43.18,42.7137,500859,0.0,1.0
2015-01-02,43.58,43.69,42.27,42.77,42.3081,403118,0.0,1.0
2015-01-05,42.32,42.42,41.79,42.1,41.6454,939460,0.0,1.0
2015-01-06,42.37,42.79,41.29,42.0,41.5464,830661,0.0,1.0
2015-01-07,42.23,42.37,41.65,42.34,41.8828,440870,0.0,1.0
2015-01-08,42.7,43.06,42.41,42.87,42.407,295640,0.0,1.0
2015-01-09,42.98,42.98,42.06,42.55,42.0905,360183,0.0,1.0
2015-01-12,42.55,42.77,42.01,42.15,41.6948,484182,0.0,1.0
2015-01-13,42.31,42.95,41.58,42.05,41.5959,630043,0.0,1.0
2015-01-14,41.57,41.75,40.775,41.3,40.854,476738,0.0,1.0
2015-01-15,41.51,41.68,39.98,40.0,39.568,943931,0.0,1.0
2015-01-16,40.01,40.76,39.7,40.53,40.0923,904726,0.0,1.0
2015-01-20,40.6,41.0,40.12,40.75,40.3099,790306,0.0,1.0
2015-01-21,40.52,41.7,40.5,41.47,41.0222,705438,0.0,1.0
2015-01-22,41.87,42.44,41.34,42.31,41.8531,557613,0.0,1.0
2015-01-23,42.34,42.56,41.43,41.52,41.0716,617052,0.0,1.0
2015-01-26,41.28,41.99,41.19,41.9,41.4475,612899,0.0,1.0
2015-01-27,41.49,43.29,41.49,43.0,42.5356,1220751,0.0,1.0
2015-01-28,43.27,43.29,42.43,42.75,42.2883,923866,0.0,1.0
2015-01-29,42.94,43.325,41.98,43.27,42.8027,557956,0.0,1.0
2015-01-30,42.8,43.21,42.25,42.55,42.0905,444334,0.0,1.0
2015-02-02,42.72,42.89,41.61,42.69,42.229,590282,0.0,1.0
2015-02-03,43.12,44.17,42.9101,44.15,43.6732,839248,0.0,1.0
2015-02-04,43.93,44.23,43.39,43.78,43.3072,496505,0.0,1.0
2015-02-05,43.84,44.99,43.764,44.91,44.425,691844,0.0,1.0
2015-02-06,44.9,44.9,44.3832,44.7,44.2173,548574,0.0,1.0
2015-02-09,44.6,45.08,44.27,44.95,44.4646,882954,0.0,1.0
2015-02-10,45.15,45.23,44.7,45.05,44.5635,547015,0.0,1.0
2015-02-11,44.87,45.155,44.67,44.99,44.5041,569142,0.0,1.0
2015-02-12,45.37,45.41,44.79,45.08,44.5932,480514,0.0,1.0
2015-02-13,45.16,45.39,44.82,44.89,44.4052,599431,0.0,1.0
2015-02-17,43.67,44.47,43.67,44.27,43.7919,846402,0.0,1.0
2015-02-18,44.33,44.52,43.68,43.96,43.4853,583502,0.0,1.0
2015-02-19,43.99,44.45,43.96,44.0,43.5248,319380,0.0,1.0
2015-02-20,43.97,44.88,43.49,44.59,44.1085,798067,0.0,1.0
2015-02-23,44.64,44.81,44.06,44.57,44.0887,326597,0.0,1.0
2015-02-24,44.62,44.81,44.37,44.57,44.0887,359143,0.0,1.0
2015-02-25,44.58,44.82,43.81,43.87,43.3962,585572,0.0,1.0
2015-02-26,43.95,44.39,43.87,43.95,43.4754,511427,0.0,1.0
2015-02-27,43.86,44.38,43.73,43.95,43.4754,597487,0.0,1.0
2015-03-02,42.74,43.38,40.78,43.34,42.872,1746103,0.0,1.0
2015-03-03,42.47,43.1,42.44,42.49,42.0311,1008848,0.0,1.0
2015-03-04,42.3,42.3,41.39,41.75,41.2991,808520,0.0,1.0
2015-03-05,41.65,41.84,41.33,41.73,41.3783,595538,0.1,1.0
2015-03-06,41.42,41.78,40.79,41.05,40.704,755873,0.0,1.0
2015-03-09,41.2,41.32,40.65,40.99,40.6445,441930,0.0,1.0
2015-03-10,40.52,40.9,40.33,40.64,40.2975,535452,0.0,1.0
2015-03-11,40.61,40.83,40.25,40.75,40.4065,556966,0.0,1.0
2015-03-12,41.1,41.1999,40.77,40.98,40.6346,807919,0.0,1.0
2015-03-13,40.87,41.02,40.138,40.53,40.1884,501336,0.0,1.0
2015-03-16,41.36,41.49,40.84,40.98,40.6346,1631058,0.0,1.0
2015-03-17,40.94,41.89,40.405,41.65,41.2989,1951435,0.0,1.0
2015-03-18,41.7,42.55,41.595,42.19,41.8344,923798,0.0,1.0
2015-03-19,42.09,42.315,41.54,41.67,41.3188,987697,0.0,1.0
2015-03-20,41.98,42.62,41.81,42.28,41.9236,1211024,0.0,1.0
2015-03-23,42.21,43.14,42.0775,43.1,42.7367,771352,0.0,1.0
2015-03-24,42.99,43.36,42.54,43.28,42.9152,673698,0.0,1.0
2015-03-25,43.31,43.53,42.13,42.15,41.7947,488957,0.0,1.0
2015-03-26,41.97,41.97,41.23,41.49,41.1403,541892,0.0,1.0
2015-03-27,41.4,41.72,41.23,41.43,41.0808,326814,0.0,1.0
2015-03-30,41.82,42.51,41.6436,42.4,42.0426,420793,0.0,1.0
2015-03-31,42.36,42.7,42.07,42.26,41.9038,611437,0.0,1.0
2015-04-01,42.28,42.55,41.64,41.93,41.5766,880684,0.0,1.0
2015-04-02,41.87,42.47,41.67,41.81,41.4576,389221,0.0,1.0
2015-04-06,41.62,42.17,41.5,42.03,41.6757,480479,0.0,1.0
2015-04-07,41.93,42.38,41.8,42.08,41.7253,621132,0.0,1.0
2015-04-08,42.14,42.2,41.6,42.03,41.6757,702646,0.0,1.0
2015-04-09,42.14,42.235,41.385,41.5,41.1502,661668,0.0,1.0
2015-04-10,41.71,41.71,41.03,41.3,40.9519,581974,0.0,1.0
2015-04-13,41.28,41.7,40.89,40.94,40.5949,617519,0.0,1.0
2015-04-14,40.89,41.23,40.47,41.13,40.7833,565317,0.0,1.0
2015-04-15,41.25,41.95,41.14,41.91,41.5567,487706,0.0,1.0
2015-04-16,41.94,42.18,41.85,41.91,41.5567,434593,0.0,1.0
2015-04-17,41.64,41.67,40.92,41.0,40.6544,461294,0.0,1.0
2015-04-20,41.16,41.69,41.05,41.52,41.17,303214,0.0,1.0
2015-04-21,41.78,42.56,41.41,42.52,42.1616,653329,0.0,1.0
2015-04-22,42.64,43.33,42.51,43.29,42.9251,739215,0.0,1.0
2015-04-23,43.04,43.32,42.76,43.1,42.7367,779629,0.0,1.0
2015-04-24,43.16,43.43,43.01,43.04,42.6772,426982,0.0,1.0
2015-04-27,43.04,43.69,42.87,43.08,42.7169,1162944,0.0,1.0
2015-04-28,43.09,43.35,42.72,43.3,42.935,469765,0.0,1.0
2015-04-29,43.12,43.24,42.64,42.99,42.6276,422062,0.0,1.0
2015-04-30,42.9,43.31,42.595,42.71,42.35,817845,0.0,1.0
2015-05-01,42.92,43.084,42.42,42.78,42.4194,509033,0.0,1.0
2015-05-04,42.82,43.65,42.81,43.42,43.054,619785,0.0,1.0
2015-05-05,43.42,43.6,42.76,42.81,42.4492,618322,0.0,1.0
2015-05-06,42.9,43.7,42.21,43.15,42.7863,1322553,0.0,1.0
2015-05-07,43.11,43.68,42.8,43.64,43.2722,1573966,0.0,1.0
2015-05-08,44.08,44.25,43.67,43.71,43.3416,1114305,0.0,1.0
2015-05-11,44.0,44.8,43.53,44.34,43.9663,1840316,0.0,1.0
2015-05-12,44.14,44.56,43.76,44.43,44.0555,928845,0.0,1.0
2015-05-13,44.47,44.75,44.26,44.45,44.0753,1469108,0.0,1.0
2015-05-14,44.61,44.73,43.9,44.58,44.2042,848528,0.0,1.0
2015-05-15,44.68,44.8399,44.155,44.54,44.1646,954817,0.0,1.0
2015-05-18,44.53,45.16,44.37,44.99,44.6108,690466,0.0,1.0
2015-05-19,45.01,45.2,44.18,44.89,44.5116,555961,0.0,1.0
2015-05-20,45.0,45.68,44.61,45.54,45.1562,521525,0.0,1.0
2015-05-21,45.53,45.67,45.25,45.27,44.8884,566131,0.0,1.0
2015-05-22,45.16,45.43,44.93,45.38,44.9975,366266,0.0,1.0
2015-05-26,45.14,45.15,44.43,44.56,44.1844,526790,0.0,1.0
2015-05-27,44.57,44.84,44.125,44.79,44.4125,374384,0.0,1.0
2015-05-28,44.74,44.92,44.35,44.51,44.234,354400,0.1,1.0
2015-05-29,44.65,45.05,44.32,44.83,44.552,625663,0.0,1.0
2015-06-01,44.98,45.98,44.73,45.52,45.2377,1077141,0.0,1.0
2015-06-02,45.34,45.79,45.3,45.48,45.198,625906,0.0,1.0
2015-06-03,45.65,46.17,45.44,46.1,45.8141,709362,0.0,1.0
2015-06-04,45.88,46.47,45.675,45.96,45.675,410125,0.0,1.0
2015-06-05,45.87,46.54,45.57,46.53,46.2415,480077,0.0,1.0
2015-06-08,46.5,46.79,46.21,46.23,45.9433,527502,0.0,1.0
2015-06-09,46.14,46.42,45.76,46.15,45.8638,301145,0.0,1.0
2015-06-10,46.37,46.78,46.2,46.34,46.0526,494948,0.0,1.0
2015-06-11,46.34,46.48,46.11,46.33,46.0427,346045,0.0,1.0
2015-06-12,46.24,46.61,46.1,46.31,46.0228,271177,0.0,1.0
2015-06-15,45.93,46.18,45.53,45.99,45.7048,266852,0.0,1.0
2015-06-16,45.99,46.69,45.78,46.62,46.3309,242898,0.0,1.0
2015-06-17,46.63,46.88,46.45,46.59,46.3011,343548,0.0,1.0
2015-06-18,46.67,46.96,46.54,46.64,46.3508,394516,0.0,1.0
2015-06-19,46.55,46.79,46.38,46.56,46.2713,638368,0.0,1.0
2015-06-22,46.65,46.65,46.2,46.64,46.3508,462570,0.0,1.0
2015-06-23,46.7,47.049,46.7,46.93,46.639,393326,0.0,1.0
2015-06-24,46.91,47.2,46.53,46.59,46.3011,458120,0.0,1.0
2015-06-25,46.8,46.995,46.562,46.74,46.4502,323943,0.0,1.0
2015-06-26,46.9,47.28,46.6,46.71,46.4203,493037,0.0,1.0
2015-06-29,46.35,46.61,45.08,45.16,44.88,562135,0.0,1.0
2015-06-30,45.5,45.75,45.19,45.24,44.9595,364712,0.0,1.0
2015-07-01,45.56,45.736,45.05,45.35,45.0688,698473,0.0,1.0
2015-07-02,45.4,45.57,44.665,44.95,44.6713,306510,0.0,1.0
2015-07-06,44.58,44.93,44.0049,44.21,43.9359,563437,0.0,1.0
2015-07-07,44.48,44.6,43.38,44.45,44.1744,770144,0.0,1.0
2015-07-08,44.17,44.39,43.06,43.27,43.0017,490465,0.0,1.0
2015-07-09,43.88,43.88,43.08,43.16,42.8924,628663,0.0,1.0
2015-07-10,43.82,44.06,43.34,43.44,43.1706,471811,0.0,1.0
2015-07-13,43.74,44.26,43.74,44.04,43.7669,510160,0.0,1.0
2015-07-14,44.09,44.46,43.87,44.21,43.9359,270992,0.0,1.0
2015-07-15,44.1,44.33,43.49,43.72,43.4489,476839,0.0,1.0
2015-07-16,43.81,43.95,43.46,43.64,43.3694,678118,0.0,1.0
2015-07-17,43.66,43.66,43.04,43.27,43.0017,599550,0.0,1.0
2015-07-20,43.27,43.53,43.0,43.41,43.1408,260657,0.0,1.0
2015-07-21,43.48,43.87,42.745,42.89,42.624,450172,0.0,1.0
2015-07-22,42.77,43.21,42.77,42.92,42.6539,387210,0.0,1.0
2015-07-23,43.0,43.46,42.54,42.61,42.3458,264015,0.0,1.0
2015-07-24,42.59,42.834,41.72,41.76,41.501,320529,0.0,1.0
2015-07-27,41.56,41.69,41.12,41.23,40.9743,280941,0.0,1.0
2015-07-28,41.44,41.632,40.8501,41.11,40.8551,581843,0.0,1.0
2015-07-29,41.13,41.86,41.03,41.74,41.4812,495269,0.0,1.0
2015-07-30,41.62,41.77,41.28,41.36,41.1035,490418,0.0,1.0
2015-07-31,41.58,41.97,41.3,41.83,41.5706,510073,0.0,1.0
2015-08-03,41.83,41.83,40.11,40.66,40.4079,777736,0.0,1.0
2015-08-04,40.7,41.12,40.276,40.59,40.3383,771238,0.0,1.0
2015-08-05,40.93,42.19,40.86,41.95,41.6899,913812,0.0,1.0
2015-08-06,41.94,42.08,40.42,40.51,40.2588,1107742,0.0,1.0
2015-08-07,39.02,40.17,36.76,37.49,37.2575,2113477,0.0,1.0
2015-08-10,37.6,39.245,37.0,38.72,38.4799,1548466,0.0,1.0
2015-08-11,38.26,38.355,37.36,37.52,37.2873,3156178,0.0,1.0
2015-08-12,37.21,38.45,36.9,37.49,37.2575,1470436,0.0,1.0
2015-08-13,36.7,38.75,36.35,38.06,37.824,1500709,0.0,1.0
2015-08-14,38.45,38.66,37.8,37.84,37.6054,935036,0.0,1.0
2015-08-17,37.92,38.42,36.9,37.73,37.496,1771425,0.0,1.0
2015-08-18,37.73,38.47,37.73,38.43,38.1917,1016518,0.0,1.0
2015-08-19,38.25,39.14,37.87,38.09,37.8538,667208,0.0,1.0
2015-08-20,37.7,38.02,36.84,36.86,36.6314,757471,0.0,1.0
2015-08-21,36.28,36.76,35.9,35.9,35.6774,927715,0.0,1.0
2015-08-24,33.85,35.37,32.18,34.0,33.7892,1900956,0.0,1.0
2015-08-25,34.95,35.02,33.67,33.69,33.4811,1547298,0.0,1.0
2015-08-26,34.39,34.39,33.28,33.95,33.7395,1638875,0.0,1.0
2015-08-27,34.42,35.41,34.18,35.19,34.9718,1386924,0.0,1.0
2015-08-28,35.0,36.19,34.3516,35.84,35.7171,1124992,0.1,1.0
2015-08-31,35.59,36.03,35.0418,35.21,35.0893,902255,0.0,1.0
2015-09-01,34.61,35.08,33.91,34.03,33.9133,938742,0.0,1.0
2015-09-02,34.56,34.68,33.86,34.44,34.3219,767233,0.0,1.0
2015-09-03,34.44,34.92,33.95,34.32,34.2023,689365,0.0,1.0
2015-09-04,33.77,34.38,33.67,34.09,33.9731,515279,0.0,1.0
2015-09-08,34.69,34.97,34.18,34.93,34.8103,820733,0.0,1.0
2015-09-09,35.21,35.31,34.53,34.59,34.4714,711051,0.0,1.0
2015-09-10,34.58,34.98,34.37,34.49,34.3718,648602,0.0,1.0
2015-09-11,34.26,34.78,34.154,34.71,34.591,375268,0.0,1.0
2015-09-14,34.68,34.73,34.33,34.44,34.3219,540766,0.0,1.0
2015-09-15,34.41,35.1,34.41,34.73,34.6109,528134,0.0,1.0
2015-09-16,34.83,35.32,34.58,35.19,35.0694,503334,0.0,1.0
2015-09-17,35.09,35.88,35.08,35.25,35.1292,608753,0.0,1.0
2015-09-18,34.85,35.33,34.63,34.7,34.581,739572,0.0,1.0
2015-09-21,34.93,35.6,34.765,35.12,34.9996,546577,0.0,1.0
2015-09-22,34.65,35.03,34.28,34.69,34.5711,684186,0.0,1.0
2015-09-23,34.68,34.96,34.18,34.3,34.1824,625672,0.0,1.0
2015-09-24,34.0,34.22,33.77,34.03,33.9133,947750,0.0,1.0
2015-09-25,34.34,34.34,33.3501,33.55,33.435,1021485,0.0,1.0
2015-09-28,33.33,33.37,32.23,32.29,32.1793,1947363,0.0,1.0
2015-09-29,32.27,32.56,31.46,31.58,31.4717,1526889,0.0,1.0
2015-09-30,31.95,32.3,31.58,31.98,31.8704,1140633,0.0,1.0
2015-10-01,32.09,32.99,31.89,32.74,32.6278,1575463,0.0,1.0
2015-10-02,32.41,33.445,32.38,33.39,33.2755,1446682,0.0,1.0
2015-10-05,33.76,34.14,33.37,33.87,33.7539,1449026,0.0,1.0
2015-10-06,33.85,34.28,33.77,33.94,33.8236,685308,0.0,1.0
2015-10-07,34.24,34.56,33.88,34.55,34.4316,1228379,0.0,1.0
2015-10-08,34.6,34.64,33.92,34.0,33.8834,1241689,0.0,1.0
2015-10-09,34.03,34.33,33.28,34.09,33.9731,1285960,0.0,1.0
2015-10-12,34.17,34.26,33.82,33.89,33.7738,560270,0.0,1.0
2015-10-13,33.63,33.971,33.35,33.38,33.2656,1009716,0.0,1.0
2015-10-14,33.46,33.6489,32.97,33.11,32.9965,1192647,0.0,1.0
2015-10-15,33.15,33.95,33.03,33.94,33.8236,1556308,0.0,1.0
2015-10-16,33.97,34.11,33.36,33.51,33.3951,789698,0.0,1.0
2015-10-19,33.38,33.77,33.25,33.59,33.4748,708493,0.0,1.0
2015-10-20,33.54,34.0,33.486,33.6,33.4848,1048542,0.0,1.0
2015-10-21,33.74,33.8,33.1,33.14,33.0264,1225330,0.0,1.0
2015-10-22,33.36,33.74,33.24,33.74,33.6243,787304,0.0,1.0
2015-10-23,34.13,34.33,33.521,33.71,33.5944,612250,0.0,1.0
2015-10-26,33.74,33.88,33.52,33.79,33.6742,450588,0.0,1.0
2015-10-27,33.57,34.03,33.42,33.67,33.5546,750703,0.0,1.0
2015-10-28,33.77,34.63,33.6,34.41,34.292,846735,0.0,1.0
2015-10-29,34.4,34.85,34.11,34.39,34.2721,455173,0.0,1.0
2015-10-30,34.4,34.94,34.27,34.65,34.5312,608708,0.0,1.0
2015-11-02,34.57,34.77,34.14,34.39,34.2721,758266,0.0,1.0
2015-11-03,34.32,34.83,34.14,34.57,34.4515,598164,0.0,1.0
2015-11-04,34.74,34.85,33.03,33.18,33.0663,1542855,0.0,1.0
2015-11-05,32.55,33.235,32.05,32.54,32.4284,1889729,0.0,1.0
2015-11-06,32.5,34.22,32.29,34.09,33.9731,2359255,0.0,1.0
2015-11-09,35.08,35.4,31.41,32.01,31.9003,2535659,0.0,1.0
2015-11-10,30.9,31.5,29.1,29.86,29.7576,3183028,0.0,1.0
2015-11-11,30.08,30.08,28.4,28.71,28.6116,2122838,0.0,1.0
2015-11-12,28.79,30.67,28.26,30.01,29.9071,3101817,0.0,1.0
2015-11-13,29.82,30.085,28.84,29.01,28.9105,1571244,0.0,1.0
2015-11-16,28.92,29.36,28.55,29.32,29.2195,1074441,0.0,1.0
2015-11-17,29.34,29.38,28.7,28.9,28.8009,761731,0.0,1.0
2015-11-18,29.06,29.35,28.79,29.08,28.9803,1281931,0.0,1.0
2015-11-19,28.97,29.17,28.71,28.97,28.8707,1232950,0.0,1.0
2015-11-20,29.0,29.45,28.89,28.99,28.8906,967658,0.0,1.0
2015-11-23,29.04,29.048,28.17,28.19,28.0934,948001,0.0,1.0
2015-11-24,28.04,29.21,28.0,29.13,29.0301,956005,0.0,1.0
2015-11-25,29.15,29.495,29.02,29.25,29.1497,723929,0.0,1.0
2015-11-27,29.02,29.87,29.02,29.07,29.07,316525,0.1,1.0
2015-11-30,29.09,29.2,28.22,28.31,28.31,1060602,0.0,1.0
2015-12-01,28.49,28.64,28.0118,28.58,28.58,888764,0.0,1.0
2015-12-02,28.4,29.31,28.4,28.83,28.83,860798,0.0,1.0
2015-12-03,28.87,28.87,27.57,27.83,27.83,842248,0.0,1.0
2015-12-04,27.95,28.0299,27.6,27.68,27.68,808325,0.0,1.0
2015-12-07,27.47,27.47,26.6154,26.99,26.99,1679635,0.0,1.0
2015-12-08,26.69,26.96,26.28,26.33,26.33,825451,0.0,1.0
2015-12-09,26.27,26.665,25.71,25.97,25.97,952120,0.0,1.0
2015-12-10,26.02,27.0,26.02,26.95,26.95,1145497,0.0,1.0
2015-12-11,26.45,26.74,25.84,25.86,25.86,843805,0.0,1.0
2015-12-14,25.86,26.58,25.86,26.51,26.51,1946650,0.0,1.0
2015-12-15,26.69,27.5,26.535,27.09,27.09,1588276,0.0,1.0
2015-12-16,27.32,27.47,26.93,27.08,27.08,796372,0.0,1.0
2015-12-17,27.18,27.18,26.47,26.48,26.48,490807,0.0,1.0
2015-12-18,26.2,26.88,26.01,26.51,26.51,1836056,0.0,1.0
2015-12-21,26.6,26.7,26.25,26.52,26.52,871570,0.0,1.0
2015-12-22,26.53,26.94,26.32,26.73,26.73,657570,0.0,1.0
2015-12-23,26.79,26.8,26.335,26.4,26.4,950473,0.0,1.0
2015-12-24,26.47,26.77,26.15,26.67,26.67,515405,0.0,1.0
2015-12-28,26.55,26.69,25.91,25.95,25.95,714012,0.0,1.0
2015-12-29,26.05,26.23,25.62,26.22,26.22,674722,0.0,1.0
2015-12-30,26.18,26.41,25.85,25.9,25.9,535691,0.0,1.0
2015-12-31,25.86,26.14,25.49,25.76,25.76,835181,0.0,1.0
2016-01-04,25.27,25.35,24.4,24.44,24.44,1336772,0.0,1.0
2016-01-05,24.54,24.7,23.535,23.65,23.65,1813026,0.0,1.0
2016-01-06,23.24,23.51,22.92,23.04,23.04,1206875,0.0,1.0
2016-01-07,22.56,22.89,21.71,22.19,22.19,1989353,0.0,1.0
2016-01-08,22.32,22.52,21.65,21.67,21.67,1766469,0.0,1.0
2016-01-11,21.97,23.28,21.74,23.23,23.23,1744182,0.0,1.0
2016-01-12,23.41,23.55,22.55,23.11,23.11,1732981,0.0,1.0
2016-01-13,23.26,23.38,22.67,22.9,22.9,1588487,0.0,1.0
2016-01-14,23.0,23.789,22.72,23.71,23.71,1867660,0.0,1.0
2016-01-15,23.07,23.37,22.69,23.22,23.22,1944386,0.0,1.0
2016-01-19,23.54,23.54,22.36,22.51,22.51,1215499,0.0,1.0
2016-01-20,22.14,22.9,21.4959,22.64,22.64,1685726,0.0,1.0
2016-01-21,22.6,23.18,22.01,22.77,22.77,1519514,0.0,1.0
2016-01-22,23.39,23.95,22.65,23.76,23.76,3687035,0.0,1.0
2016-01-25,23.7,23.7,21.94,21.95,21.95,2054896,0.0,1.0
2016-01-26,22.2,23.1,22.2,23.05,23.05,1586037,0.0,1.0
2016-01-27,22.95,23.06,22.37,22.69,22.69,1207275,0.0,1.0
2016-01-28,23.15,23.29,22.88,23.0,23.0,1334994,0.0,1.0
2016-01-29,23.13,23.51,22.97,23.49,23.49,2271794,0.0,1.0
2016-02-01,23.25,23.88,23.0,23.74,23.74,1120422,0.0,1.0
2016-02-02,23.58,23.7,22.99,22.99,22.99,1251693,0.0,1.0
2016-02-03,23.19,23.88,22.82,23.88,23.88,1376786,0.0,1.0
2016-02-04,23.92,24.775,23.78,24.22,24.22,1486191,0.0,1.0
2016-02-05,24.12,24.345,23.69,23.78,23.78,730679,0.0,1.0
2016-02-08,23.45,23.6,23.02,23.51,23.51,727132,0.0,1.0
2016-02-09,23.16,23.6,22.8,22.88,22.88,1103848,0.0,1.0
2016-02-10,22.95,23.59,22.82,23.19,23.19,1353104,0.0,1.0
2016-02-11,21.85,21.85,18.86,19.13,19.13,6258193,0.0,1.0
2016-02-12,19.5,20.36,19.5,20.26,20.26,2304259,0.0,1.0
2016-02-16,20.7,22.0797,20.62,22.07,22.07,1659218,0.0,1.0
2016-02-17,22.3,23.661,22.06,23.29,23.29,2387923,0.0,1.0
2016-02-18,23.49,23.565,22.5,22.88,22.88,1668830,0.0,1.0
2016-02-19,22.8,23.39,22.44,23.32,23.32,1057361,0.0,1.0
2016-02-22,23.63,24.38,23.575,24.28,24.28,1504078,0.0,1.0
2016-02-23,24.07,24.29,23.89,23.92,23.92,1222094,0.0,1.0
2016-02-24,23.51,23.7641,22.81,23.54,23.54,1133726,0.0,1.0
2016-02-25,23.58,24.39,23.28,24.39,24.39,1053328,0.0,1.0
2016-02-26,24.4,25.29,22.65,22.74,22.74,2630066,0.0,1.0
2016-02-29,22.56,22.99,21.79,22.75,22.75,1680393,0.0,1.0
2016-03-01,23.15,24.32,22.97,24.25,24.25,1778426,0.0,1.0
2016-03-02,24.3,24.91,24.26,24.89,24.89,1286035,0.0,1.0
2016-03-03,24.9,26.22,24.77,26.21,26.21,1476520,0.0,1.0
2016-03-04,26.08,26.26,25.59,25.81,25.81,1037467,0.0,1.0
2016-03-07,25.72,26.97,25.72,26.93,26.93,1505558,0.0,1.0
2016-03-08,26.65,26.78,25.4,25.42,25.42,1262084,0.0,1.0
2016-03-09,25.57,26.24,25.53,25.88,25.88,897017,0.0,1.0
2016-03-10,26.01,26.15,25.035,25.3,25.3,973406,0.0,1.0
2016-03-11,25.59,26.13,25.59,26.13,26.13,809465,0.0,1.0
2016-03-14,25.95,26.57,25.52,26.27,26.27,1059002,0.0,1.0
2016-03-15,26.11,26.21,25.3,25.38,25.38,740243,0.0,1.0
2016-03-16,25.37,25.995,25.1,25.86,25.86,851310,0.0,1.0
2016-03-17,25.9,26.1,25.42,26.01,26.01,742860,0.0,1.0
2016-03-18,26.15,26.49,26.1,26.21,26.21,1669822,0.0,1.0
2016-03-21,26.14,26.74,26.05,26.19,26.19,460086,0.0,1.0
2016-03-22,25.92,26.39,25.7,26.1,26.1,539876,0.0,1.0
2016-03-23,25.92,26.2,25.17,25.17,25.17,614477,0.0,1.0
2016-03-24,25.05,25.07,24.2,24.93,24.93,1486169,0.0,1.0
2016-03-28,24.95,25.45,24.91,25.15,25.15,790921,0.0,1.0
2016-03-29,24.97,25.52,24.551,25.46,25.46,988408,0.0,1.0
2016-03-30,25.78,27.49,25.72,26.64,26.64,1606529,0.0,1.0
2016-03-31,26.61,26.905,26.21,26.73,26.73,1611485,0.0,1.0
2016-04-01,26.4,26.59,25.95,26.43,26.43,773198,0.0,1.0
2016-04-04,26.42,26.75,26.07,26.52,26.52,911323,0.0,1.0
2016-04-05,26.23,26.46,26.05,26.33,26.33,978343,0.0,1.0
2016-04-06,26.45,26.64,26.06,26.45,26.45,736559,0.0,1.0
2016-04-07,26.18,26.33,25.41,25.54,25.54,921874,0.0,1.0
2016-04-08,25.91,26.16,25.52,25.76,25.76,836497,0.0,1.0
2016-04-11,26.0,26.5,25.78,25.79,25.79,683862,0.0,1.0
2016-04-12,25.9,26.47,25.79,26.26,26.26,824521,0.0,1.0
2016-04-13,26.3,27.98,26.16,27.94,27.94,1597751,0.0,1.0
2016-04-14,27.92,28.51,27.23,27.56,27.56,1123144,0.0,1.0
2016-04-15,27.42,27.71,27.04,27.6,27.6,1000368,0.0,1.0
2016-04-18,27.3,28.51,27.3,28.4,28.4,833167,0.0,1.0
2016-04-19,28.41,28.64,27.68,27.84,27.84,614171,0.0,1.0
2016-04-20,27.86,28.18,27.71,27.85,27.85,496179,0.0,1.0
2016-04-21,27.98,28.64,27.91,28.07,28.07,1068053,0.0,1.0
2016-04-22,28.07,28.4,27.85,28.1,28.1,926000,0.0,1.0
2016-04-25,28.0,28.25,27.38,27.57,27.57,538696,0.0,1.0
2016-04-26,27.61,28.27,27.61,27.97,27.97,757753,0.0,1.0
2016-04-27,27.85,28.23,27.73,28.03,28.03,944145,0.0,1.0
2016-04-28,27.88,28.09,27.47,27.54,27.54,623357,0.0,1.0
2016-04-29,27.45,27.765,26.8,27.24,27.24,883570,0.0,1.0
2016-05-02,27.3,27.48,26.97,26.99,26.99,1170426,0.0,1.0
2016-05-03,26.61,27.67,26.5,27.45,27.45,997457,0.0,1.0
2016-05-04,27.22,27.54,26.98,27.09,27.09,1198279,0.0,1.0
2016-05-05,27.34,27.56,26.7175,27.08,27.08,1158465,0.0,1.0
2016-05-06,26.81,27.51,26.54,27.27,27.27,1124539,0.0,1.0
2016-05-09,25.59,29.17,25.5,28.91,28.91,1476446,0.0,1.0
2016-05-10,28.8,29.67,27.89,28.72,28.72,3501201,0.0,1.0
2016-05-11,28.52,28.69,26.94,26.99,26.99,2142728,0.0,1.0
2016-05-12,27.51,28.35,26.79,28.25,28.25,2086445,0.0,1.0
2016-05-13,27.97,28.63,27.55,27.6,27.6,874848,0.0,1.0
2016-05-16,27.54,27.99,27.19,27.21,27.21,1164626,0.0,1.0
2016-05-17,27.65,28.52,27.44,27.74,27.74,1329701,0.0,1.0
2016-05-18,27.6,28.65,27.54,28.04,28.04,1213513,0.0,1.0
2016-05-19,27.67,28.12,27.5,28.07,28.07,1261493,0.0,1.0
2016-05-20,28.16,29.01,27.94,28.65,28.65,1318498,0.0,1.0
2016-05-23,28.66,29.74,28.66,29.42,29.42,1339286,0.0,1.0
2016-05-24,29.57,29.725,28.95,29.52,29.52,1372058,0.0,1.0
2016-05-25,29.53,30.4,29.45,30.0,30.0,1205196,0.0,1.0
2016-05-26,30.0,30.27,29.5,29.85,29.85,889568,0.0,1.0
2016-05-27,29.93,30.19,29.86,29.95,29.95,922179,0.0,1.0
2016-05-31,30.09,30.2,29.77,29.9,29.9,1193553,0.0,1.0
2016-06-01,29.63,30.07,29.1859,29.99,29.99,898417,0.0,1.0
2016-06-02,30.09,30.495,29.9,30.43,30.43,964304,0.0,1.0
2016-06-03,30.55,30.94,30.2,30.7,30.7,1031270,0.0,1.0
2016-06-06,30.98,31.6,30.65,31.39,31.39,1363511,0.0,1.0
2016-06-07,31.35,32.05,31.31,31.78,31.78,1271302,0.0,1.0
2016-06-08,31.85,32.2525,31.82,32.19,32.19,877747,0.0,1.0
2016-06-09,31.75,32.06,31.51,31.99,31.99,963304,0.0,1.0
2016-06-10,31.53,32.0,30.96,31.86,31.86,3314512,0.0,1.0
2016-06-13,30.91,31.77,29.04,29.13,29.13,2084322,0.0,1.0
2016-06-14,28.95,29.26,28.5,28.68,28.68,1594057,0.0,1.0
2016-06-15,28.9,29.5,28.7,28.84,28.84,634439,0.0,1.0
2016-06-16,28.65,28.79,28.05,28.61,28.61,633486,0.0,1.0
2016-06-17,28.69,29.15,28.55,28.74,28.74,1204852,0.0,1.0
2016-06-20,28.84,29.8901,28.77,29.39,29.39,814041,0.0,1.0
2016-06-21,29.22,29.4,28.57,28.79,28.79,588619,0.0,1.0
2016-06-22,28.79,29.17,28.76,28.78,28.78,373390,0.0,1.0
2016-06-23,29.31,29.97,28.7,29.85,29.85,787883,0.0,1.0
2016-06-24,28.45,28.45,26.98,27.12,27.12,3298521,0.0,1.0
2016-06-27,26.66,26.66,25.88,26.17,26.17,2086264,0.0,1.0
2016-06-28,26.52,27.08,26.41,26.84,26.84,1439888,0.0,1.0
2016-06-29,27.16,27.79,27.08,27.41,27.41,1132195,0.0,1.0
2016-06-30,27.43,27.605,25.99,27.4,27.4,1085476,0.0,1.0
2016-07-01,27.48,27.89,27.18,27.26,27.26,1091716,0.0,1.0
2016-07-05,26.88,27.12,26.2,27.01,27.01,1577481,0.0,1.0
2016-07-06,26.83,26.91,26.41,26.67,26.67,1331905,0.0,1.0
2016-07-07,26.87,27.24,26.32,26.56,26.56,745105,0.0,1.0
2016-07-08,26.83,27.699,26.44,26.99,26.99,1468076,0.0,1.0
2016-07-11,27.34,27.59,27.06,27.34,27.34,968288,0.0,1.0
2016-07-12,27.65,28.09,27.38,27.87,27.87,1154865,0.0,1.0
2016-07-13,28.03,28.07,27.34,27.45,27.45,701684,0.0,1.0
2016-07-14,27.83,28.03,27.44,27.87,27.87,891968,0.0,1.0
2016-07-15,27.9,28.27,27.65,28.06,28.06,976990,0.0,1.0
2016-07-18,28.03,29.91,28.03,29.74,29.74,2238922,0.0,1.0
2016-07-19,29.63,30.24,29.4,29.74,29.74,2579603,0.0,1.0
2016-07-20,29.79,30.76,29.43,30.36,30.36,1464995,0.0,1.0
2016-07-21,30.34,30.89,30.12,30.72,30.72,1770948,0.0,1.0
2016-07-22,30.66,31.26,30.42,31.06,31.06,997187,0.0,1.0
2016-07-25,30.99,31.84,30.86,31.81,31.81,1720340,0.0,1.0
2016-07-26,31.78,32.07,31.7,31.96,31.96,1356195,0.0,1.0
2016-07-27,32.0,32.1508,31.08,31.48,31.48,440972,0.0,1.0
2016-07-28,31.58,33.4,31.47,33.05,33.05,1556945,0.0,1.0
2016-07-29,32.94,33.06,32.1,32.39,32.39,1152341,0.0,1.0
2016-08-01,32.38,32.73,32.01,32.51,32.51,611862,0.0,1.0
2016-08-02,32.36,32.36,31.31,31.51,31.51,578161,0.0,1.0
2016-08-03,31.23,32.03,31.14,32.01,32.01,560425,0.0,1.0
2016-08-04,31.94,32.269,31.77,31.84,31.84,447020,0.0,1.0
2016-08-05,32.07,32.53,32.07,32.28,32.28,660353,0.0,1.0
2016-08-08,33.98,39.68,33.98,36.49,36.49,9468078,0.0,1.0
2016-08-09,36.57,38.44,36.3,38.31,38.31,3061528,0.0,1.0
2016-08-10,38.04,39.67,38.04,39.04,39.04,2022398,0.0,1.0
2016-08-11,39.16,40.28,38.66,40.0,40.0,1487270,0.0,1.0
2016-08-12,39.71,39.91,39.08,39.89,39.89,1521729,0.0,1.0
2016-08-15,39.96,41.14,39.63,40.6,40.6,1339849,0.0,1.0
2016-08-16,40.33,40.45,39.87,40.27,40.27,882684,0.0,1.0
2016-08-17,40.15,40.61,39.68,40.29,40.29,999015,0.0,1.0
2016-08-18,40.47,40.8,40.44,40.52,40.52,1140830,0.0,1.0
2016-08-19,40.13,40.875,39.8,40.76,40.76,1405326,0.0,1.0
2016-08-22,40.73,41.03,40.23,40.53,40.53,713855,0.0,1.0
2016-08-23,40.62,41.23,40.03,40.79,40.79,984632,0.0,1.0
2016-08-24,40.73,40.76,40.09,40.2,40.2,665817,0.0,1.0
2016-08-25,40.14,40.36,39.69,39.78,39.78,1061573,0.0,1.0
2016-08-26,40.11,41.2,39.47,40.02,40.02,1321098,0.0,1.0
2016-08-29,40.17,40.8899,40.135,40.63,40.63,691344,0.0,1.0
2016-08-30,40.6,40.62,40.24,40.59,40.59,582571,0.0,1.0
2016-08-31,40.39,40.74,39.37,39.65,39.65,1390467,0.0,1.0
2016-09-01,39.49,40.18,39.43,39.5,39.5,1026027,0.0,1.0
2016-09-02,40.01,40.25,39.52,40.16,40.16,709055,0.0,1.0
2016-09-06,40.35,40.35,39.78,40.19,40.19,500659,0.0,1.0
2016-09-07,40.12,40.36,39.835,40.16,40.16,418379,0.0,1.0
2016-09-08,39.97,39.97,38.82,38.89,38.89,879544,0.0,1.0
2016-09-09,38.35,38.3726,36.98,37.09,37.09,833395,0.0,1.0
2016-09-12,36.71,38.44,36.035,38.16,38.16,1302231,0.0,1.0
2016-09-13,37.62,37.7,36.69,37.22,37.22,1174831,0.0,1.0
2016-09-14,37.38,37.42,36.85,37.13,37.13,440984,0.0,1.0
2016-09-15,37.26,38.28,37.18,37.96,37.96,468362,0.0,1.0
2016-09-16,37.78,37.91,37.24,37.3,37.3,1292174,0.0,1.0
2016-09-19,37.76,38.3,37.13,37.29,37.29,407527,0.0,1.0
2016-09-20,37.46,37.55,36.94,37.09,37.09,363603,0.0,1.0
2016-09-21,37.24,37.69,36.95,37.68,37.68,374543,0.0,1.0
2016-09-22,38.13,38.37,37.95,38.32,38.32,368403,0.0,1.0
2016-09-23,37.92,38.67,37.9,38.35,38.35,841758,0.0,1.0
2016-09-26,37.99,38.16,37.63,37.71,37.71,300918,0.0,1.0
2016-09-27,37.83,37.92,36.86,36.87,36.87,764869,0.0,1.0
2016-09-28,37.02,37.3,36.45,37.19,37.19,485998,0.0,1.0
2016-09-29,37.06,37.49,36.75,36.78,36.78,358161,0.0,1.0
2016-09-30,37.16,38.28,36.87,38.02,38.02,739014,0.0,1.0
2016-10-03,38.03,38.36,37.4,37.54,37.54,454253,0.0,1.0
2016-10-04,37.74,37.94,36.78,36.99,36.99,938185,0.0,1.0
2016-10-05,37.1,38.42,37.03,37.91,37.91,500299,0.0,1.0
2016-10-06,37.52,38.1,37.17,37.94,37.94,365699,0.0,1.0
2016-10-07,38.1,38.3399,36.93,36.94,36.94,383894,0.0,1.0
2016-10-10,37.27,37.68,37.09,37.17,37.17,319786,0.0,1.0
2016-10-11,36.86,36.86,35.7,35.96,35.96,592964,0.0,1.0
2016-10-12,35.99,36.3899,35.87,36.07,36.07,201799,0.0,1.0
2016-10-13,35.59,36.1,34.995,35.97,35.97,593848,0.0,1.0
2016-10-14,36.38,36.54,35.73,35.79,35.79,270750,0.0,1.0
2016-10-17,35.74,36.17,35.04,35.93,35.93,275750,0.0,1.0
2016-10-18,36.44,37.0,36.28,36.58,36.58,437458,0.0,1.0
2016-10-19,36.75,37.45,36.63,37.3,37.3,342167,0.0,1.0
2016-10-20,37.1,37.43,36.41,36.98,36.98,267155,0.0,1.0
2016-10-21,36.5,36.83,36.04,36.07,36.07,412731,0.0,1.0
2016-10-24,37.67,37.67,36.37,36.4,36.4,384540,0.0,1.0
2016-10-25,36.43,37.14,36.13,36.17,36.17,404022,0.0,1.0
2016-10-26,35.85,37.08,35.85,36.44,36.44,331577,0.0,1.0
2016-10-27,36.66,36.66,35.53,35.77,35.77,253332,0.0,1.0
2016-10-28,35.76,36.49,35.52,36.14,36.14,306426,0.0,1.0
2016-10-31,36.12,36.51,35.75,35.88,35.88,358211,0.0,1.0
2016-11-01,36.0,36.16,34.8,35.23,35.23,470614,0.0,1.0
2016-11-02,35.2,35.37,34.71,34.89,34.89,635320,0.0,1.0
2016-11-03,34.96,35.25,34.43,34.52,34.52,591071,0.0,1.0
2016-11-04,34.61,35.39,34.31,34.56,34.56,573137,0.0,1.0
2016-11-07,34.98,38.61,34.54,38.43,38.43,1570944,0.0,1.0
2016-11-08,37.96,38.2,34.75,34.81,34.81,1369943,0.0,1.0
2016-11-09,34.16,35.59,33.85,35.38,35.38,1016150,0.0,1.0
2016-11-10,35.71,38.01,35.71,36.07,36.07,1421099,0.0,1.0
2016-11-11,35.74,36.44,35.16,36.34,36.34,783577,0.0,1.0
2016-11-14,36.71,37.89,36.71,37.87,37.87,717588,0.0,1.0
2016-11-15,37.97,38.88,37.3,38.84,38.84,722221,0.0,1.0
2016-11-16,38.84,38.88,37.13,37.24,37.24,729129,0.0,1.0
2016-11-17,37.49,37.725,36.845,37.49,37.49,543778,0.0,1.0
2016-11-18,37.61,38.53,37.39,38.39,38.39,493730,0.0,1.0
2016-11-21,38.57,39.1,38.17,38.84,38.84,723366,0.0,1.0
2016-11-22,39.11,39.5,38.46,39.0,39.0,421125,0.0,1.0
2016-11-23,38.79,39.71,38.49,39.57,39.57,576718,0.0,1.0
2016-11-25,39.69,39.7,38.8,39.07,39.07,202413,0.0,1.0
2016-11-28,38.96,39.15,38.54,38.92,38.92,350564,0.0,1.0
2016-11-29,39.05,39.32,38.54,38.6,38.6,357252,0.0,1.0
2016-11-30,38.88,39.58,38.8243,39.06,39.06,695759,0.0,1.0
2016-12-01,39.1,39.22,38.05,38.23,38.23,321354,0.0,1.0
2016-12-02,38.3,38.385,37.84,37.9,37.9,262218,0.0,1.0
2016-12-05,38.53,39.16,38.375,38.66,38.66,260040,0.0,1.0
2016-12-06,38.79,39.02,37.93,38.6,38.6,326362,0.0,1.0
2016-12-07,38.6,39.43,38.39,39.19,39.19,311640,0.0,1.0
2016-12-08,39.19,41.28,39.19,41.0,41.0,841066,0.0,1.0
2016-12-09,41.2,41.45,40.72,41.05,41.05,612791,0.0,1.0
2016-12-12,40.72,41.5,40.12,40.19,40.19,661316,0.0,1.0
2016-12-13,40.5,40.66,39.48,39.5,39.5,610394,0.0,1.0
2016-12-14,39.37,39.46,38.58,38.68,38.68,575559,0.0,1.0
2016-12-15,38.73,39.61,38.315,38.38,38.38,433347,0.0,1.0
2016-12-16,39.25,42.66,38.88,41.35,41.35,2786427,0.0,1.0
2016-12-19,41.24,41.62,40.74,41.19,41.19,862451,0.0,1.0
2016-12-20,41.28,42.0,41.04,41.65,41.65,618227,0.0,1.0
2016-12-21,41.56,41.56,40.73,40.75,40.75,336933,0.0,1.0
2016-12-22,40.8,40.8,39.61,39.64,39.64,303394,0.0,1.0
2016-12-23,39.66,40.42,39.5,40.37,40.37,409576,0.0,1.0
2016-12-27,40.41,41.18,40.36,41.06,41.06,505085,0.0,1.0
2016-12-28,41.23,41.27,40.27,40.3,40.3,494150,0.0,1.0
2016-12-29,40.4,40.94,39.92,40.01,40.01,306668,0.0,1.0
2016-12-30,40.09,40.19,39.49,39.86,39.86,428941,0.0,1.0
2017-01-03,40.53,40.88,39.26,39.32,39.32,630212,0.0,1.0
2017-01-04,39.63,40.07,39.2801,40.01,40.01,932436,0.0,1.0
2017-01-05,39.68,39.965,38.68,39.05,39.05,374139,0.0,1.0
2017-01-06,39.18,39.38,38.71,38.72,38.72,373078,0.0,1.0
2017-01-09,38.59,40.16,38.46,39.73,39.73,594054,0.0,1.0
2017-01-10,39.76,40.21,39.57,39.72,39.72,275401,0.0,1.0
2017-01-11,39.77,40.44,39.58,40.37,40.37,550262,0.0,1.0
2017-01-12,40.25,40.25,39.06,39.6,39.6,235871,0.0,1.0
2017-01-13,39.71,40.11,39.4,39.54,39.54,201371,0.0,1.0
2017-01-17,39.18,39.81,39.01,39.35,39.35,284560,0.0,1.0
2017-01-18,39.36,39.6,39.13,39.59,39.59,213991,0.0,1.0
2017-01-19,39.6,39.92,39.31,39.79,39.79,306914,0.0,1.0
2017-01-20,39.71,40.28,39.59,39.72,39.72,295181,0.0,1.0
2017-01-23,39.68,40.0,39.48,39.91,39.91,236944,0.0,1.0
2017-01-24,40.05,41.55,39.4805,40.98,40.98,507171,0.0,1.0
2017-01-25,41.21,41.5599,40.979,41.01,41.01,538002,0.0,1.0
2017-01-26,41.03,41.29,40.83,41.0,41.0,391350,0.0,1.0
2017-01-27,41.0,41.0,39.97,40.0,40.0,498461,0.0,1.0
2017-01-30,39.78,40.0,39.08,39.58,39.58,417839,0.0,1.0
2017-01-31,39.47,40.15,38.96,39.71,39.71,403169,0.0,1.0
2017-02-01,40.0,40.09,38.67,38.95,38.95,565875,0.0,1.0
2017-02-02,38.94,39.22,38.63,38.84,38.84,322251,0.0,1.0
2017-02-03,39.2,39.7,38.88,39.65,39.65,292349,0.0,1.0
2017-02-06,39.4,39.99,39.07,39.44,39.44,290847,0.0,1.0
2017-02-07,39.52,40.4,39.38,39.67,39.67,365056,0.0,1.0
2017-02-08,39.59,40.01,38.97,39.71,39.71,521996,0.0,1.0
2017-02-09,39.77,42.0,39.77,41.34,41.34,860319,0.0,1.0
2017-02-10,41.61,41.61,40.83,41.0,41.0,259805,0.0,1.0
2017-02-13,41.22,41.56,41.14,41.29,41.29,401216,0.0,1.0
2017-02-14,41.29,41.41,40.89,41.38,41.38,454789,0.0,1.0
2017-02-15,41.29,42.17,41.24,42.1,42.1,620667,0.0,1.0
2017-02-16,42.03,42.06,40.91,41.2,41.2,656040,0.0,1.0
2017-02-17,41.12,41.4,40.67,40.99,40.99,348047,0.0,1.0
2017-02-21,41.09,41.54,40.88,41.11,41.11,408564,0.0,1.0
2017-02-22,40.98,40.99,40.13,40.4,40.4,377152,0.0,1.0
2017-02-23,40.66,40.66,39.92,40.02,40.02,486989,0.0,1.0
2017-02-24,39.64,40.16,39.42,40.09,40.09,440082,0.0,1.0
2017-02-27,43.38,46.99,43.27,46.39,46.39,31288,0.0,1.0
2017-02-28,46.38,47.2,44.59,45.13,45.13,1873764,0.0,1.0
2017-03-01,45.94,47.38,45.94,46.94,46.94,1503159,0.0,1.0
2017-03-02,46.83,48.88,46.63,48.54,48.54,1289774,0.0,1.0
2017-03-03,48.39,49.87,48.14,48.2,48.2,848781,0.0,1.0
2017-03-06,47.66,48.19,47.22,47.99,47.99,546549,0.0,1.0
2017-03-07,48.04,48.68,47.7,47.73,47.73,1185087,0.0,1.0
2017-03-08,47.58,48.38,46.51,46.92,46.92,1069974,0.0,1.0
2017-03-09,46.8,47.28,46.28,46.5,46.5,510287,0.0,1.0
2017-03-10,46.93,47.06,46.02,46.6,46.6,587402,0.0,1.0
2017-03-13,46.84,47.4,46.66,46.88,46.88,637588,0.0,1.0
2017-03-14,46.82,46.83,45.85,46.51,46.51,422991,0.0,1.0
2017-03-15,46.77,47.88,46.57,47.67,47.67,512903,0.0,1.0
2017-03-16,47.94,48.39,47.47,47.87,47.87,404643,0.0,1.0
2017-03-17,48.1,48.1,47.33,47.58,47.58,805184,0.0,1.0
2017-03-20,47.66,47.99,47.07,47.33,47.33,432247,0.0,1.0
2017-03-21,47.66,47.76,46.12,46.39,46.39,513358,0.0,1.0
2017-03-22,46.21,46.66,46.0,46.2,46.2,377522,0.0,1.0
2017-03-23,46.17,47.06,46.17,46.49,46.49,518885,0.0,1.0
2017-03-24,46.6,46.88,46.11,46.51,46.51,371698,0.0,1.0
2017-03-27,46.0,46.23,44.91,45.48,45.48,858830,0.0,1.0
2017-03-28,45.22,45.89,45.22,45.71,45.71,395051,0.0,1.0
2017-03-29,45.61,45.95,45.25,45.77,45.77,463148,0.0,1.0
2017-03-30,45.72,45.98,45.27,45.81,45.81,474427,0.0,1.0
2017-03-31,45.77,45.9,45.32,45.48,45.48,499625,0.0,1.0
2017-04-03,45.59,45.75,44.96,45.34,45.34,690220,0.0,1.0
2017-04-04,45.22,45.6,44.63,44.91,44.91,358422,0.0,1.0
2017-04-05,45.24,45.89,44.02,44.04,44.04,441891,0.0,1.0
2017-04-06,44.08,45.65,44.08,45.64,45.64,596969,0.0,1.0
2017-04-07,45.4,46.19,45.18,46.12,46.12,848199,0.0,1.0
2017-04-10,46.14,47.33,46.14,46.76,46.76,760228,0.0,1.0
2017-04-11,46.58,46.86,44.42,45.94,45.94,812500,0.0,1.0
2017-04-12,46.0,46.03,44.42,44.55,44.55,553795,0.0,1.0
2017-04-13,44.33,44.82,43.85,43.94,43.94,434888,0.0,1.0
2017-04-17,43.97,44.66,43.66,44.6,44.6,311712,0.0,1.0
2017-04-18,44.36,44.9,43.99,44.65,44.65,330639,0.0,1.0
2017-04-19,44.82,45.87,44.82,45.24,45.24,427501,0.0,1.0
2017-04-20,45.57,46.42,45.57,46.1,46.1,481515,0.0,1.0
2017-04-21,45.92,46.31,45.11,45.51,45.51,413090,0.0,1.0
2017-04-24,46.64,46.85,45.91,46.77,46.77,346620,0.0,1.0
2017-04-25,47.01,48.03,46.99,47.57,47.57,522989,0.0,1.0
2017-04-26,47.6,48.59,47.6,48.2,48.2,436329,0.0,1.0
2017-04-27,48.2,48.26,47.69,47.97,47.97,372325,0.0,1.0
2017-04-28,47.98,47.98,47.34,47.36,47.36,513302,0.0,1.0
2017-05-01,47.57,48.01,47.13,47.89,47.89,200268,0.0,1.0
2017-05-02,48.09,48.09,47.56,47.9,47.9,184847,0.0,1.0
2017-05-03,48.0,48.37,47.47,47.71,47.71,284098,0.0,1.0
2017-05-04,47.72,47.79,47.26,47.62,47.62,205500,0.0,1.0
2017-05-05,47.68,48.0,47.45,47.97,47.97,323030,0.0,1.0
2017-05-08,48.3,48.46,47.45,47.71,47.71,593272,0.0,1.0
2017-05-09,47.94,48.0,47.02,47.82,47.82,620737,0.0,1.0
2017-05-10,49.31,49.85,47.23,49.55,49.55,910304,0.0,1.0
2017-05-11,49.37,50.8,48.66,50.69,50.69,766145,0.0,1.0
2017-05-12,50.33,50.99,49.12,49.45,49.45,817765,0.0,1.0
2017-05-15,49.7,50.13,49.4,50.0,50.0,686895,0.0,1.0
2017-05-16,50.15,50.86,49.84,50.51,50.51,856012,0.0,1.0
2017-05-17,50.51,50.51,49.17,49.3,49.3,1000979,0.0,1.0
2017-05-18,49.07,49.78,48.78,49.54,49.54,648603,0.0,1.0
2017-05-19,49.94,50.75,49.92,50.01,50.01,811128,0.0,1.0
2017-05-22,50.49,50.6,49.95,50.54,50.54,610713,0.0,1.0
2017-05-23,50.76,51.4,50.18,51.4,51.4,492901,0.0,1.0
2017-05-24,51.41,52.58,51.23,52.52,52.52,716212,0.0,1.0
2017-05-25,52.91,53.68,52.7,53.02,53.02,561424,0.0,1.0
2017-05-26,53.08,53.66,52.68,53.03,53.03,327188,0.0,1.0
2017-05-30,52.78,52.94,51.8,52.64,52.64,499200,0.0,1.0
2017-05-31,52.99,53.15,52.18,52.59,52.59,424857,0.0,1.0
2017-06-01,53.01,54.59,52.65,54.58,54.58,562963,0.0,1.0
2017-06-02,54.6,55.21,53.82,53.85,53.85,541579,0.0,1.0
2017-06-05,53.85,54.01,52.9,53.01,53.01,494899,0.0,1.0
2017-06-06,52.52,52.93,51.7,52.86,52.86,646781,0.0,1.0
2017-06-07,52.91,52.91,51.89,52.37,52.37,529750,0.0,1.0
2017-06-08,52.42,52.92,51.72,52.37,52.37,403166,0.0,1.0
2017-06-09,52.18,52.66,51.43,51.89,51.89,361783,0.0,1.0
2017-06-12,51.76,52.0,51.24,51.9,51.9,454426,0.0,1.0
2017-06-13,52.04,52.33,51.51,52.13,52.13,514024,0.0,1.0
2017-06-14,52.02,52.3,51.21,51.47,51.47,277731,0.0,1.0
2017-06-15,50.69,50.97,50.02,50.92,50.92,355531,0.0,1.0
2017-06-16,50.61,51.93,50.49,51.84,51.84,529138,0.0,1.0
2017-06-19,52.39,53.93,51.99,53.65,53.65,821828,0.0,1.0
2017-06-20,53.39,53.64,52.39,52.53,52.53,338177,0.0,1.0
2017-06-21,52.84,53.34,52.62,52.88,52.88,364490,0.0,1.0
2017-06-22,52.94,53.89,52.7,53.41,53.41,427628,0.0,1.0
2017-06-23,53.8,56.21,53.8,54.99,54.99,2108866,0.0,1.0
2017-06-26,55.36,56.01,54.93,55.42,55.42,697532,0.0,1.0
2017-06-27,55.32,55.54,54.25,54.35,54.35,340272,0.0,1.0
2017-06-28,54.81,55.16,54.45,54.57,54.57,498901,0.0,1.0
2017-06-29,54.6,54.9,52.82,53.21,53.21,402012,0.0,1.0
2017-06-30,53.27,54.19,53.07,53.67,53.67,452914,0.0,1.0
2017-07-03,54.11,54.3,53.15,53.41,53.41,167637,0.0,1.0
2017-07-05,53.34,53.8,53.2,53.61,53.61,351284,0.0,1.0
2017-07-06,53.11,53.77,52.93,53.26,53.26,246801,0.0,1.0
2017-07-07,53.48,53.96,53.27,53.86,53.86,215125,0.0,1.0
2017-07-10,53.7,54.17,52.99,53.95,53.95,463193,0.0,1.0
2017-07-11,54.05,54.08,53.15,53.71,53.71,502151,0.0,1.0
2017-07-12,54.12,54.73,53.97,54.19,54.19,220865,0.0,1.0
2017-07-13,54.24,54.42,53.67,54.16,54.16,321864,0.0,1.0
2017-07-14,54.17,55.44,53.27,55.16,55.16,404773,0.0,1.0
2017-07-17,54.93,55.61,54.76,54.97,54.97,207332,0.0,1.0
2017-07-18,54.89,56.6,54.77,56.6,56.6,598180,0.0,1.0
2017-07-19,56.87,57.26,56.2,56.37,56.37,555413,0.0,1.0
2017-07-20,56.2,56.97,55.93,56.54,56.54,383028,0.0,1.0
2017-07-21,56.55,56.95,56.04,56.62,56.62,359484,0.0,1.0
2017-07-24,56.66,57.3,56.44,56.98,56.98,319286,0.0,1.0
2017-07-25,57.25,57.95,56.75,57.7,57.7,631819,0.0,1.0
2017-07-26,57.67,57.67,56.94,57.04,57.04,244663,0.0,1.0
2017-07-27,57.24,57.64,56.18,56.75,56.75,450555,0.0,1.0
2017-07-28,56.61,56.9,56.21,56.88,56.88,352049,0.0,1.0
2017-07-31,57.07,57.25,56.47,56.59,56.59,511601,0.0,1.0
2017-08-01,56.59,56.72,55.81,56.17,56.17,600209,0.0,1.0
2017-08-02,56.2,56.84,54.67,55.76,55.76,484397,0.0,1.0
2017-08-03,53.7,54.71,50.71,51.15,51.15,1462073,0.0,1.0
2017-08-04,51.12,51.61,50.42,50.49,50.49,519451,0.0,1.0
2017-08-07,50.36,50.46,49.6,50.22,50.22,736427,0.0,1.0
2017-08-08,50.29,50.78,49.9,49.98,49.98,641785,0.0,1.0
2017-08-09,49.58,50.25,49.43,50.09,50.09,505056,0.0,1.0
2017-08-10,49.65,50.05,48.19,48.2,48.2,404148,0.0,1.0
2017-08-11,48.0,48.72,47.9,48.49,48.49,407714,0.0,1.0
2017-08-14,49.1,49.18,47.72,47.85,47.85,380906,0.0,1.0
2017-08-15,47.9,48.17,46.31,46.33,46.33,628449,0.0,1.0
2017-08-16,46.6,47.64,46.19,46.78,46.78,559638,0.0,1.0
2017-08-17,46.68,46.82,44.98,45.09,45.09,597253,0.0,1.0
2017-08-18,44.83,45.76,44.76,45.54,45.54,409868,0.0,1.0
2017-08-21,45.56,46.18,45.46,46.05,46.05,463500,0.0,1.0
2017-08-22,46.17,46.8,46.17,46.6,46.6,346288,0.0,1.0
2017-08-23,46.26,46.79,45.78,46.58,46.58,366853,0.0,1.0
2017-08-24,47.0,47.0,46.49,46.73,46.73,470241,0.0,1.0
2017-08-25,46.86,46.86,44.96,45.25,45.25,508931,0.0,1.0
2017-08-28,45.33,45.39,44.23,44.7,44.7,539122,0.0,1.0
2017-08-29,44.21,44.63,43.93,44.1,44.1,564299,0.0,1.0
2017-08-30,44.12,44.38,43.69,44.1,44.1,534705,0.0,1.0
2017-08-31,44.27,45.13,43.8,44.87,44.87,480176,0.0,1.0
2017-09-01,45.0,45.87,45.0,45.52,45.52,326155,0.0,1.0
2017-09-05,45.25,45.54,44.44,44.72,44.72,332908,0.0,1.0
2017-09-06,44.83,45.17,44.12,44.13,44.13,381037,0.0,1.0
2017-09-07,44.2,44.2,43.34,43.59,43.59,838710,0.0,1.0
2017-09-08,43.47,43.47,42.78,42.97,42.97,579686,0.0,1.0
2017-09-11,43.47,43.74,43.02,43.44,43.44,367030,0.0,1.0
2017-09-12,43.51,43.94,43.23,43.72,43.72,308332,0.0,1.0
2017-09-13,43.62,44.62,43.61,44.45,44.45,593313,0.0,1.0
2017-09-14,44.4,45.13,44.06,44.59,44.59,638320,0.0,1.0
2017-09-15,44.48,44.91,43.85,44.5,44.5,1738912,0.0,1.0
2017-09-18,44.63,45.21,44.53,45.01,45.01,463084,0.0,1.0
2017-09-19,45.03,45.89,44.77,45.65,45.65,687404,0.0,1.0
2017-09-20,45.7,45.84,45.23,45.5,45.5,520472,0.0,1.0
2017-09-21,45.63,45.85,45.4,45.66,45.66,191387,0.0,1.0
2017-09-22,45.41,45.75,45.23,45.59,45.59,188991,0.0,1.0
2017-09-25,45.41,45.77,45.06,45.27,45.27,266412,0.0,1.0
2017-09-26,45.51,46.53,45.4,46.24,46.24,370858,0.0,1.0
2017-09-27,46.6,46.72,45.85,46.27,46.27,253865,0.0,1.0
2017-09-28,46.22,46.51,45.89,46.25,46.25,269544,0.0,1.0
2017-09-29,46.2,46.62,45.81,46.11,46.11,447736,0.0,1.0
2017-10-02,46.12,47.11,46.12,47.02,47.02,384876,0.0,1.0
2017-10-03,47.09,47.89,47.09,47.69,47.69,434771,0.0,1.0
2017-10-04,48.14,49.06,47.87,48.79,48.79,452733,0.0,1.0
2017-10-05,49.24,49.56,48.54,49.35,49.35,428575,0.0,1.0
2017-10-06,49.01,49.43,48.62,48.79,48.79,338661,0.0,1.0
2017-10-09,48.68,48.94,48.52,48.81,48.81,288628,0.0,1.0
2017-10-10,49.32,49.7,48.99,49.7,49.7,348428,0.0,1.0
2017-10-11,49.75,50.22,49.75,50.12,50.12,365486,0.0,1.0
2017-10-12,49.98,50.61,49.68,50.26,50.26,322485,0.0,1.0
2017-10-13,50.44,50.64,49.92,50.0,50.0,360535,0.0,1.0
2017-10-16,50.17,50.7,49.95,50.65,50.65,513413,0.0,1.0
2017-10-17,50.49,50.8,49.77,49.99,49.99,321859,0.0,1.0
2017-10-18,50.22,51.42,50.2,51.19,51.19,339854,0.0,1.0
2017-10-19,50.8,51.23,50.51,51.13,51.13,302433,0.0,1.0
2017-10-20,51.67,51.77,51.3,51.47,51.47,306129,0.0,1.0
2017-10-23,51.68,52.42,51.44,51.44,51.44,342629,0.0,1.0
2017-10-24,51.47,51.85,50.51,50.6,50.6,295416,0.0,1.0
2017-10-25,50.55,50.87,49.76,50.26,50.26,205938,0.0,1.0
2017-10-26,50.43,51.25,50.41,50.92,50.92,363782,0.0,1.0
2017-10-27,50.97,51.42,50.53,51.24,51.24,276085,0.0,1.0
2017-10-30,51.37,52.12,50.79,51.01,51.01,216848,0.0,1.0
2017-10-31,51.12,51.91,51.12,51.82,51.82,230459,0.0,1.0
2017-11-01,52.08,52.18,51.04,51.42,51.42,213593,0.0,1.0
2017-11-02,51.5,51.67,50.54,51.12,51.12,447899,0.0,1.0
2017-11-03,52.47,53.5,48.91,49.42,49.42,827020,0.0,1.0
2017-11-06,49.3,49.3,45.46,45.5,45.5,985938,0.0,1.0
2017-11-07,45.57,46.03,44.08,44.64,44.64,884137,0.0,1.0
2017-11-08,44.78,47.33,44.78,46.76,46.76,1013435,0.0,1.0
2017-11-09,46.27,47.06,45.65,47.05,47.05,568240,0.0,1.0
2017-11-10,46.69,46.94,46.25,46.31,46.31,581260,0.0,1.0
2017-11-13,46.05,46.43,45.84,46.15,46.15,534444,0.0,1.0
2017-11-14,46.12,46.66,45.44,45.66,45.66,445360,0.0,1.0
2017-11-15,45.44,46.05,44.4,45.72,45.72,601730,0.0,1.0
2017-11-16,47.16,47.17,46.2,46.82,46.82,489301,0.0,1.0
2017-11-17,46.48,47.48,46.29,47.07,47.07,388189,0.0,1.0
2017-11-20,47.24,48.11,47.15,48.08,48.08,276053,0.0,1.0
2017-11-21,48.21,49.15,48.09,49.13,49.13,286723,0.0,1.0
2017-11-22,49.13,49.35,48.71,49.11,49.11,214316,0.0,1.0
2017-11-24,49.28,49.28,48.44,48.73,48.73,147489,0.0,1.0
2017-11-27,48.61,48.99,48.33,48.61,48.61,216703,0.0,1.0
2017-11-28,48.71,49.98,48.64,49.75,49.75,271178,0.0,1.0
2017-11-29,49.69,50.9,49.51,50.84,50.84,641481,0.0,1.0
2017-11-30,51.0,51.7,50.35,51.53,51.53,626181,0.0,1.0
2017-12-01,51.39,51.39,49.18,50.91,50.91,296615,0.0,1.0
2017-12-04,51.63,51.87,50.34,50.46,50.46,253186,0.0,1.0
2017-12-05,50.5,50.79,49.91,50.15,50.15,255465,0.0,1.0
2017-12-06,50.05,50.55,49.72,50.4,50.4,149246,0.0,1.0
2017-12-07,50.28,51.08,49.94,50.49,50.49,241831,0.0,1.0
2017-12-08,50.8,51.36,50.52,50.86,50.86,242986,0.0,1.0
2017-12-11,51.01,51.73,50.67,51.68,51.68,301471,0.0,1.0
2017-12-12,51.53,51.84,51.14,51.74,51.74,298002,0.0,1.0
2017-12-13,51.75,52.34,51.14,51.17,51.17,244987,0.0,1.0
2017-12-14,51.34,51.43,50.3,50.37,50.37,212607,0.0,1.0
2017-12-15,50.89,51.97,50.6,51.11,51.11,519252,0.0,1.0
2017-12-18,52.45,53.62,51.91,53.46,53.46,418929,0.0,1.0
2017-12-19,53.01,54.44,52.45,52.9,52.9,589242,0.0,1.0
2017-12-20,53.2,53.29,52.72,52.8,52.8,172910,0.0,1.0
2017-12-21,52.68,53.24,52.49,52.98,52.98,190586,0.0,1.0
2017-12-22,52.455,52.99,51.98,52.03,52.03,197698,0.0,1.0
2017-12-26,51.96,52.91,51.8,52.51,52.51,138556,0.0,1.0
2017-12-27,52.6,53.15,52.21,52.82,52.82,332894,0.0,1.0
2017-12-28,52.79,52.79,52.1,52.58,52.58,208372,0.0,1.0
2017-12-29,52.63,52.66,51.58,51.6,51.6,255658,0.0,1.0
2018-01-02,52.01,53.2,52.01,52.56,52.56,269108,0.0,1.0
2018-01-03,52.66,52.86,51.77,51.99,51.99,242770,0.0,1.0
2018-01-04,52.37,52.55,51.39,51.41,51.41,208163,0.0,1.0
2018-01-05,51.58,51.58,50.54,51.34,51.34,440531,0.0,1.0
2018-01-08,51.27,51.68,50.76,51.08,51.08,295188,0.0,1.0
2018-01-09,51.08,51.76,50.81,51.48,51.48,274241,0.0,1.0
2018-01-10,51.21,51.87,50.94,51.25,51.25,155463,0.0,1.0
2018-01-11,51.31,52.21,51.14,52.01,52.01,419119,0.0,1.0
2018-01-12,52.08,52.88,51.6301,52.71,52.71,516387,0.0,1.0
2018-01-16,53.17,53.33,52.63,52.74,52.74,353658,0.0,1.0
2018-01-17,53.0,53.135,51.99,52.37,52.37,168712,0.0,1.0
2018-01-18,52.37,52.37,51.3,51.43,51.43,308968,0.0,1.0
2018-01-19,51.53,53.9,51.53,53.42,53.42,526051,0.0,1.0
2018-01-22,53.37,53.42,52.585,52.89,52.89,213470,0.0,1.0
2018-01-23,52.92,52.99,52.08,52.08,52.08,227149,0.0,1.0
2018-01-24,52.4,53.88,52.3501,53.84,53.84,398005,0.0,1.0
2018-01-25,54.0,55.15,52.9527,55.13,55.13,503559,0.0,1.0
2018-01-26,55.25,55.35,53.93,54.75,54.75,248472,0.0,1.0
2018-01-29,54.53,54.61,53.23,53.39,53.39,431908,0.0,1.0
2018-01-30,52.75,53.65,52.42,53.39,53.39,258370,0.0,1.0
2018-01-31,53.74,54.08,52.44,52.76,52.76,291043,0.0,1.0
2018-02-01,52.51,53.74,52.16,53.55,53.55,199285,0.0,1.0
2018-02-02,53.2,53.48,51.97,52.35,52.35,297138,0.0,1.0
2018-02-05,51.55,51.73,47.44,48.24,48.24,678025,0.0,1.0
2018-02-06,47.09,49.7,46.65,48.63,48.63,666664,0.0,1.0
2018-02-07,48.38,48.9,48.0,48.05,48.05,183411,0.0,1.0
2018-02-08,48.23,48.23,46.49,46.49,46.49,618608,0.0,1.0
2018-02-09,47.25,47.41,44.89,46.47,46.47,422561,0.0,1.0
2018-02-12,46.76,47.63,46.21,46.43,46.43,289558,0.0,1.0
2018-02-13,46.18,46.54,45.76,46.26,46.26,349812,0.0,1.0
2018-02-14,46.01,47.73,46.01,47.44,47.44,379341,0.0,1.0
2018-02-15,47.83,47.83,46.72,47.56,47.56,314666,0.0,1.0
2018-02-16,47.39,48.9,47.39,48.36,48.36,272312,0.0,1.0
2018-02-20,48.11,48.48,46.82,46.88,46.88,223530,0.0,1.0
2018-02-21,47.04,48.53,46.88,47.89,47.89,384181,0.0,1.0
2018-02-22,48.01,48.51,47.31,47.46,47.46,518306,0.0,1.0
2018-02-23,47.85,48.22,47.19,48.19,48.19,199334,0.0,1.0
2018-02-26,48.42,48.42,46.97,47.63,47.63,310526,0.0,1.0
2018-02-27,47.72,47.82,46.77,47.04,47.04,274526,0.0,1.0
2018-02-28,47.32,47.63,46.04,46.18,46.18,745839,0.0,1.0
2018-03-01,48.02,53.01,47.76,50.78,50.78,1451559,0.0,1.0
2018-03-02,50.23,51.14,49.53,51.0,51.0,635374,0.0,1.0
