timestamp,open,high,low,close,adjusted_close,volume,dividend_amount,split_coefficient
2008-03-12,14.0,16.51,14.0,14.19,14.19,497200,0.0,1.0
2008-03-13,13.8,13.95,13.0,13.87,13.87,54800,0.0,1.0
2008-03-14,14.14,14.14,13.26,13.56,13.56,27700,0.0,1.0
2008-03-17,13.26,13.5,13.0,13.0,13.0,17400,0.0,1.0
2008-03-18,13.29,14.24,13.0,14.09,14.09,22300,0.0,1.0
2008-03-19,14.15,14.5,13.86,14.1,14.1,19900,0.0,1.0
2008-03-20,14.25,14.97,13.75,14.32,14.32,11600,0.0,1.0
2008-03-24,14.32,14.69,13.75,14.27,14.27,16100,0.0,1.0
2008-03-25,14.01,14.99,14.0,14.59,14.59,23200,0.0,1.0
2008-03-26,15.08,15.68,14.78,15.16,15.16,53100,0.0,1.0
2008-03-27,15.44,15.75,15.0001,15.74,15.74,12000,0.0,1.0
2008-03-28,15.5,15.95,15.32,15.73,15.73,21100,0.0,1.0
2008-03-31,15.81,15.85,15.076,15.65,15.65,27600,0.0,1.0
2008-04-01,15.58,15.67,15.17,15.67,15.67,9000,0.0,1.0
2008-04-02,15.515,15.68,15.35,15.35,15.35,8700,0.0,1.0
2008-04-03,15.4999,15.63,15.25,15.63,15.63,13400,0.0,1.0
2008-04-04,15.58,15.6,15.38,15.555,15.555,10400,0.0,1.0
2008-04-07,15.85,15.85,15.43,15.45,15.45,6100,0.0,1.0
2008-04-08,15.42,15.6,15.42,15.44,15.44,4800,0.0,1.0
2008-04-09,15.5,15.75,15.2501,15.32,15.32,14100,0.0,1.0
2008-04-10,15.3,15.3,15.3,15.3,15.3,33400,0.0,1.0
2008-04-11,15.0,15.5,15.0,15.29,15.29,25100,0.0,1.0
2008-04-14,15.33,15.45,15.01,15.3,15.3,4200,0.0,1.0
2008-04-15,15.55,15.55,15.3,15.3,15.3,6600,0.0,1.0
2008-04-16,15.49,15.5,15.2001,15.34,15.34,7000,0.0,1.0
2008-04-17,15.39,16.97,15.35,15.65,15.65,87000,0.0,1.0
2008-04-18,15.51,15.915,15.2501,15.32,15.32,82200,0.0,1.0
2008-04-21,15.32,16.14,15.32,15.91,15.91,45500,0.0,1.0
2008-04-22,15.91,16.9499,15.91,16.74,16.74,9500,0.0,1.0
2008-04-23,16.95,16.99,16.35,16.81,16.81,12300,0.0,1.0
2008-04-24,16.99,18.54,16.854,18.05,18.05,51200,0.0,1.0
2008-04-25,18.24,18.69,17.99,18.45,18.45,14700,0.0,1.0
2008-04-28,18.49,18.5,17.51,17.7,17.7,36300,0.0,1.0
2008-04-29,17.7,17.7,17.12,17.65,17.65,9900,0.0,1.0
2008-04-30,17.65,17.65,16.5,17.24,17.24,20600,0.0,1.0
2008-05-01,17.15,17.2,16.17,17.1,17.1,8500,0.0,1.0
2008-05-02,16.28,17.19,16.25,16.64,16.64,22700,0.0,1.0
2008-05-05,16.6,17.03,16.25,16.26,16.26,3000,0.0,1.0
2008-05-06,16.72,16.72,16.53,16.53,16.53,200,0.0,1.0
2008-05-07,16.3,16.5499,15.79,15.88,15.88,12600,0.0,1.0
2008-05-08,15.5,15.63,15.25,15.4,15.4,1600,0.0,1.0
2008-05-09,15.34,15.63,15.22,15.5799,15.5799,2800,0.0,1.0
2008-05-12,15.63,16.14,15.63,16.14,16.14,1000,0.0,1.0
2008-05-13,16.01,16.01,15.2601,15.27,15.27,7500,0.0,1.0
2008-05-14,15.11,15.2399,14.27,14.5,14.5,61200,0.0,1.0
2008-05-15,14.36,14.4,14.0501,14.125,14.125,22900,0.0,1.0
2008-05-16,14.06,14.5399,14.05,14.4999,14.4999,15300,0.0,1.0
2008-05-19,14.23,14.57,14.016,14.35,14.35,9800,0.0,1.0
2008-05-20,14.26,14.59,14.1,14.16,14.16,15100,0.0,1.0
2008-05-21,14.14,14.35,13.7,14.35,14.35,14400,0.0,1.0
2008-05-22,14.35,14.4,14.0,14.02,14.02,5400,0.0,1.0
2008-05-23,14.0,14.4899,13.32,13.75,13.75,10200,0.0,1.0
2008-05-27,13.63,14.0,13.1601,13.9899,13.9899,12200,0.0,1.0
2008-05-28,13.98,15.55,13.01,14.35,14.35,58700,0.0,1.0
2008-05-29,14.5,14.5699,13.61,14.25,14.25,8300,0.0,1.0
2008-05-30,14.38,15.56,14.38,15.44,15.44,7600,0.0,1.0
2008-06-02,15.39,15.39,14.81,15.23,15.23,5000,0.0,1.0
2008-06-03,15.39,15.39,14.51,15.0,15.0,17500,0.0,1.0
2008-06-04,14.76,14.8999,14.5,14.8999,14.8999,6400,0.0,1.0
2008-06-05,14.97,14.9999,14.55,14.86,14.86,500,0.0,1.0
2008-06-06,14.5,14.6,13.57,14.24,14.24,25000,0.0,1.0
2008-06-09,13.52,14.09,13.5,14.09,14.09,13500,0.0,1.0
2008-06-10,13.81,14.0,13.5,13.92,13.92,7900,0.0,1.0
2008-06-11,13.9,13.97,13.25,13.46,13.46,13300,0.0,1.0
2008-06-12,13.25,13.46,13.25,13.45,13.45,14300,0.0,1.0
2008-06-13,13.65,14.0299,13.13,13.13,13.13,8400,0.0,1.0
2008-06-16,13.07,13.1,11.45,12.34,12.34,49900,0.0,1.0
2008-06-17,12.71,12.73,12.41,12.41,12.41,52000,0.0,1.0
2008-06-18,12.4,12.745,12.26,12.26,12.26,3500,0.0,1.0
2008-06-19,12.73,12.96,12.4301,12.96,12.96,1600,0.0,1.0
2008-06-20,12.65,13.19,12.65,12.65,12.65,17000,0.0,1.0
2008-06-23,12.8,12.8,12.5,12.6,12.6,6200,0.0,1.0
2008-06-24,12.86,12.86,12.59,12.59,12.59,23100,0.0,1.0
2008-06-25,12.81,12.82,12.55,12.62,12.62,18400,0.0,1.0
2008-06-26,12.55,13.0,12.55,12.914,12.914,4000,0.0,1.0
2008-06-27,12.98,13.0,12.88,12.88,12.88,2100,0.0,1.0
2008-06-30,12.98,13.2,12.98,13.2,13.2,18100,0.0,1.0
2008-07-01,13.33,13.53,13.33,13.52,13.52,11000,0.0,1.0
2008-07-02,13.77,14.07,13.77,13.86,13.86,4400,0.0,1.0
2008-07-03,13.06,13.25,13.06,13.07,13.07,2200,0.0,1.0
2008-07-07,13.02,13.49,12.03,12.03,12.03,2800,0.0,1.0
2008-07-08,12.22,12.2501,12.05,12.05,12.05,17000,0.0,1.0
2008-07-09,12.16,12.97,12.05,12.05,12.05,3900,0.0,1.0
2008-07-10,12.14,12.98,12.11,12.98,12.98,800,0.0,1.0
2008-07-11,12.9,12.93,12.11,12.63,12.63,17900,0.0,1.0
2008-07-14,12.9,12.95,12.74,12.74,12.74,1200,0.0,1.0
2008-07-15,12.98,13.88,12.5,12.5,12.5,23100,0.0,1.0
2008-07-16,13.0,13.0,13.0,13.0,13.0,500,0.0,1.0
2008-07-17,13.15,13.15,12.54,12.54,12.54,1200,0.0,1.0
2008-07-18,12.76,12.76,12.5,12.64,12.64,8900,0.0,1.0
2008-07-21,13.25,13.25,12.614,12.7,12.7,1800,0.0,1.0
2008-07-22,12.92,13.15,12.8,12.84,12.84,1100,0.0,1.0
2008-07-23,13.06,13.06,12.8,12.8,12.8,200,0.0,1.0
2008-07-24,12.5,13.11,12.5,13.11,13.11,1700,0.0,1.0
2008-07-25,12.85,13.45,12.85,13.45,13.45,1000,0.0,1.0
2008-07-28,13.7,15.43,13.7,14.92,14.92,22300,0.0,1.0
2008-07-29,15.19,15.19,14.11,14.21,14.21,3800,0.0,1.0
2008-07-30,14.89,15.04,14.0,14.2,14.2,13400,0.0,1.0
2008-07-31,13.97,14.26,13.53,14.0,14.0,9800,0.0,1.0
2008-08-01,14.14,14.25,13.79,14.1,14.1,15900,0.0,1.0
2008-08-04,14.1,14.2,14.0,14.18,14.18,1900,0.0,1.0
2008-08-05,14.08,14.22,14.08,14.2,14.2,1100,0.0,1.0
2008-08-06,14.2,14.25,13.95,13.95,13.95,2800,0.0,1.0
2008-08-07,14.15,14.15,13.56,13.88,13.88,4700,0.0,1.0
2008-08-08,13.975,14.37,13.975,13.976,13.976,1800,0.0,1.0
2008-08-11,13.896,13.896,13.88,13.88,13.88,200,0.0,1.0
2008-08-12,13.88,13.88,13.88,13.88,13.88,0,0.0,1.0
2008-08-13,13.95,14.0,13.95,14.0,14.0,600,0.0,1.0
2008-08-14,14.14,14.35,14.0101,14.35,14.35,2600,0.0,1.0
2008-08-15,14.3,14.4,14.25,14.4,14.4,700,0.0,1.0
2008-08-18,14.55,14.55,13.8,14.24,14.24,20500,0.0,1.0
2008-08-19,14.25,14.25,13.5,13.6,13.6,2900,0.0,1.0
2008-08-20,13.6,13.6,13.6,13.6,13.6,0,0.0,1.0
2008-08-21,13.704,14.47,13.696,14.47,14.47,400,0.0,1.0
2008-08-22,14.01,14.01,13.6,13.75,13.75,2900,0.0,1.0
2008-08-25,13.76,13.76,13.76,13.76,13.76,400,0.0,1.0
2008-08-26,13.51,13.86,13.5,13.5,13.5,7800,0.0,1.0
2008-08-27,13.5,13.5,13.5,13.5,13.5,100,0.0,1.0
2008-08-28,13.5,13.5,13.5,13.5,13.5,5400,0.0,1.0
2008-08-29,14.4799,14.4799,14.47,14.47,14.47,400,0.0,1.0
2008-09-02,13.99,14.24,13.5,14.24,14.24,5400,0.0,1.0
2008-09-03,14.0,14.21,14.0,14.21,14.21,6000,0.0,1.0
2008-09-04,14.25,14.5,14.21,14.25,14.25,18500,0.0,1.0
2008-09-05,14.07,14.07,14.01,14.01,14.01,300,0.0,1.0
2008-09-08,14.01,14.4,13.91,14.33,14.33,2000,0.0,1.0
2008-09-09,14.22,14.44,13.71,13.71,13.71,700,0.0,1.0
2008-09-10,13.85,14.17,13.85,14.1,14.1,4100,0.0,1.0
2008-09-11,13.55,13.82,13.51,13.51,13.51,6200,0.0,1.0
2008-09-12,13.47,13.59,13.47,13.51,13.51,31100,0.0,1.0
2008-09-15,13.95,13.95,13.54,13.54,13.54,300,0.0,1.0
2008-09-16,13.55,13.73,13.06,13.69,13.69,30000,0.0,1.0
2008-09-17,13.52,13.66,13.5,13.51,13.51,18600,0.0,1.0
2008-09-18,13.67,14.7,13.5,14.7,14.7,7800,0.0,1.0
2008-09-19,14.75,14.75,13.5,13.5,13.5,10300,0.0,1.0
2008-09-22,13.77,14.702,13.5,13.63,13.63,2200,0.0,1.0
2008-09-23,13.51,13.53,13.5,13.5,13.5,2400,0.0,1.0
2008-09-24,14.0,14.0,13.99,13.99,13.99,30200,0.0,1.0
2008-09-25,14.55,14.55,14.21,14.22,14.22,700,0.0,1.0
2008-09-26,14.22,14.22,14.22,14.22,14.22,0,0.0,1.0
2008-09-29,14.04,14.09,13.8,13.8,13.8,60400,0.0,1.0
2008-09-30,13.75,13.75,13.5,13.65,13.65,13400,0.0,1.0
2008-10-01,13.7,13.7,13.65,13.65,13.65,900,0.0,1.0
2008-10-02,13.6,13.64,13.6,13.64,13.64,900,0.0,1.0
2008-10-03,13.63,13.64,13.5,13.52,13.52,9800,0.0,1.0
2008-10-06,13.59,14.08,13.01,13.15,13.15,26500,0.0,1.0
2008-10-07,13.01,13.01,12.51,12.51,12.51,32100,0.0,1.0
2008-10-08,12.5,12.5,11.5,11.5,11.5,21100,0.0,1.0
2008-10-09,11.57,11.77,11.05,11.05,11.05,6700,0.0,1.0
2008-10-10,11.1,11.5,10.5,10.75,10.75,88800,0.0,1.0
2008-10-13,11.22,12.46,10.98,12.08,12.08,1900,0.0,1.0
2008-10-14,11.89,12.47,11.84,12.07,12.07,700,0.0,1.0
2008-10-15,12.25,12.29,12.02,12.02,12.02,400,0.0,1.0
2008-10-16,11.83,11.83,10.55,10.55,10.55,18000,0.0,1.0
2008-10-17,10.95,11.19,10.32,10.32,10.32,17000,0.0,1.0
2008-10-20,10.5,10.61,10.5,10.51,10.51,6800,0.0,1.0
2008-10-21,10.5,10.86,10.32,10.86,10.86,26200,0.0,1.0
2008-10-22,10.75,10.86,10.3,10.34,10.34,20300,0.0,1.0
2008-10-23,10.77,10.84,10.3,10.3,10.3,77200,0.0,1.0
2008-10-24,9.97,10.63,9.88,9.88,9.88,1500,0.0,1.0
2008-10-27,9.87,10.42,9.81,9.95,9.95,11000,0.0,1.0
2008-10-28,9.82,10.57,9.8,9.81,9.81,14300,0.0,1.0
2008-10-29,9.85,10.05,9.84,10.0,10.0,16300,0.0,1.0
2008-10-30,10.1,10.54,10.05,10.52,10.52,3200,0.0,1.0
2008-10-31,10.1,10.212,10.05,10.18,10.18,1100,0.0,1.0
2008-11-03,10.52,10.52,10.1,10.428,10.428,900,0.0,1.0
2008-11-04,10.44,11.1,10.11,11.04,11.04,3700,0.0,1.0
2008-11-05,11.17,11.77,11.17,11.77,11.77,4800,0.0,1.0
2008-11-06,11.78,12.09,11.78,11.84,11.84,1000,0.0,1.0
2008-11-07,12.0,12.29,11.35,12.29,12.29,22600,0.0,1.0
2008-11-10,12.4,12.5,12.4,12.5,12.5,10400,0.0,1.0
2008-11-11,12.25,12.26,11.14,11.9,11.9,42900,0.0,1.0
2008-11-12,11.75,12.45,11.73,11.8,11.8,2200,0.0,1.0
2008-11-13,11.8,13.63,11.8,13.0,13.0,20200,0.0,1.0
2008-11-14,12.53,13.24,12.53,13.17,13.17,1700,0.0,1.0
2008-11-17,12.5375,13.0,12.13,12.99,12.99,12100,0.0,1.0
2008-11-18,12.17,13.0,12.17,12.99,12.99,3000,0.0,1.0
2008-11-19,12.94,13.0,11.5,12.16,12.16,7800,0.0,1.0
2008-11-20,11.3,11.9999,10.5,10.64,10.64,6000,0.0,1.0
2008-11-21,10.5,11.97,10.5,10.5,10.5,9100,0.0,1.0
2008-11-24,10.65,12.6,10.65,11.88,11.88,6900,0.0,1.0
2008-11-25,12.47,12.5,10.5,10.5,10.5,15200,0.0,1.0
2008-11-26,10.55,10.85,10.55,10.56,10.56,1900,0.0,1.0
2008-11-28,10.562,10.562,10.562,10.562,10.562,500,0.0,1.0
2008-12-01,10.67,10.68,10.5,10.5,10.5,10800,0.0,1.0
2008-12-02,10.5,10.62,10.5,10.563,10.563,6100,0.0,1.0
2008-12-03,10.5,10.68,10.21,10.5,10.5,4300,0.0,1.0
2008-12-04,10.2,10.5899,10.2,10.5,10.5,47000,0.0,1.0
2008-12-05,10.26,10.26,10.0,10.0,10.0,1700,0.0,1.0
2008-12-08,10.02,10.02,9.0,9.426,9.426,1800,0.0,1.0
2008-12-09,9.24,9.24,9.2,9.2,9.2,3100,0.0,1.0
2008-12-10,9.18,9.41,8.5,9.2,9.2,9000,0.0,1.0
2008-12-11,9.2,9.2,8.7,9.0,9.0,4600,0.0,1.0
2008-12-12,8.7,9.04,8.4,9.0,9.0,2800,0.0,1.0
2008-12-15,9.3,9.79,9.27,9.51,9.51,5300,0.0,1.0
2008-12-16,9.79,9.9,9.79,9.9,9.9,2000,0.0,1.0
2008-12-17,9.948,9.948,9.948,9.948,9.948,200,0.0,1.0
2008-12-18,9.81,9.89,9.81,9.89,9.89,300,0.0,1.0
2008-12-19,9.92,10.04,9.8001,9.82,9.82,1800,0.0,1.0
2008-12-22,9.8,9.8,9.8,9.8,9.8,100,0.0,1.0
2008-12-23,9.56,9.7501,9.56,9.5901,9.5901,6000,0.0,1.0
2008-12-24,9.83,10.02,9.6,10.01,10.01,8100,0.0,1.0
2008-12-26,9.97,10.34,9.5901,10.34,10.34,1600,0.0,1.0
2008-12-29,9.66,10.34,9.66,10.0,10.0,2500,0.0,1.0
2008-12-30,10.2899,10.34,10.1,10.1,10.1,8100,0.0,1.0
2008-12-31,10.34,11.6,10.34,11.6,11.6,11500,0.0,1.0
2009-01-02,11.6,11.6,11.6,11.6,11.6,0,0.0,1.0
2009-01-05,11.72,13.99,11.71,13.0,13.0,7600,0.0,1.0
2009-01-06,12.77,13.01,12.76,13.0,13.0,10600,0.0,1.0
2009-01-07,12.76,12.95,12.76,12.76,12.76,600,0.0,1.0
2009-01-08,12.75,12.76,12.01,12.01,12.01,1300,0.0,1.0
2009-01-09,12.01,12.01,12.01,12.01,12.01,0,0.0,1.0
2009-01-12,11.76,11.76,11.7501,11.7501,11.7501,300,0.0,1.0
2009-01-13,11.75,11.75,10.8,11.185,11.185,2200,0.0,1.0
2009-01-14,11.88,11.91,11.88,11.91,11.91,300,0.0,1.0
2009-01-15,11.97,11.99,11.96,11.99,11.99,4000,0.0,1.0
2009-01-16,11.99,11.99,11.99,11.99,11.99,0,0.0,1.0
2009-01-20,11.99,12.0,11.97,12.0,12.0,1700,0.0,1.0
2009-01-21,11.75,11.75,11.75,11.75,11.75,100,0.0,1.0
2009-01-22,11.5,11.5,11.0,11.06,11.06,6400,0.0,1.0
2009-01-23,11.1,11.1,10.43,10.47,10.47,2000,0.0,1.0
2009-01-26,10.27,10.46,10.27,10.46,10.46,500,0.0,1.0
2009-01-27,10.58,10.58,10.51,10.51,10.51,200,0.0,1.0
2009-01-28,10.61,10.61,10.61,10.61,10.61,100,0.0,1.0
2009-01-29,10.925,11.41,10.925,11.41,11.41,3000,0.0,1.0
2009-01-30,11.41,11.41,11.41,11.41,11.41,10,0.0,1.0
2009-02-02,11.41,11.41,11.41,11.41,11.41,0,0.0,1.0
2009-02-03,11.43,12.0,11.4,11.97,11.97,5500,0.0,1.0
2009-02-04,10.78,11.41,10.78,11.41,11.41,400,0.0,1.0
2009-02-05,10.27,11.25,10.27,11.25,11.25,400,0.0,1.0
2009-02-06,11.25,11.25,11.25,11.25,11.25,0,0.0,1.0
2009-02-09,10.5,10.8,10.25,10.25,10.25,15700,0.0,1.0
2009-02-10,10.25,10.89,9.86,10.26,10.26,46000,0.0,1.0
2009-02-11,9.9,9.93,9.6,9.86,9.86,3300,0.0,1.0
2009-02-12,9.87,9.87,9.5,9.5,9.5,900,0.0,1.0
2009-02-13,9.56,10.02,9.35,10.0,10.0,153400,0.0,1.0
2009-02-17,10.0,10.0,10.0,10.0,10.0,0,0.0,1.0
2009-02-18,9.76,10.0,9.76,10.0,10.0,200,0.0,1.0
2009-02-19,10.0,10.0,9.99,9.99,9.99,500,0.0,1.0
2009-02-20,9.82,9.83,9.75,9.75,9.75,2200,0.0,1.0
2009-02-23,9.75,9.75,9.75,9.75,9.75,1300,0.0,1.0
2009-02-24,9.75,9.75,9.75,9.75,9.75,2000,0.0,1.0
2009-02-25,9.79,9.79,9.75,9.75,9.75,400,0.0,1.0
2009-02-26,9.71,9.85,9.71,9.85,9.85,400,0.0,1.0
2009-02-27,9.75,9.99,9.7,9.99,9.99,29700,0.0,1.0
2009-03-02,9.55,9.55,9.25,9.29,9.29,9100,0.0,1.0
2009-03-03,9.39,9.46,9.25,9.37,9.37,3000,0.0,1.0
2009-03-04,9.39,9.54,9.25,9.25,9.25,13100,0.0,1.0
2009-03-05,9.5,9.5,9.5,9.5,9.5,1100,0.0,1.0
2009-03-06,9.77,9.79,8.84,8.84,8.84,2000,0.0,1.0
2009-03-09,8.7576,8.7576,8.73,8.73,8.73,300,0.0,1.0
2009-03-10,9.0,9.06,8.5,8.51,8.51,5000,0.0,1.0
2009-03-11,8.51,8.51,8.51,8.51,8.51,0,0.0,1.0
2009-03-12,8.48,8.48,8.22,8.22,8.22,400,0.0,1.0
2009-03-13,8.22,8.22,8.22,8.22,8.22,0,0.0,1.0
2009-03-16,8.22,8.22,8.22,8.22,8.22,36,0.0,1.0
2009-03-17,8.0,8.0,7.5,7.5,7.5,2100,0.0,1.0
2009-03-18,7.48,8.13,7.15,7.33,7.33,1900,0.0,1.0
2009-03-19,7.04,7.37,7.04,7.2,7.2,3700,0.0,1.0
2009-03-20,7.01,7.01,6.51,6.9,6.9,800,0.0,1.0
2009-03-23,7.125,7.25,7.03,7.1,7.1,1800,0.0,1.0
2009-03-24,7.1,7.1,7.1,7.1,7.1,0,0.0,1.0
2009-03-25,6.9999,7.43,6.9999,7.33,7.33,1900,0.0,1.0
2009-03-26,6.75,7.0,6.75,7.0,7.0,2800,0.0,1.0
2009-03-27,7.0,7.0,7.0,7.0,7.0,0,0.0,1.0
2009-03-30,7.1,7.47,7.1,7.46,7.46,1500,0.0,1.0
2009-03-31,7.73,7.73,7.0,7.46,7.46,6200,0.0,1.0
2009-04-01,7.44,7.55,7.0,7.05,7.05,2800,0.0,1.0
2009-04-02,7.31,8.46,7.31,8.46,8.46,1100,0.0,1.0
2009-04-03,7.64,8.49,7.5,8.4,8.4,8500,0.0,1.0
2009-04-06,8.49,9.2,8.49,9.14,9.14,10700,0.0,1.0
2009-04-07,9.14,9.14,9.14,9.14,9.14,0,0.0,1.0
2009-04-08,9.2,10.0,9.03,10.0,10.0,8400,0.0,1.0
2009-04-09,10.0,10.1,9.42,10.1,10.1,5300,0.0,1.0
2009-04-13,10.0,10.1,9.66,9.705,9.705,14300,0.0,1.0
2009-04-14,10.0,10.0,9.95,9.975,9.975,5700,0.0,1.0
2009-04-15,9.76,10.04,9.75,10.0,10.0,49500,0.0,1.0
2009-04-16,10.23,10.44,9.8,10.2,10.2,5300,0.0,1.0
2009-04-17,10.1,10.49,10.01,10.395,10.395,4100,0.0,1.0
2009-04-20,10.43,10.49,9.9,9.9,9.9,14500,0.0,1.0
2009-04-21,9.76,9.76,9.04,9.25,9.25,3700,0.0,1.0
2009-04-22,9.15,9.57,9.15,9.53,9.53,500,0.0,1.0
2009-04-23,9.5,9.5,9.3001,9.3263,9.3263,900,0.0,1.0
2009-04-24,9.3,9.4894,9.3,9.4894,9.4894,600,0.0,1.0
2009-04-27,9.54,9.54,9.31,9.54,9.54,900,0.0,1.0
2009-04-28,9.45,9.5,9.45,9.47,9.47,800,0.0,1.0
2009-04-29,9.47,9.47,9.47,9.47,9.47,0,0.0,1.0
2009-04-30,9.47,9.47,9.47,9.47,9.47,0,0.0,1.0
2009-05-01,9.5,10.0,9.49,9.85,9.85,5400,0.0,1.0
2009-05-04,9.85,9.85,9.85,9.85,9.85,0,0.0,1.0
2009-05-05,10.0,10.218,10.0,10.218,10.218,1700,0.0,1.0
2009-05-06,10.19,10.2,10.0,10.0,10.0,2300,0.0,1.0
2009-05-07,9.87,9.87,9.145,9.7499,9.7499,2100,0.0,1.0
2009-05-08,9.06,10.15,8.75,9.75,9.75,14000,0.0,1.0
2009-05-11,9.95,10.15,8.75,9.06,9.06,7700,0.0,1.0
2009-05-12,10.15,10.15,8.8,8.8,8.8,1800,0.0,1.0
2009-05-13,8.85,9.5,8.85,9.23,9.23,3300,0.0,1.0
2009-05-14,9.06,9.27,9.01,9.27,9.27,1200,0.0,1.0
2009-05-15,9.4,9.44,9.05,9.39,9.39,2300,0.0,1.0
2009-05-18,9.25,9.25,9.13,9.25,9.25,2000,0.0,1.0
2009-05-19,9.25,9.45,9.17,9.25,9.25,4200,0.0,1.0
2009-05-20,9.41,9.43,9.21,9.3,9.3,5900,0.0,1.0
2009-05-21,9.3,9.3,9.3,9.3,9.3,1000,0.0,1.0
2009-05-22,9.01,9.26,9.01,9.18,9.18,2400,0.0,1.0
2009-05-26,9.0,9.36,9.0,9.33,9.33,9300,0.0,1.0
2009-05-27,9.0,9.49,9.0,9.0,9.0,39300,0.0,1.0
2009-05-28,9.5,9.5,9.0,9.0,9.0,1200,0.0,1.0
2009-05-29,9.0,9.5,9.0,9.5,9.5,700,0.0,1.0
2009-06-01,9.48,9.5,9.155,9.33,9.33,1100,0.0,1.0
2009-06-02,9.99,10.0,9.96,9.99,9.99,700,0.0,1.0
2009-06-03,9.97,10.175,9.11,10.0,10.0,11900,0.0,1.0
2009-06-04,9.99,10.25,9.35,10.0,10.0,2500,0.0,1.0
2009-06-05,9.01,10.2,9.01,10.2,10.2,2400,0.0,1.0
2009-06-08,10.0,10.2,9.75,10.2,10.2,2500,0.0,1.0
2009-06-09,10.2,10.32,9.48,10.32,10.32,17200,0.0,1.0
2009-06-10,10.32,10.32,10.18,10.25,10.25,1100,0.0,1.0
2009-06-11,10.25,10.25,10.23,10.23,10.23,2400,0.0,1.0
2009-06-12,10.29,10.29,10.0488,10.22,10.22,2500,0.0,1.0
2009-06-15,10.2,10.2,10.0,10.0,10.0,1200,0.0,1.0
2009-06-16,10.0,10.02,10.0,10.0,10.0,5800,0.0,1.0
2009-06-17,10.0,10.25,9.95,10.25,10.25,3000,0.0,1.0
2009-06-18,10.24,10.24,10.0,10.0,10.0,800,0.0,1.0
2009-06-19,10.19,10.25,10.19,10.25,10.25,1200,0.0,1.0
2009-06-22,10.2,10.49,10.0,10.49,10.49,4300,0.0,1.0
2009-06-23,10.34,10.35,10.16,10.35,10.35,2900,0.0,1.0
2009-06-24,10.12,10.28,10.0,10.23,10.23,5300,0.0,1.0
2009-06-25,10.3,10.37,10.0,10.011,10.011,5700,0.0,1.0
2009-06-26,10.24,10.54,10.0,10.46,10.46,302500,0.0,1.0
2009-06-29,10.2,11.2,10.155,11.2,11.2,25400,0.0,1.0
2009-06-30,11.03,12.99,10.99,12.15,12.15,18700,0.0,1.0
2009-07-01,12.22,12.97,11.75,11.8,11.8,9500,0.0,1.0
2009-07-02,12.14,12.14,11.54,11.54,11.54,2900,0.0,1.0
2009-07-06,11.5,12.21,11.27,12.02,12.02,4000,0.0,1.0
2009-07-07,12.01,12.98,11.98,12.51,12.51,5800,0.0,1.0
2009-07-08,12.78,12.86,12.34,12.34,12.34,2500,0.0,1.0
2009-07-09,12.65,12.67,12.0501,12.09,12.09,4600,0.0,1.0
2009-07-10,12.29,12.5,12.1,12.5,12.5,7000,0.0,1.0
2009-07-13,12.26,12.89,12.26,12.57,12.57,5000,0.0,1.0
2009-07-14,12.99,13.0,12.58,13.0,13.0,2700,0.0,1.0
2009-07-15,12.97,13.1,12.945,13.1,13.1,11100,0.0,1.0
2009-07-16,13.03,13.09,12.438,13.06,13.06,5700,0.0,1.0
2009-07-17,13.06,13.06,12.08,12.25,12.25,4600,0.0,1.0
2009-07-20,12.17,12.54,12.17,12.54,12.54,1600,0.0,1.0
2009-07-21,12.89,13.0,12.72,12.73,12.73,800,0.0,1.0
2009-07-22,12.8,12.85,12.67,12.85,12.85,1400,0.0,1.0
2009-07-23,12.21,13.8,12.21,13.18,13.18,21400,0.0,1.0
2009-07-24,13.02,13.5,12.63,13.37,13.37,10500,0.0,1.0
2009-07-27,13.3,13.45,12.8,12.99,12.99,13100,0.0,1.0
2009-07-28,13.21,13.6,13.04,13.57,13.57,24500,0.0,1.0
2009-07-29,13.53,13.54,12.71,13.24,13.24,24400,0.0,1.0
2009-07-30,13.1,13.1,12.28,12.7,12.7,14500,0.0,1.0
2009-07-31,12.12,12.21,11.55,12.18,12.18,36300,0.0,1.0
2009-08-03,12.21,12.46,11.61,11.99,11.99,5900,0.0,1.0
2009-08-04,11.51,12.43,11.41,11.74,11.74,17700,0.0,1.0
2009-08-05,11.75,12.0,11.75,11.87,11.87,48200,0.0,1.0
2009-08-06,11.71,11.71,11.25,11.35,11.35,17700,0.0,1.0
2009-08-07,11.58,12.17,10.93,12.11,12.11,25200,0.0,1.0
2009-08-10,11.84,12.0,11.52,11.6,11.6,5500,0.0,1.0
2009-08-11,11.68,11.68,11.2,11.2,11.2,1600,0.0,1.0
2009-08-12,11.91,11.99,11.26,11.62,11.62,2000,0.0,1.0
2009-08-13,11.68,12.3,11.58,12.17,12.17,12800,0.0,1.0
2009-08-14,12.23,12.4599,11.92,12.11,12.11,5800,0.0,1.0
2009-08-17,11.72,12.29,11.5,11.87,11.87,9800,0.0,1.0
2009-08-18,11.91,12.14,11.87,12.07,12.07,4000,0.0,1.0
2009-08-19,12.92,12.92,11.9,12.29,12.29,1700,0.0,1.0
2009-08-20,12.24,12.5,11.9,12.48,12.48,6600,0.0,1.0
2009-08-21,12.59,13.19,12.1,12.51,12.51,7300,0.0,1.0
2009-08-24,12.0,12.25,11.685,12.0,12.0,6300,0.0,1.0
2009-08-25,12.4,12.4,11.91,12.17,12.17,27100,0.0,1.0
2009-08-26,12.03,12.24,12.0,12.16,12.16,7400,0.0,1.0
2009-08-27,12.0,12.14,11.91,12.14,12.14,1900,0.0,1.0
2009-08-28,12.15,12.7,11.94,12.0,12.0,10500,0.0,1.0
2009-08-31,12.05,12.68,12.02,12.34,12.34,16100,0.0,1.0
2009-09-01,13.09,13.09,12.0,12.0,12.0,6600,0.0,1.0
2009-09-02,12.06,12.95,12.06,12.81,12.81,2900,0.0,1.0
2009-09-03,12.01,12.01,12.01,12.01,12.01,200,0.0,1.0
2009-09-04,12.315,12.52,12.06,12.52,12.52,1400,0.0,1.0
2009-09-08,13.16,13.16,13.16,13.16,13.16,200,0.0,1.0
2009-09-09,13.05,13.05,13.04,13.04,13.04,500,0.0,1.0
2009-09-10,12.35,12.8,12.35,12.8,12.8,1100,0.0,1.0
2009-09-11,12.35,12.74,12.35,12.58,12.58,500,0.0,1.0
2009-09-14,12.9,13.25,12.89,13.25,13.25,3100,0.0,1.0
2009-09-15,12.31,13.34,12.31,13.34,13.34,300,0.0,1.0
2009-09-16,13.34,13.34,13.1,13.1,13.1,600,0.0,1.0
2009-09-17,13.23,13.23,13.23,13.23,13.23,200,0.0,1.0
2009-09-18,13.16,13.45,12.5,13.13,13.13,8300,0.0,1.0
2009-09-21,13.13,13.13,13.13,13.13,13.13,2,0.0,1.0
2009-09-22,13.27,13.27,12.31,12.56,12.56,11600,0.0,1.0
2009-09-23,12.5,13.17,12.5,13.17,13.17,4500,0.0,1.0
2009-09-24,12.74,12.95,12.4501,12.8,12.8,24800,0.0,1.0
2009-09-25,12.77,12.96,12.5,12.69,12.69,12500,0.0,1.0
2009-09-28,12.55,12.85,12.5,12.6,12.6,5500,0.0,1.0
2009-09-29,12.5,13.5,12.5,12.89,12.89,9100,0.0,1.0
2009-09-30,12.92,13.19,12.75,12.75,12.75,2600,0.0,1.0
2009-10-01,12.58,12.926,12.5,12.5,12.5,10900,0.0,1.0
2009-10-02,12.54,12.91,12.45,12.45,12.45,9300,0.0,1.0
2009-10-05,12.43,13.04,12.43,12.62,12.62,10700,0.0,1.0
2009-10-06,12.6,12.67,12.53,12.67,12.67,4200,0.0,1.0
2009-10-07,12.51,12.67,12.51,12.56,12.56,1600,0.0,1.0
2009-10-08,12.69,12.74,12.51,12.56,12.56,7600,0.0,1.0
2009-10-09,12.59,12.65,12.5,12.56,12.56,2600,0.0,1.0
2009-10-12,12.52,12.77,12.5,12.5,12.5,13800,0.0,1.0
2009-10-13,12.57,12.73,12.52,12.73,12.73,800,0.0,1.0
2009-10-14,12.78,12.88,12.54,12.69,12.69,1800,0.0,1.0
2009-10-15,12.54,12.78,12.5,12.61,12.61,6400,0.0,1.0
2009-10-16,12.65,12.87,12.5,12.5,12.5,13500,0.0,1.0
2009-10-19,12.71,12.86,12.61,12.66,12.66,9000,0.0,1.0
2009-10-20,12.62,12.74,12.5,12.5,12.5,2100,0.0,1.0
2009-10-21,12.57,12.64,12.46,12.54,12.54,6900,0.0,1.0
2009-10-22,12.64,12.64,12.5,12.58,12.58,4300,0.0,1.0
2009-10-23,12.5,12.58,12.27,12.5,12.5,27300,0.0,1.0
2009-10-26,12.5,12.58,12.28,12.43,12.43,3300,0.0,1.0
2009-10-27,12.5,12.5,12.28,12.4,12.4,17900,0.0,1.0
2009-10-28,12.29,12.56,12.2626,12.45,12.45,5300,0.0,1.0
2009-10-29,12.34,12.58,12.19,12.58,12.58,18400,0.0,1.0
2009-10-30,12.5,12.58,12.35,12.5,12.5,13300,0.0,1.0
2009-11-02,12.49,12.55,12.4,12.5,12.5,10000,0.0,1.0
2009-11-03,12.51,12.61,12.4,12.56,12.56,11400,0.0,1.0
2009-11-04,12.41,12.57,12.41,12.45,12.45,8200,0.0,1.0
2009-11-05,12.43,12.59,12.43,12.59,12.59,3100,0.0,1.0
2009-11-06,12.4,12.67,12.4,12.63,12.63,1900,0.0,1.0
2009-11-09,12.47,12.63,12.4,12.63,12.63,13400,0.0,1.0
2009-11-10,12.49,12.51,11.05,11.34,11.34,33900,0.0,1.0
2009-11-11,11.38,11.95,11.34,11.44,11.44,2100,0.0,1.0
2009-11-12,11.01,11.01,10.3201,10.4,10.4,5000,0.0,1.0
2009-11-13,10.4,10.77,9.81,9.88,9.88,2800,0.0,1.0
2009-11-16,10.13,10.2,9.51,10.18,10.18,19600,0.0,1.0
2009-11-17,9.79,11.3,9.79,11.23,11.23,13100,0.0,1.0
2009-11-18,11.17,11.31,10.27,10.98,10.98,18000,0.0,1.0
2009-11-19,11.38,11.88,10.66,10.91,10.91,10800,0.0,1.0
2009-11-20,10.79,11.18,10.27,10.34,10.34,12200,0.0,1.0
2009-11-23,10.56,11.12,10.56,11.12,11.12,900,0.0,1.0
2009-11-24,11.19,11.225,10.8,11.01,11.01,3600,0.0,1.0
2009-11-25,10.6,11.08,10.56,10.69,10.69,1500,0.0,1.0
2009-11-27,10.75,11.0,10.235,10.7,10.7,1500,0.0,1.0
2009-11-30,10.75,10.75,10.1901,10.35,10.35,3900,0.0,1.0
2009-12-01,10.57,11.51,10.57,11.06,11.06,9100,0.0,1.0
2009-12-02,11.58,11.58,11.04,11.27,11.27,3000,0.0,1.0
2009-12-03,11.0,11.29,10.9,11.05,11.05,9600,0.0,1.0
2009-12-04,11.11,11.27,11.1,11.27,11.27,2200,0.0,1.0
2009-12-07,11.31,11.35,10.76,10.95,10.95,10500,0.0,1.0
2009-12-08,10.76,11.45,10.76,11.09,11.09,2300,0.0,1.0
2009-12-09,11.452,11.452,10.99,11.14,11.14,2500,0.0,1.0
2009-12-10,11.15,11.41,11.15,11.3,11.3,3200,0.0,1.0
2009-12-11,11.21,11.21,10.84,11.03,11.03,6500,0.0,1.0
2009-12-14,11.0499,11.34,10.99,11.21,11.21,8300,0.0,1.0
2009-12-15,11.13,11.49,10.57,10.71,10.71,13900,0.0,1.0
2009-12-16,11.0,11.0,9.86,10.67,10.67,13800,0.0,1.0
2009-12-17,10.88,11.0,10.31,10.78,10.78,5000,0.0,1.0
2009-12-18,11.0,11.16,10.11,11.0,11.0,25200,0.0,1.0
2009-12-21,11.0,11.28,10.77,11.0,11.0,26300,0.0,1.0
2009-12-22,11.05,11.05,10.7,10.7,10.7,4000,0.0,1.0
2009-12-23,10.99,11.0,10.7,10.76,10.76,13400,0.0,1.0
2009-12-24,10.88,10.88,10.3,10.86,10.86,2400,0.0,1.0
2009-12-28,10.8,10.88,10.31,10.73,10.73,2000,0.0,1.0
2009-12-29,10.36,10.89,10.27,10.89,10.89,3800,0.0,1.0
2009-12-30,10.95,10.95,10.505,10.89,10.89,4800,0.0,1.0
2009-12-31,10.8,10.8,10.4,10.46,10.46,1500,0.0,1.0
2010-01-04,10.71,11.2,10.71,11.2,11.2,10700,0.0,1.0
2010-01-05,11.2,11.2,11.0,11.0,11.0,1300,0.0,1.0
2010-01-06,11.0,11.1,10.97,11.01,11.01,6300,0.0,1.0
2010-01-07,11.06,11.2,10.99,11.09,11.09,2200,0.0,1.0
2010-01-08,11.06,11.09,10.96,11.09,11.09,800,0.0,1.0
2010-01-11,11.18,11.2,10.76,10.87,10.87,12800,0.0,1.0
2010-01-12,10.91,11.13,10.91,11.01,11.01,3700,0.0,1.0
2010-01-13,11.12,11.19,10.91,11.03,11.03,8200,0.0,1.0
2010-01-14,11.18,11.2,11.06,11.19,11.19,22500,0.0,1.0
2010-01-15,11.2,11.2,11.02,11.03,11.03,15800,0.0,1.0
2010-01-19,11.07,11.2,11.02,11.15,11.15,17700,0.0,1.0
2010-01-20,11.19,11.19,11.05,11.16,11.16,1800,0.0,1.0
2010-01-21,11.07,11.18,10.99,10.99,10.99,9600,0.0,1.0
2010-01-22,10.87,11.02,10.72,10.82,10.82,6300,0.0,1.0
2010-01-25,10.77,11.04,10.63,10.72,10.72,7400,0.0,1.0
2010-01-26,10.77,11.19,10.68,10.71,10.71,2400,0.0,1.0
2010-01-27,11.05,11.05,10.94,10.94,10.94,800,0.0,1.0
2010-01-28,10.94,11.18,10.91,10.91,10.91,2200,0.0,1.0
2010-01-29,11.18,11.25,10.77,10.9,10.9,14600,0.0,1.0
2010-02-01,11.1999,12.39,10.81,11.0,11.0,4900,0.0,1.0
2010-02-02,10.83,10.83,10.5,10.72,10.72,14500,0.0,1.0
2010-02-03,10.72,10.72,10.22,10.27,10.27,2500,0.0,1.0
2010-02-04,10.29,10.46,9.95,9.95,9.95,3900,0.0,1.0
2010-02-05,10.09,10.2,9.97,10.09,10.09,2900,0.0,1.0
2010-02-08,10.55,10.55,10.36,10.36,10.36,1000,0.0,1.0
2010-02-09,9.95,10.08,9.95,10.08,10.08,1400,0.0,1.0
2010-02-10,10.02,10.02,9.67,9.72,9.72,6000,0.0,1.0
2010-02-11,9.67,9.67,9.0,9.29,9.29,3600,0.0,1.0
2010-02-12,9.06,9.16,8.4,8.56,8.56,6400,0.0,1.0
2010-02-16,8.63,9.25,8.56,8.66,8.66,4000,0.0,1.0
2010-02-17,8.88,8.89,8.33,8.6,8.6,3200,0.0,1.0
2010-02-18,8.56,8.605,8.49,8.55,8.55,34100,0.0,1.0
2010-02-19,8.53,9.8,8.19,8.4,8.4,9100,0.0,1.0
2010-02-22,8.85,8.85,8.42,8.53,8.53,14300,0.0,1.0
2010-02-23,9.3,9.8,8.5,8.7,8.7,8800,0.0,1.0
2010-02-24,8.6,8.8,8.55,8.75,8.75,900,0.0,1.0
2010-02-25,8.56,9.16,8.31,8.31,8.31,6100,0.0,1.0
2010-02-26,9.0,9.0,8.24,8.49,8.49,7400,0.0,1.0
2010-03-01,8.52,8.93,8.5,8.7,8.7,18700,0.0,1.0
2010-03-02,8.51,8.85,8.5,8.64,8.64,2800,0.0,1.0
2010-03-03,8.68,9.2381,8.38,8.71,8.71,8500,0.0,1.0
2010-03-04,8.75,8.78,8.39,8.55,8.55,198000,0.0,1.0
2010-03-05,8.61,9.51,8.5,9.51,9.51,54900,0.0,1.0
2010-03-08,9.0475,9.52,9.0305,9.52,9.52,1100,0.0,1.0
2010-03-09,9.4,9.54,9.22,9.54,9.54,13400,0.0,1.0
2010-03-10,9.25,9.47,9.0,9.06,9.06,64100,0.0,1.0
2010-03-11,9.04,9.06,9.0,9.06,9.06,2700,0.0,1.0
2010-03-12,9.55,9.59,9.04,9.08,9.08,3300,0.0,1.0
2010-03-15,9.03,9.6,9.0,9.6,9.6,10100,0.0,1.0
2010-03-16,9.2,9.71,9.2,9.71,9.71,6100,0.0,1.0
2010-03-17,9.63,9.63,9.3,9.33,9.33,3500,0.0,1.0
2010-03-18,9.25,9.6,9.22,9.45,9.45,7500,0.0,1.0
2010-03-19,9.48,9.48,9.25,9.3,9.3,16200,0.0,1.0
2010-03-22,9.25,9.32,9.25,9.32,9.32,2800,0.0,1.0
2010-03-23,9.22,9.5,9.15,9.25,9.25,35800,0.0,1.0
2010-03-24,9.25,9.28,9.06,9.23,9.23,63700,0.0,1.0
2010-03-25,9.25,9.84,9.25,9.5,9.5,15200,0.0,1.0
2010-03-26,9.46,9.54,9.4,9.51,9.51,2000,0.0,1.0
2010-03-29,9.55,9.96,9.55,9.87,9.87,3000,0.0,1.0
2010-03-30,9.935,10.26,9.92,10.26,10.26,4300,0.0,1.0
2010-03-31,9.9999,11.93,9.9999,11.3,11.3,28900,0.0,1.0
2010-04-01,11.4,12.05,11.285,11.45,11.45,22500,0.0,1.0
2010-04-05,11.5,11.5,10.74,10.99,10.99,16600,0.0,1.0
2010-04-06,10.89,10.95,10.72,10.74,10.74,14600,0.0,1.0
2010-04-07,10.94,10.94,10.47,10.53,10.53,16000,0.0,1.0
2010-04-08,10.5,10.74,10.41,10.44,10.44,7900,0.0,1.0
2010-04-09,10.44,10.44,10.0,10.14,10.14,4200,0.0,1.0
2010-04-12,10.16,10.28,10.04,10.21,10.21,11100,0.0,1.0
2010-04-13,10.14,11.1,10.07,11.1,11.1,13100,0.0,1.0
2010-04-14,11.02,11.36,10.85,11.02,11.02,9100,0.0,1.0
2010-04-15,10.88,10.91,10.79,10.79,10.79,1200,0.0,1.0
2010-04-16,10.75,10.75,10.27,10.28,10.28,7200,0.0,1.0
2010-04-19,10.3,10.91,10.1,10.59,10.59,13600,0.0,1.0
2010-04-20,10.55,10.55,10.55,10.55,10.55,500,0.0,1.0
2010-04-21,10.5,10.52,10.365,10.52,10.52,2000,0.0,1.0
2010-04-22,10.34,10.36,10.27,10.3,10.3,3200,0.0,1.0
2010-04-23,9.98,10.3,9.98,10.25,10.25,5300,0.0,1.0
2010-04-26,10.45,11.21,10.45,10.98,10.98,6400,0.0,1.0
2010-04-27,10.9,11.15,10.29,10.37,10.37,4700,0.0,1.0
2010-04-28,10.45,10.65,10.31,10.31,10.31,1800,0.0,1.0
2010-04-29,10.4999,10.77,10.3201,10.46,10.46,7400,0.0,1.0
2010-04-30,10.62,10.62,10.27,10.27,10.27,5700,0.0,1.0
2010-05-03,10.4,10.4,10.01,10.17,10.17,4500,0.0,1.0
2010-05-04,10.1,10.118,9.411,9.61,9.61,8300,0.0,1.0
2010-05-05,9.4,9.47,9.09,9.11,9.11,7900,0.0,1.0
2010-05-06,9.13,10.21,9.13,9.52,9.52,12400,0.0,1.0
2010-05-07,9.71,10.15,9.68,9.68,9.68,4100,0.0,1.0
2010-05-10,9.93,10.05,9.54,9.99,9.99,8300,0.0,1.0
2010-05-11,9.81,10.06,9.6,10.01,10.01,10700,0.0,1.0
2010-05-12,9.6,10.135,9.6,10.09,10.09,6600,0.0,1.0
2010-05-13,9.5,10.02,9.5,9.83,9.83,10900,0.0,1.0
2010-05-14,9.99,9.99,9.65,9.66,9.66,2200,0.0,1.0
2010-05-17,9.71,9.95,9.37,9.72,9.72,7500,0.0,1.0
2010-05-18,9.74,9.76,9.12,9.12,9.12,6600,0.0,1.0
2010-05-19,9.05,9.12,8.69,8.72,8.72,16600,0.0,1.0
2010-05-20,8.62,8.92,8.01,8.07,8.07,9400,0.0,1.0
2010-05-21,8.05,8.43,8.05,8.42,8.42,14500,0.0,1.0
2010-05-24,8.41,8.53,8.1,8.11,8.11,7700,0.0,1.0
2010-05-25,8.05,8.4,8.05,8.25,8.25,8500,0.0,1.0
2010-05-26,8.25,8.4,8.1,8.3,8.3,7500,0.0,1.0
2010-05-27,8.5,8.58,8.13,8.35,8.35,9400,0.0,1.0
2010-05-28,8.36,8.87,8.16,8.46,8.46,10000,0.0,1.0
2010-06-01,8.41,8.5,8.16,8.33,8.33,6000,0.0,1.0
2010-06-02,8.35,8.58,8.25,8.5,8.5,5800,0.0,1.0
2010-06-03,8.59,8.87,8.41,8.62,8.62,6100,0.0,1.0
2010-06-04,8.58,8.61,8.12,8.12,8.12,26600,0.0,1.0
2010-06-07,8.5,8.5,7.55,7.79,7.79,44500,0.0,1.0
2010-06-08,7.75,8.21,7.51,7.76,7.76,52800,0.0,1.0
2010-06-09,8.4,8.65,7.6,7.89,7.89,545900,0.0,1.0
2010-06-10,8.0,8.23,7.8901,8.22,8.22,40500,0.0,1.0
2010-06-11,8.07,8.17,7.9501,8.11,8.11,17300,0.0,1.0
2010-06-14,8.0,8.1,7.92,8.04,8.04,20000,0.0,1.0
2010-06-15,7.9,8.17,7.9,8.135,8.135,22100,0.0,1.0
2010-06-16,8.07,8.14,8.06,8.1,8.1,17900,0.0,1.0
2010-06-17,8.1,8.25,8.07,8.16,8.16,21300,0.0,1.0
2010-06-18,8.22,8.22,8.06,8.1,8.1,16500,0.0,1.0
2010-06-21,8.2,8.25,7.92,8.15,8.15,20000,0.0,1.0
2010-06-22,8.07,8.17,8.04,8.15,8.15,17000,0.0,1.0
2010-06-23,8.19,8.19,8.03,8.1,8.1,15200,0.0,1.0
2010-06-24,8.06,8.25,7.91,8.04,8.04,65200,0.0,1.0
2010-06-25,8.09,8.25,8.05,8.07,8.07,275800,0.0,1.0
2010-06-28,8.04,8.28,8.04,8.08,8.08,17400,0.0,1.0
2010-06-29,8.04,8.1,8.04,8.06,8.06,15400,0.0,1.0
2010-06-30,8.15,8.25,8.05,8.05,8.05,3900,0.0,1.0
2010-07-01,8.04,8.04,7.93,7.97,7.97,26500,0.0,1.0
2010-07-02,7.95,8.1999,7.95,8.07,8.07,3100,0.0,1.0
2010-07-06,8.25,8.25,7.96,8.04,8.04,3300,0.0,1.0
2010-07-07,7.98,8.0811,7.96,8.02,8.02,7800,0.0,1.0
2010-07-08,8.0,8.14,8.0,8.07,8.07,1100,0.0,1.0
2010-07-09,7.97,8.2,7.96,7.97,7.97,28100,0.0,1.0
2010-07-12,7.61,7.89,7.52,7.85,7.85,14600,0.0,1.0
2010-07-13,8.1501,8.26,7.63,7.85,7.85,93300,0.0,1.0
2010-07-14,7.59,7.84,7.51,7.69,7.69,16900,0.0,1.0
2010-07-15,7.75,7.7899,7.5701,7.7899,7.7899,8200,0.0,1.0
2010-07-16,7.66,7.94,7.64,7.68,7.68,1700,0.0,1.0
2010-07-19,7.8,7.8,7.63,7.67,7.67,3600,0.0,1.0
2010-07-20,7.965,8.02,7.54,7.72,7.72,8400,0.0,1.0
2010-07-21,7.65,8.0201,7.65,8.0,8.0,15700,0.0,1.0
2010-07-22,8.0,8.25,7.9,8.22,8.22,7500,0.0,1.0
2010-07-23,8.0601,8.12,8.0601,8.12,8.12,1400,0.0,1.0
2010-07-26,8.1545,8.16,8.12,8.15,8.15,2200,0.0,1.0
2010-07-27,8.15,8.2,7.83,7.951,7.951,29600,0.0,1.0
2010-07-28,8.0125,8.2,8.0125,8.2,8.2,2800,0.0,1.0
2010-07-29,8.25,8.48,8.14,8.1901,8.1901,7200,0.0,1.0
2010-07-30,8.37,8.45,8.11,8.38,8.38,27000,0.0,1.0
2010-08-02,8.14,8.19,8.061,8.13,8.13,1500,0.0,1.0
2010-08-03,8.31,8.5,8.01,8.1,8.1,16400,0.0,1.0
2010-08-04,8.25,8.39,8.0,8.1,8.1,7300,0.0,1.0
2010-08-05,8.15,8.25,8.0,8.2,8.2,1500,0.0,1.0
2010-08-06,8.21,8.43,8.2,8.33,8.33,26900,0.0,1.0
2010-08-09,8.51,8.53,8.31,8.53,8.53,1900,0.0,1.0
2010-08-10,8.5,8.5,8.5,8.5,8.5,1600,0.0,1.0
2010-08-11,8.21,8.25,8.21,8.25,8.25,800,0.0,1.0
2010-08-12,8.01,8.5,7.9925,8.5,8.5,5600,0.0,1.0
2010-08-13,8.5,8.5,8.34,8.4,8.4,3200,0.0,1.0
2010-08-16,8.5,8.5,8.26,8.5,8.5,7300,0.0,1.0
2010-08-17,8.5,8.57,8.5,8.55,8.55,1800,0.0,1.0
2010-08-18,8.39,8.72,8.21,8.72,8.72,5300,0.0,1.0
2010-08-19,8.31,8.675,8.22,8.5,8.5,8900,0.0,1.0
2010-08-20,8.5,8.68,8.5,8.51,8.51,10500,0.0,1.0
2010-08-23,8.6,8.6,8.4,8.49,8.49,10900,0.0,1.0
2010-08-24,8.59,8.59,8.46,8.5,8.5,1400,0.0,1.0
2010-08-25,8.2,8.4,8.2,8.4,8.4,400,0.0,1.0
2010-08-26,8.4,8.5,8.4,8.5,8.5,4600,0.0,1.0
2010-08-27,8.35,8.5,8.35,8.5,8.5,6600,0.0,1.0
2010-08-30,8.7,8.7,8.43,8.45,8.45,3300,0.0,1.0
2010-08-31,8.5,8.51,8.15,8.24,8.24,4600,0.0,1.0
2010-09-01,8.24,8.24,8.24,8.24,8.24,0,0.0,1.0
2010-09-02,8.8,8.8,8.52,8.6,8.6,14100,0.0,1.0
2010-09-03,8.06,8.23,8.03,8.11,8.11,1100,0.0,1.0
2010-09-07,8.435,8.435,8.4,8.4,8.4,300,0.0,1.0
2010-09-08,8.4,9.1,8.39,9.0,9.0,87100,0.0,1.0
2010-09-09,9.34,9.85,9.1,9.49,9.49,32700,0.0,1.0
2010-09-10,9.55,9.95,9.45,9.4801,9.4801,22900,0.0,1.0
2010-09-13,9.67,9.88,9.5,9.65,9.65,11900,0.0,1.0
2010-09-14,9.71,10.0,9.61,9.71,9.71,14700,0.0,1.0
2010-09-15,10.11,10.22,9.95,10.05,10.05,18800,0.0,1.0
2010-09-16,10.1999,10.5594,10.1,10.33,10.33,7200,0.0,1.0
2010-09-17,10.37,10.815,10.37,10.8,10.8,16400,0.0,1.0
2010-09-20,10.84,10.94,10.45,10.6,10.6,12600,0.0,1.0
2010-09-21,10.48,10.66,10.47,10.51,10.51,1300,0.0,1.0
2010-09-22,10.46,10.74,10.46,10.57,10.57,7100,0.0,1.0
2010-09-23,10.81,10.81,10.451,10.56,10.56,800,0.0,1.0
2010-09-24,10.4675,10.65,10.45,10.54,10.54,2500,0.0,1.0
2010-09-27,10.65,10.65,10.461,10.48,10.48,900,0.0,1.0
2010-09-28,10.45,10.54,9.94,10.15,10.15,6300,0.0,1.0
2010-09-29,10.055,10.2,10.055,10.15,10.15,4800,0.0,1.0
2010-09-30,10.25,10.25,9.95,9.95,9.95,5000,0.0,1.0
2010-10-01,9.94,9.94,9.401,9.594,9.594,5500,0.0,1.0
2010-10-04,9.58,9.58,9.271,9.46,9.46,1100,0.0,1.0
2010-10-05,9.5,9.56,9.42,9.4701,9.4701,5500,0.0,1.0
2010-10-06,9.4001,9.71,9.4,9.71,9.71,8600,0.0,1.0
2010-10-07,9.71,9.79,9.4,9.61,9.61,15000,0.0,1.0
2010-10-08,9.97,10.02,9.8,9.91,9.91,6700,0.0,1.0
2010-10-11,9.91,10.9099,9.91,10.38,10.38,10900,0.0,1.0
2010-10-12,10.4,10.86,10.32,10.36,10.36,14700,0.0,1.0
2010-10-13,10.52,10.52,10.52,10.52,10.52,100,0.0,1.0
2010-10-14,10.54,10.83,10.536,10.54,10.54,6800,0.0,1.0
2010-10-15,10.665,10.9499,10.6,10.8,10.8,5100,0.0,1.0
2010-10-18,10.58,10.65,10.58,10.63,10.63,1100,0.0,1.0
2010-10-19,10.6,10.63,10.55,10.63,10.63,800,0.0,1.0
2010-10-20,10.5,10.6,9.93,10.45,10.45,14000,0.0,1.0
2010-10-21,10.08,10.35,10.0,10.35,10.35,2600,0.0,1.0
2010-10-22,10.6,10.6,10.0,10.19,10.19,800,0.0,1.0
2010-10-25,10.58,10.58,10.2,10.25,10.25,2500,0.0,1.0
2010-10-26,10.1499,10.32,10.0,10.32,10.32,4000,0.0,1.0
2010-10-27,10.32,10.32,10.32,10.32,10.32,0,0.0,1.0
2010-10-28,10.2,10.325,10.05,10.13,10.13,700,0.0,1.0
2010-10-29,10.01,10.05,9.91,10.0,10.0,1100,0.0,1.0
2010-11-01,10.2001,10.29,10.0,10.035,10.035,2700,0.0,1.0
2010-11-02,9.91,10.01,9.91,10.01,10.01,1100,0.0,1.0
2010-11-03,10.09,10.1,10.0,10.01,10.01,700,0.0,1.0
2010-11-04,9.99,10.26,9.9,9.9,9.9,12900,0.0,1.0
2010-11-05,10.12,10.12,9.95,9.95,9.95,600,0.0,1.0
2010-11-08,9.99,9.99,9.86,9.96,9.96,700,0.0,1.0
2010-11-09,10.14,10.15,10.01,10.01,10.01,800,0.0,1.0
2010-11-10,10.01,10.01,10.01,10.01,10.01,0,0.0,1.0
2010-11-11,10.0,10.0,9.93,9.95,9.95,3300,0.0,1.0
2010-11-12,10.04,10.04,9.996,9.996,9.996,300,0.0,1.0
2010-11-15,10.0,10.0,9.9801,9.9801,9.9801,1100,0.0,1.0
2010-11-16,9.98,10.67,9.98,10.27,10.27,3600,0.0,1.0
2010-11-17,10.46,10.46,10.1,10.28,10.28,3500,0.0,1.0
2010-11-18,10.428,10.428,10.03,10.12,10.12,4000,0.0,1.0
2010-11-19,10.11,10.4,10.04,10.1,10.1,2900,0.0,1.0
2010-11-22,10.5,10.5,10.11,10.28,10.28,1400,0.0,1.0
2010-11-23,10.47,10.49,10.0,10.1,10.1,6400,0.0,1.0
2010-11-24,10.11,10.13,9.9,10.01,10.01,4900,0.0,1.0
2010-11-26,9.75,10.0,9.74,10.0,10.0,3300,0.0,1.0
2010-11-29,9.81,10.0,9.65,9.954,9.954,19300,0.0,1.0
2010-11-30,9.73,9.83,9.65,9.68,9.68,19400,0.0,1.0
2010-12-01,9.94,9.94,9.93,9.94,9.94,3400,0.0,1.0
2010-12-02,9.93,9.96,9.7601,9.96,9.96,4100,0.0,1.0
2010-12-03,10.0,10.0299,9.9,10.01,10.01,3700,0.0,1.0
2010-12-06,9.67,10.04,9.5101,10.01,10.01,3500,0.0,1.0
2010-12-07,9.9899,10.0,9.5601,10.0,10.0,600,0.0,1.0
2010-12-08,9.63,10.5,9.62,10.2,10.2,16800,0.0,1.0
2010-12-09,10.2,10.48,10.08,10.15,10.15,6100,0.0,1.0
2010-12-10,10.0,10.47,9.94,10.15,10.15,18800,0.0,1.0
2010-12-13,10.21,10.5,9.9001,10.5,10.5,10200,0.0,1.0
2010-12-14,10.24,10.879,10.18,10.23,10.23,5600,0.0,1.0
2010-12-15,10.1501,10.21,10.15,10.15,10.15,4400,0.0,1.0
2010-12-16,10.1501,10.21,9.97,10.15,10.15,5400,0.0,1.0
2010-12-17,10.05,10.92,9.7,10.03,10.03,8800,0.0,1.0
2010-12-20,10.0,10.09,9.75,10.02,10.02,4100,0.0,1.0
2010-12-21,10.32,10.34,9.97,10.0,10.0,1400,0.0,1.0
2010-12-22,10.0,10.04,10.0,10.04,10.04,800,0.0,1.0
2010-12-23,10.0,10.0201,10.0,10.02,10.02,1000,0.0,1.0
2010-12-27,9.77,10.2199,9.77,10.13,10.13,1600,0.0,1.0
2010-12-28,9.78,10.72,9.78,10.03,10.03,5800,0.0,1.0
2010-12-29,10.19,10.22,10.0,10.0,10.0,1800,0.0,1.0
2010-12-30,10.32,10.4199,10.0903,10.4199,10.4199,4100,0.0,1.0
2010-12-31,9.94,10.22,9.94,10.06,10.06,5100,0.0,1.0
2011-01-03,10.02,10.26,9.94,9.99,9.99,5200,0.0,1.0
2011-01-04,9.95,10.02,9.95,10.0,10.0,1300,0.0,1.0
2011-01-05,9.87,10.42,9.87,10.41,10.41,6900,0.0,1.0
2011-01-06,10.56,10.68,10.33,10.47,10.47,1700,0.0,1.0
2011-01-07,10.77,10.82,10.44,10.45,10.45,3900,0.0,1.0
2011-01-10,10.4,10.4,10.01,10.1,10.1,5200,0.0,1.0
2011-01-11,10.38,10.47,10.2,10.2,10.2,7300,0.0,1.0
2011-01-12,10.39,10.51,10.28,10.51,10.51,7200,0.0,1.0
2011-01-13,10.4,10.7,10.34,10.67,10.67,30800,0.0,1.0
2011-01-14,10.66,10.66,10.52,10.59,10.59,4500,0.0,1.0
2011-01-18,10.75,10.75,10.21,10.42,10.42,4400,0.0,1.0
2011-01-19,10.16,10.32,10.16,10.32,10.32,300,0.0,1.0
2011-01-20,10.01,10.36,10.0,10.08,10.08,9400,0.0,1.0
2011-01-21,10.36,10.71,10.19,10.5,10.5,10100,0.0,1.0
2011-01-24,10.7,12.18,10.05,11.78,11.78,66900,0.0,1.0
2011-01-25,11.78,12.08,10.9,11.36,11.36,36200,0.0,1.0
2011-01-26,11.79,12.09,11.38,11.91,11.91,31800,0.0,1.0
2011-01-27,11.89,12.19,11.4,11.85,11.85,11000,0.0,1.0
2011-01-28,11.4,11.76,11.4,11.57,11.57,2800,0.0,1.0
2011-01-31,11.82,11.82,10.64,11.755,11.755,1900,0.0,1.0
2011-02-01,11.76,12.15,11.52,11.595,11.595,5400,0.0,1.0
2011-02-02,11.83,12.0,11.75,11.8,11.8,2100,0.0,1.0
2011-02-03,11.62,12.139,11.51,11.78,11.78,7900,0.0,1.0
2011-02-04,11.77,11.95,11.52,11.75,11.75,6200,0.0,1.0
2011-02-07,11.75,11.85,11.41,11.6,11.6,8700,0.0,1.0
2011-02-08,10.772,11.75,10.772,11.4,11.4,32700,0.0,1.0
2011-02-09,11.21,11.5,11.21,11.5,11.5,200,0.0,1.0
2011-02-10,11.47,11.74,11.47,11.74,11.74,1200,0.0,1.0
2011-02-11,11.7299,11.7299,11.14,11.22,11.22,2600,0.0,1.0
2011-02-14,11.19,11.7399,11.19,11.63,11.63,2100,0.0,1.0
2011-02-15,11.64,11.65,11.2,11.2,11.2,6500,0.0,1.0
2011-02-16,11.5,11.56,11.32,11.5,11.5,8400,0.0,1.0
2011-02-17,11.5,11.63,10.55,11.0,11.0,13000,0.0,1.0
2011-02-18,11.31,11.9599,11.31,11.88,11.88,13400,0.0,1.0
2011-02-22,11.32,12.0,11.26,12.0,12.0,9700,0.0,1.0
2011-02-23,11.89,12.49,11.89,12.4,12.4,12600,0.0,1.0
2011-02-24,11.6401,12.0,11.63,11.8,11.8,6500,0.0,1.0
2011-02-25,11.26,11.98,11.26,11.73,11.73,2200,0.0,1.0
2011-02-28,11.82,12.0,11.51,12.0,12.0,8100,0.0,1.0
2011-03-01,11.95,12.0999,11.551,11.99,11.99,4800,0.0,1.0
2011-03-02,11.95,11.98,11.6,11.98,11.98,1700,0.0,1.0
2011-03-03,11.95,12.0,11.81,11.92,11.92,3200,0.0,1.0
2011-03-04,11.89,11.89,11.85,11.85,11.85,1000,0.0,1.0
2011-03-07,11.84,11.9485,11.72,11.81,11.81,3000,0.0,1.0
2011-03-08,11.82,12.1,11.7,11.7,11.7,18300,0.0,1.0
2011-03-09,11.64,11.96,11.64,11.8601,11.8601,3400,0.0,1.0
2011-03-10,11.65,11.9,11.37,11.39,11.39,6500,0.0,1.0
2011-03-11,11.64,11.64,11.27,11.27,11.27,6900,0.0,1.0
2011-03-14,11.31,11.31,11.0,11.275,11.275,13800,0.0,1.0
2011-03-15,11.32,11.997,11.0,11.57,11.57,11100,0.0,1.0
2011-03-16,11.68,12.11,11.56,11.94,11.94,6400,0.0,1.0
2011-03-17,11.62,12.16,11.62,12.16,12.16,1800,0.0,1.0
2011-03-18,12.44,12.54,12.26,12.54,12.54,4800,0.0,1.0
2011-03-21,12.46,13.0,12.1601,12.65,12.65,4000,0.0,1.0
2011-03-22,12.73,12.9399,12.65,12.782,12.782,4700,0.0,1.0
2011-03-23,12.8,12.8,12.75,12.8,12.8,3400,0.0,1.0
2011-03-24,12.7,12.8,12.5,12.73,12.73,7100,0.0,1.0
2011-03-25,12.77,13.0,12.77,13.0,13.0,6700,0.0,1.0
2011-03-28,13.0,13.49,12.95,13.21,13.21,14000,0.0,1.0
2011-03-29,13.14,14.0,12.97,14.0,14.0,43800,0.0,1.0
2011-03-30,14.2,14.2,13.77,14.0,14.0,3500,0.0,1.0
2011-03-31,14.0,14.25,13.85,14.25,14.25,6000,0.0,1.0
2011-04-01,14.19,15.25,14.19,15.14,15.14,59000,0.0,1.0
2011-04-04,15.36,16.0,15.076,15.85,15.85,29700,0.0,1.0
2011-04-05,18.65,18.65,15.0,15.66,15.66,70200,0.0,1.0
2011-04-06,15.68,16.0,15.5101,16.0,16.0,65800,0.0,1.0
2011-04-07,15.48,15.9,15.48,15.9,15.9,68700,0.0,1.0
2011-04-08,15.9,15.95,15.291,15.93,15.93,21400,0.0,1.0
2011-04-11,15.92,16.0,15.72,15.72,15.72,28000,0.0,1.0
2011-04-12,15.83,16.4,15.7001,15.88,15.88,50600,0.0,1.0
2011-04-13,15.99,16.05,15.7,15.83,15.83,28300,0.0,1.0
2011-04-14,15.97,16.1,15.938,16.1,16.1,4600,0.0,1.0
2011-04-15,15.99,16.05,15.87,16.05,16.05,7900,0.0,1.0
2011-04-18,16.0,16.04,15.76,16.01,16.01,7200,0.0,1.0
2011-04-19,15.5,16.55,15.5,16.4,16.4,24800,0.0,1.0
2011-04-20,16.4,16.5,16.35,16.43,16.43,23200,0.0,1.0
2011-04-21,16.31,16.4,16.08,16.38,16.38,21000,0.0,1.0
2011-04-25,16.15,16.35,15.79,16.17,16.17,7400,0.0,1.0
2011-04-26,15.99,16.45,15.99,16.45,16.45,6900,0.0,1.0
2011-04-27,15.5401,17.21,15.5401,16.93,16.93,100200,0.0,1.0
2011-04-28,16.806,16.98,16.6709,16.97,16.97,19300,0.0,1.0
2011-04-29,16.97,17.14,15.81,16.86,16.86,30000,0.0,1.0
2011-05-02,17.26,17.57,16.94,17.45,17.45,17600,0.0,1.0
2011-05-03,17.53,17.82,17.53,17.82,17.82,14400,0.0,1.0
2011-05-04,17.73,17.8601,17.25,17.25,17.25,10000,0.0,1.0
2011-05-05,17.33,17.33,17.07,17.21,17.21,4700,0.0,1.0
2011-05-06,17.2,17.96,17.2,17.96,17.96,14000,0.0,1.0
2011-05-09,18.16,18.96,18.16,18.545,18.545,39600,0.0,1.0
2011-05-10,18.69,19.0799,18.07,18.1,18.1,20600,0.0,1.0
2011-05-11,18.0,18.05,17.87,18.02,18.02,6100,0.0,1.0
2011-05-12,17.81,18.0,17.63,18.0,18.0,12900,0.0,1.0
2011-05-13,17.98,17.98,17.6,17.79,17.79,17600,0.0,1.0
2011-05-16,17.85,18.08,17.5101,17.66,17.66,7200,0.0,1.0
2011-05-17,17.52,17.96,17.0801,17.71,17.71,15500,0.0,1.0
2011-05-18,17.23,17.69,17.23,17.56,17.56,9100,0.0,1.0
2011-05-19,17.5,17.555,17.33,17.5,17.5,6800,0.0,1.0
2011-05-20,17.5,17.58,17.319,17.46,17.46,7500,0.0,1.0
2011-05-23,17.47,17.47,16.6009,17.06,17.06,11500,0.0,1.0
2011-05-24,17.1,17.28,17.09,17.27,17.27,13000,0.0,1.0
2011-05-25,17.08,17.29,16.8,17.14,17.14,5800,0.0,1.0
2011-05-26,17.2,17.2,17.0,17.0,17.0,2500,0.0,1.0
2011-05-27,17.01,17.38,16.92,17.05,17.05,5300,0.0,1.0
2011-05-31,17.05,17.39,16.85,16.93,16.93,5800,0.0,1.0
2011-06-01,16.81,17.0,16.73,16.97,16.97,2300,0.0,1.0
2011-06-02,16.89,17.32,16.54,16.75,16.75,9300,0.0,1.0
2011-06-03,16.71,17.35,16.71,17.1,17.1,3300,0.0,1.0
2011-06-06,17.33,17.61,17.08,17.35,17.35,93600,0.0,1.0
2011-06-07,17.35,17.64,17.1,17.5,17.5,24600,0.0,1.0
2011-06-08,17.42,17.69,17.28,17.43,17.43,14500,0.0,1.0
2011-06-09,17.53,17.6,17.03,17.39,17.39,14000,0.0,1.0
2011-06-10,17.43,17.69,17.13,17.5,17.5,28700,0.0,1.0
2011-06-13,17.34,17.59,16.64,16.79,16.79,33200,0.0,1.0
2011-06-14,17.29,17.29,16.11,16.51,16.51,14100,0.0,1.0
2011-06-15,17.48,17.48,16.29,16.62,16.62,13400,0.0,1.0
2011-06-16,16.91,17.2,14.36,17.07,17.07,33800,0.0,1.0
2011-06-17,17.0,17.17,16.745,16.89,16.89,144900,0.0,1.0
2011-06-20,16.97,17.37,16.7,17.03,17.03,25100,0.0,1.0
2011-06-21,16.97,17.38,16.89,17.09,17.09,14200,0.0,1.0
2011-06-22,17.31,17.57,16.72,17.21,17.21,20700,0.0,1.0
2011-06-23,17.31,18.0,16.87,17.77,17.77,105200,0.0,1.0
2011-06-24,18.0,18.37,17.57,18.04,18.04,622300,0.0,1.0
2011-06-27,18.19,18.53,17.83,18.49,18.49,27200,0.0,1.0
2011-06-28,18.42,19.86,18.32,19.255,19.255,77200,0.0,1.0
2011-06-29,19.72,19.99,19.07,19.17,19.17,80100,0.0,1.0
2011-06-30,19.1,19.31,18.97,19.18,19.18,26000,0.0,1.0
2011-07-01,19.195,19.64,19.195,19.56,19.56,24700,0.0,1.0
2011-07-05,20.0,20.7,19.61,20.39,20.39,28300,0.0,1.0
2011-07-06,20.58,21.72,20.15,21.45,21.45,25100,0.0,1.0
2011-07-07,21.99,22.56,21.7,22.27,22.27,48500,0.0,1.0
2011-07-08,22.22,22.22,21.75,21.96,21.96,50600,0.0,1.0
2011-07-11,21.97,22.12,21.795,21.98,21.98,117400,0.0,1.0
2011-07-12,22.0,22.0,21.65,21.75,21.75,26600,0.0,1.0
2011-07-13,21.69,21.85,21.1,21.44,21.44,69700,0.0,1.0
2011-07-14,21.99,22.5,21.84,22.14,22.14,148900,0.0,1.0
2011-07-15,22.24,22.3,20.0,22.25,22.25,54000,0.0,1.0
2011-07-18,21.95,22.13,21.81,21.95,21.95,11300,0.0,1.0
2011-07-19,22.0,22.02,20.001,22.0,22.0,37200,0.0,1.0
2011-07-20,21.69,22.2,21.69,22.05,22.05,12300,0.0,1.0
2011-07-21,22.01,22.17,21.88,22.01,22.01,27700,0.0,1.0
2011-07-22,21.22,21.93,21.22,21.53,21.53,8100,0.0,1.0
2011-07-25,21.57,21.82,21.34,21.41,21.41,6300,0.0,1.0
2011-07-26,20.03,21.26,19.43,19.55,19.55,12500,0.0,1.0
2011-07-27,19.27,19.27,17.94,18.44,18.44,34000,0.0,1.0
2011-07-28,18.71,19.1,18.0,18.62,18.62,26900,0.0,1.0
2011-07-29,18.5,20.21,18.046,20.04,20.04,59400,0.0,1.0
2011-08-01,20.03,20.58,19.3,20.19,20.19,20700,0.0,1.0
2011-08-02,20.14,20.72,19.83,19.9,19.9,12100,0.0,1.0
2011-08-03,19.92,19.92,19.31,19.7,19.7,10100,0.0,1.0
2011-08-04,19.51,19.83,19.32,19.65,19.65,14300,0.0,1.0
2011-08-05,19.09,19.87,18.001,19.68,19.68,20200,0.0,1.0
2011-08-08,19.49,19.6,16.88,16.91,16.91,28400,0.0,1.0
2011-08-09,17.11,19.74,16.05,17.57,17.57,35100,0.0,1.0
2011-08-10,17.34,19.49,16.0,16.15,16.15,66000,0.0,1.0
2011-08-11,16.1,16.8,15.09,16.57,16.57,115700,0.0,1.0
2011-08-12,16.55,17.35,16.55,17.0,17.0,81700,0.0,1.0
2011-08-15,17.0,17.66,16.67,16.855,16.855,11800,0.0,1.0
2011-08-16,16.51,17.02,15.04,16.04,16.04,53200,0.0,1.0
2011-08-17,16.02,16.86,16.02,16.67,16.67,65800,0.0,1.0
2011-08-18,16.55,16.68,16.07,16.59,16.59,48400,0.0,1.0
2011-08-19,16.44,16.93,16.44,16.61,16.61,23400,0.0,1.0
2011-08-22,16.75,16.75,15.82,16.65,16.65,13700,0.0,1.0
2011-08-23,16.72,17.25,16.45,16.95,16.95,109600,0.0,1.0
2011-08-24,16.76,16.99,16.5201,16.99,16.99,21400,0.0,1.0
2011-08-25,16.99,16.99,16.17,16.21,16.21,10000,0.0,1.0
2011-08-26,16.19,16.21,15.103,15.37,15.37,40500,0.0,1.0
2011-08-29,15.36,16.81,15.35,16.79,16.79,13400,0.0,1.0
2011-08-30,16.75,16.8,15.79,16.32,16.32,18200,0.0,1.0
2011-08-31,16.48,16.585,16.15,16.55,16.55,28500,0.0,1.0
2011-09-01,16.7,17.01,16.53,16.76,16.76,13300,0.0,1.0
2011-09-02,16.85,16.95,16.42,16.56,16.56,18900,0.0,1.0
2011-09-06,16.23,17.94,16.23,17.26,17.26,28500,0.0,1.0
2011-09-07,17.48,19.0,17.3801,18.67,18.67,26500,0.0,1.0
2011-09-08,18.75,19.0,18.23,18.29,18.29,10900,0.0,1.0
2011-09-09,18.28,18.31,16.18,16.54,16.54,12100,0.0,1.0
2011-09-12,17.11,17.94,16.35,17.01,17.01,17400,0.0,1.0
2011-09-13,16.99,17.56,16.95,17.38,17.38,27300,0.0,1.0
2011-09-14,17.56,17.73,17.33,17.67,17.67,19000,0.0,1.0
2011-09-15,17.67,18.34,17.67,18.29,18.29,9000,0.0,1.0
2011-09-16,18.46,18.48,18.18,18.34,18.34,27000,0.0,1.0
2011-09-19,18.21,18.21,17.98,17.98,17.98,4500,0.0,1.0
2011-09-20,17.91,18.03,17.57,17.91,17.91,21300,0.0,1.0
2011-09-21,17.89,18.21,17.89,17.99,17.99,21800,0.0,1.0
2011-09-22,17.81,18.31,17.39,17.46,17.46,19300,0.0,1.0
2011-09-23,17.44,17.85,17.44,17.8,17.8,7900,0.0,1.0
2011-09-26,17.78,18.57,17.78,18.57,18.57,8300,0.0,1.0
2011-09-27,18.8,19.75,18.7,19.72,19.72,31200,0.0,1.0
2011-09-28,19.74,19.91,19.53,19.65,19.65,33300,0.0,1.0
2011-09-29,20.0,20.0,17.88,18.26,18.26,43300,0.0,1.0
2011-09-30,18.09,18.3,17.87,18.16,18.16,12500,0.0,1.0
2011-10-03,18.0,18.46,16.96,17.14,17.14,22100,0.0,1.0
2011-10-04,17.08,17.08,16.4,16.85,16.85,27000,0.0,1.0
2011-10-05,16.99,18.16,16.99,18.16,18.16,6000,0.0,1.0
2011-10-06,17.91,18.16,17.68,18.0,18.0,8500,0.0,1.0
2011-10-07,18.21,18.35,16.71,17.26,17.26,18100,0.0,1.0
2011-10-10,17.42,17.5,16.97,17.49,17.49,16600,0.0,1.0
2011-10-11,17.29,17.64,17.06,17.49,17.49,13600,0.0,1.0
2011-10-12,17.33,17.47,17.25,17.38,17.38,7300,0.0,1.0
2011-10-13,17.5,17.54,17.37,17.54,17.54,6200,0.0,1.0
2011-10-14,17.6,17.72,17.32,17.56,17.56,12200,0.0,1.0
2011-10-17,17.51,17.6,17.35,17.42,17.42,8000,0.0,1.0
2011-10-18,17.23,17.45,16.8,17.2,17.2,22400,0.0,1.0
2011-10-19,17.24,17.84,16.88,16.91,16.91,15100,0.0,1.0
2011-10-20,15.43,17.24,15.41,16.53,16.53,11000,0.0,1.0
2011-10-21,16.99,16.99,15.99,16.72,16.72,18800,0.0,1.0
2011-10-24,16.6,16.74,16.34,16.63,16.63,26800,0.0,1.0
2011-10-25,16.56,16.75,16.25,16.26,16.26,22600,0.0,1.0
2011-10-26,16.52,16.52,15.69,16.08,16.08,16000,0.0,1.0
2011-10-27,16.41,17.48,16.21,16.5,16.5,43800,0.0,1.0
2011-10-28,15.96,16.25,15.96,16.15,16.15,20200,0.0,1.0
2011-10-31,16.13,16.13,15.94,15.94,15.94,8600,0.0,1.0
2011-11-01,15.89,15.98,15.1,15.1,15.1,31900,0.0,1.0
2011-11-02,15.44,15.44,15.05,15.15,15.15,35500,0.0,1.0
2011-11-03,15.45,15.45,14.92,15.12,15.12,25700,0.0,1.0
2011-11-04,14.99,15.159,14.64,14.84,14.84,8900,0.0,1.0
2011-11-07,14.86,15.21,14.22,14.93,14.93,11700,0.0,1.0
2011-11-08,15.09,15.59,15.09,15.58,15.58,6500,0.0,1.0
2011-11-09,15.32,15.32,13.81,14.62,14.62,14700,0.0,1.0
2011-11-10,14.6,14.97,14.55,14.7,14.7,7200,0.0,1.0
2011-11-11,14.79,15.1,14.73,15.1,15.1,5600,0.0,1.0
2011-11-14,15.05,15.2,14.86,15.05,15.05,7400,0.0,1.0
2011-11-15,14.94,15.76,14.94,15.52,15.52,5800,0.0,1.0
2011-11-16,15.37,16.41,15.37,16.06,16.06,7000,0.0,1.0
2011-11-17,16.01,16.49,16.01,16.25,16.25,12000,0.0,1.0
2011-11-18,16.23,16.45,16.01,16.06,16.06,12400,0.0,1.0
2011-11-21,15.93,16.01,14.92,14.96,14.96,9500,0.0,1.0
2011-11-22,15.26,15.26,14.89,14.99,14.99,4700,0.0,1.0
2011-11-23,15.27,15.36,13.78,13.93,13.93,16300,0.0,1.0
2011-11-25,14.02,14.32,13.63,13.69,13.69,11300,0.0,1.0
2011-11-28,14.09,14.69,13.3,14.51,14.51,11100,0.0,1.0
2011-11-29,14.51,14.59,14.25,14.58,14.58,5500,0.0,1.0
2011-11-30,15.08,16.61,15.02,16.55,16.55,18300,0.0,1.0
2011-12-01,16.42,16.42,15.77,16.02,16.02,9400,0.0,1.0
2011-12-02,16.31,16.31,14.3,15.31,15.31,17800,0.0,1.0
2011-12-05,15.65,16.17,15.44,16.17,16.17,13100,0.0,1.0
2011-12-06,16.19,16.45,15.47,16.45,16.45,5500,0.0,1.0
2011-12-07,16.36,16.91,15.94,16.91,16.91,21900,0.0,1.0
2011-12-08,16.74,16.75,16.46,16.6,16.6,11600,0.0,1.0
2011-12-09,16.61,17.0,15.66,16.92,16.92,40800,0.0,1.0
2011-12-12,16.84,16.84,16.33,16.39,16.39,5800,0.0,1.0
2011-12-13,16.34,16.39,16.24,16.25,16.25,15800,0.0,1.0
2011-12-14,16.25,16.91,16.19,16.73,16.73,22600,0.0,1.0
2011-12-15,16.84,16.84,15.93,16.56,16.56,14200,0.0,1.0
2011-12-16,16.68,17.83,16.41,17.55,17.55,25500,0.0,1.0
2011-12-19,17.71,17.95,17.4,17.77,17.77,30200,0.0,1.0
2011-12-20,18.08,19.33,18.08,19.0,19.0,114600,0.0,1.0
2011-12-21,19.0,19.0,17.51,17.95,17.95,19800,0.0,1.0
2011-12-22,16.52,17.889,16.23,17.36,17.36,7000,0.0,1.0
2011-12-23,17.46,18.37,17.37,18.28,18.28,7000,0.0,1.0
2011-12-27,17.65,18.22,17.644,18.22,18.22,3200,0.0,1.0
2011-12-28,18.16,18.16,17.05,17.3,17.3,8000,0.0,1.0
2011-12-29,17.29,17.29,16.0,16.47,16.47,18800,0.0,1.0
2011-12-30,16.46,16.58,15.74,16.56,16.56,30300,0.0,1.0
2012-01-03,16.9,16.9,16.24,16.48,16.48,9800,0.0,1.0
2012-01-04,16.45,18.38,16.45,17.19,17.19,9900,0.0,1.0
2012-01-05,17.05,18.22,17.05,17.83,17.83,8500,0.0,1.0
2012-01-06,17.82,17.82,17.22,17.7,17.7,16400,0.0,1.0
2012-01-09,17.61,17.63,17.44,17.6,17.6,5200,0.0,1.0
2012-01-10,17.85,19.31,17.74,18.77,18.77,24000,0.0,1.0
2012-01-11,18.54,19.81,18.45,19.3,19.3,18400,0.0,1.0
2012-01-12,19.0,20.43,19.0,20.13,20.13,11000,0.0,1.0
2012-01-13,19.86,20.0,19.53,19.95,19.95,8400,0.0,1.0
2012-01-17,19.89,20.97,19.89,20.55,20.55,64400,0.0,1.0
2012-01-18,20.49,20.9,20.2,20.86,20.86,16900,0.0,1.0
2012-01-19,20.49,21.19,19.94,20.12,20.12,14300,0.0,1.0
2012-01-20,20.08,20.58,19.44,20.17,20.17,9800,0.0,1.0
2012-01-23,20.62,20.88,19.85,20.21,20.21,4000,0.0,1.0
2012-01-24,20.01,20.63,19.755,20.58,20.58,13800,0.0,1.0
2012-01-25,20.75,21.16,20.21,21.12,21.12,20800,0.0,1.0
2012-01-26,20.58,21.31,20.58,21.29,21.29,13400,0.0,1.0
2012-01-27,21.32,21.46,20.94,21.45,21.45,14500,0.0,1.0
2012-01-30,21.13,21.9,20.57,21.47,21.47,8300,0.0,1.0
2012-01-31,20.5,21.11,20.5,20.93,20.93,8600,0.0,1.0
2012-02-01,20.95,21.145,20.5,20.5,20.5,34000,0.0,1.0
2012-02-02,20.55,21.01,20.5101,20.82,20.82,13800,0.0,1.0
2012-02-03,20.99,21.192,20.73,21.04,21.04,11600,0.0,1.0
2012-02-06,21.23,21.24,21.0,21.09,21.09,9800,0.0,1.0
2012-02-07,20.99,21.3,20.75,20.75,20.75,4400,0.0,1.0
2012-02-08,20.75,20.98,20.5308,20.63,20.63,24200,0.0,1.0
2012-02-09,20.9,21.19,20.5,20.74,20.74,6800,0.0,1.0
2012-02-10,20.5,20.9599,20.5,20.5,20.5,6600,0.0,1.0
2012-02-13,20.66,20.9,20.4575,20.9,20.9,5000,0.0,1.0
2012-02-14,20.6,20.83,20.52,20.52,20.52,1100,0.0,1.0
2012-02-15,20.61,20.822,20.0,20.0,20.0,26800,0.0,1.0
2012-02-16,20.2,20.535,20.2,20.3,20.3,10600,0.0,1.0
2012-02-17,20.28,20.436,20.0,20.22,20.22,11700,0.0,1.0
2012-02-21,20.1,20.38,19.83,20.25,20.25,107400,0.0,1.0
2012-02-22,20.24,20.4899,20.03,20.06,20.06,9200,0.0,1.0
2012-02-23,19.44,20.24,19.44,20.15,20.15,16500,0.0,1.0
2012-02-24,20.78,22.01,20.78,20.89,20.89,22800,0.0,1.0
2012-02-27,20.68,22.25,20.324,21.78,21.78,13800,0.0,1.0
2012-02-28,21.81,22.49,21.49,22.45,22.45,16000,0.0,1.0
2012-02-29,22.4,22.64,22.11,22.11,22.11,8200,0.0,1.0
2012-03-01,22.3,22.3,20.73,20.88,20.88,10900,0.0,1.0
2012-03-02,20.41,21.08,18.26,18.47,18.47,32300,0.0,1.0
2012-03-05,18.7,20.02,18.7,20.02,20.02,10000,0.0,1.0
2012-03-06,19.87,20.04,19.11,19.45,19.45,8300,0.0,1.0
2012-03-07,19.5,19.51,19.22,19.49,19.49,6800,0.0,1.0
2012-03-08,19.52,19.52,18.8,18.97,18.97,10300,0.0,1.0
2012-03-09,18.97,21.74,18.97,20.96,20.96,23800,0.0,1.0
2012-03-12,21.52,21.52,21.01,21.34,21.34,6500,0.0,1.0
2012-03-13,21.48,21.5,20.97,21.38,21.38,11100,0.0,1.0
2012-03-14,21.35,21.35,20.68,20.79,20.79,4000,0.0,1.0
2012-03-15,20.93,21.28,20.88,21.06,21.06,5600,0.0,1.0
2012-03-16,21.01,21.04,20.39,20.57,20.57,12100,0.0,1.0
2012-03-19,20.02,20.9,20.0,20.37,20.37,28800,0.0,1.0
2012-03-20,20.01,21.625,19.7,20.78,20.78,18300,0.0,1.0
2012-03-21,20.96,20.97,20.1,20.72,20.72,25900,0.0,1.0
2012-03-22,20.5,20.5,19.6,20.12,20.12,13400,0.0,1.0
2012-03-23,20.15,20.8,19.63,20.8,20.8,11300,0.0,1.0
2012-03-26,20.96,21.0,20.72,20.93,20.93,24200,0.0,1.0
2012-03-27,20.87,20.87,19.57,20.23,20.23,15600,0.0,1.0
2012-03-28,20.38,20.47,20.0,20.23,20.23,7500,0.0,1.0
2012-03-29,20.09,20.23,19.98,20.05,20.05,3800,0.0,1.0
2012-03-30,20.16,20.32,19.56,19.95,19.95,11000,0.0,1.0
2012-04-02,19.99,20.4,19.93,20.4,20.4,18200,0.0,1.0
2012-04-03,20.23,21.99,20.23,21.54,21.54,72800,0.0,1.0
2012-04-04,21.25,21.25,20.665,21.02,21.02,26400,0.0,1.0
2012-04-05,20.91,21.5,20.25,21.12,21.12,10200,0.0,1.0
2012-04-09,20.71,21.49,20.57,21.3,21.3,27400,0.0,1.0
2012-04-10,21.36,21.66,20.9101,21.17,21.17,13000,0.0,1.0
2012-04-11,20.96,22.0,20.96,21.92,21.92,71800,0.0,1.0
2012-04-12,22.0,22.2499,21.56,22.17,22.17,44800,0.0,1.0
2012-04-13,21.96,22.13,21.48,21.72,21.72,33800,0.0,1.0
2012-04-16,21.3,21.4,20.47,20.74,20.74,28600,0.0,1.0
2012-04-17,20.15,20.28,18.9,19.2,19.2,23400,0.0,1.0
2012-04-18,19.14,19.14,18.45,19.02,19.02,30600,0.0,1.0
2012-04-19,18.95,21.48,18.95,21.34,21.34,40100,0.0,1.0
2012-04-20,21.9,21.9,19.92,20.25,20.25,994000,0.0,1.0
2012-04-23,20.01,20.725,19.32,19.9,19.9,63700,0.0,1.0
2012-04-24,19.97,20.5,19.39,20.4,20.4,58900,0.0,1.0
2012-04-25,20.88,20.88,20.3925,20.59,20.59,38400,0.0,1.0
2012-04-26,20.49,21.37,20.4401,21.17,21.17,48200,0.0,1.0
2012-04-27,20.94,21.33,20.62,21.28,21.28,52000,0.0,1.0
2012-04-30,21.49,21.5,20.8,21.15,21.15,152100,0.0,1.0
2012-05-01,21.14,21.365,20.17,20.27,20.27,32000,0.0,1.0
2012-05-02,20.75,20.75,19.85,20.55,20.55,108000,0.0,1.0
2012-05-03,20.5,20.5,20.25,20.31,20.31,32800,0.0,1.0
2012-05-04,20.5,20.9199,20.14,20.56,20.56,40500,0.0,1.0
2012-05-07,20.42,21.15,20.02,20.85,20.85,62700,0.0,1.0
2012-05-08,20.79,21.11,20.505,21.01,21.01,98400,0.0,1.0
2012-05-09,20.73,20.97,20.26,20.43,20.43,61500,0.0,1.0
2012-05-10,20.28,20.33,18.85,19.23,19.23,108000,0.0,1.0
2012-05-11,19.12,19.63,19.08,19.33,19.33,33000,0.0,1.0
2012-05-14,19.15,19.36,18.27,18.35,18.35,32000,0.0,1.0
2012-05-15,18.07,18.83,17.71,18.76,18.76,66400,0.0,1.0
2012-05-16,18.77,19.12,18.53,18.76,18.76,109000,0.0,1.0
2012-05-17,18.76,18.76,17.67,17.87,17.87,100000,0.0,1.0
2012-05-18,17.7,18.32,17.7,17.99,17.99,53000,0.0,1.0
2012-05-21,18.08,18.945,17.99,18.84,18.84,12600,0.0,1.0
2012-05-22,18.84,19.49,18.52,19.26,19.26,84300,0.0,1.0
2012-05-23,19.11,19.11,18.18,18.89,18.89,47000,0.0,1.0
2012-05-24,18.815,18.815,17.85,18.25,18.25,41700,0.0,1.0
2012-05-25,18.28,18.48,18.01,18.36,18.36,52500,0.0,1.0
2012-05-29,18.33,18.92,18.33,18.8,18.8,39300,0.0,1.0
2012-05-30,18.67,19.1896,18.59,19.07,19.07,28000,0.0,1.0
2012-05-31,19.07,19.58,19.045,19.56,19.56,49700,0.0,1.0
2012-06-01,19.19,19.35,18.55,18.8,18.8,40600,0.0,1.0
2012-06-04,18.8,18.86,17.43,17.61,17.61,41800,0.0,1.0
2012-06-05,17.56,17.91,17.2,17.91,17.91,38800,0.0,1.0
2012-06-06,17.93,18.18,17.02,17.09,17.09,499700,0.0,1.0
2012-06-07,17.2,17.2,16.14,16.17,16.17,97100,0.0,1.0
2012-06-08,16.27,17.468,16.15,17.12,17.12,57900,0.0,1.0
2012-06-11,17.23,17.74,16.89,17.41,17.41,68800,0.0,1.0
2012-06-12,17.55,17.56,17.33,17.5,17.5,64000,0.0,1.0
2012-06-13,17.54,17.57,17.41,17.53,17.53,42800,0.0,1.0
2012-06-14,17.57,17.8,17.51,17.76,17.76,30200,0.0,1.0
2012-06-15,17.75,18.86,17.75,18.49,18.49,57400,0.0,1.0
2012-06-18,18.3,18.538,18.04,18.27,18.27,26500,0.0,1.0
2012-06-19,18.26,18.53,18.13,18.35,18.35,41700,0.0,1.0
2012-06-20,18.25,18.38,17.64,18.04,18.04,20100,0.0,1.0
2012-06-21,17.97,18.14,17.72,17.83,17.83,31000,0.0,1.0
2012-06-22,18.01,18.02,17.22,17.49,17.49,364800,0.0,1.0
2012-06-25,17.49,17.59,17.0,17.32,17.32,22000,0.0,1.0
2012-06-26,17.4,17.54,17.06,17.19,17.19,34400,0.0,1.0
2012-06-27,17.29,17.62,17.1,17.3,17.3,16500,0.0,1.0
2012-06-28,17.11,17.27,16.51,16.6,16.6,17300,0.0,1.0
2012-06-29,16.86,16.86,16.13,16.35,16.35,111300,0.0,1.0
2012-07-02,16.4,17.59,16.26,17.57,17.57,33400,0.0,1.0
2012-07-03,17.5,18.03,17.49,17.98,17.98,14500,0.0,1.0
2012-07-05,18.01,18.23,17.44,17.49,17.49,22300,0.0,1.0
2012-07-06,17.28,17.79,16.91,17.57,17.57,21500,0.0,1.0
2012-07-09,17.5,17.79,17.33,17.6,17.6,24200,0.0,1.0
2012-07-10,17.67,18.065,17.67,17.76,17.76,36300,0.0,1.0
2012-07-11,17.71,18.05,17.5,17.78,17.78,71300,0.0,1.0
2012-07-12,17.71,18.07,17.58,18.01,18.01,32300,0.0,1.0
2012-07-13,18.0,18.38,17.93,18.35,18.35,36500,0.0,1.0
2012-07-16,18.37,18.37,18.07,18.11,18.11,60500,0.0,1.0
2012-07-17,18.22,18.85,18.01,18.79,18.79,48500,0.0,1.0
2012-07-18,18.75,18.765,17.91,18.39,18.39,102200,0.0,1.0
2012-07-19,18.52,18.73,17.82,17.82,17.82,63700,0.0,1.0
2012-07-20,17.71,17.86,16.5,16.6,16.6,33200,0.0,1.0
2012-07-23,16.43,16.43,16.2,16.23,16.23,25000,0.0,1.0
2012-07-24,16.34,16.37,15.84,15.97,15.97,29900,0.0,1.0
2012-07-25,16.1,16.2299,15.8708,15.99,15.99,31500,0.0,1.0
2012-07-26,16.05,16.28,15.08,15.81,15.81,51400,0.0,1.0
2012-07-27,15.91,16.81,15.595,16.66,16.66,44500,0.0,1.0
2012-07-30,16.63,17.06,16.46,17.0,17.0,43500,0.0,1.0
2012-07-31,16.81,17.65,16.81,17.48,17.48,64700,0.0,1.0
2012-08-01,17.47,17.54,16.9401,17.13,17.13,70600,0.0,1.0
2012-08-02,17.04,17.435,16.98,17.24,17.24,62400,0.0,1.0
2012-08-03,17.41,17.69,16.87,17.02,17.02,125500,0.0,1.0
2012-08-06,17.0,17.6,17.0,17.33,17.33,69800,0.0,1.0
2012-08-07,17.44,18.34,17.24,18.07,18.07,59900,0.0,1.0
2012-08-08,17.77,18.36,17.77,18.13,18.13,43600,0.0,1.0
2012-08-09,18.07,18.38,18.07,18.28,18.28,25900,0.0,1.0
2012-08-10,18.32,18.42,18.06,18.31,18.31,20900,0.0,1.0
2012-08-13,18.22,18.47,18.07,18.28,18.28,27900,0.0,1.0
2012-08-14,18.42,18.42,17.88,17.93,17.93,24000,0.0,1.0
2012-08-15,18.01,18.4,17.88,18.39,18.39,17000,0.0,1.0
2012-08-16,18.43,19.09,18.328,19.09,19.09,22700,0.0,1.0
2012-08-17,19.12,19.4,19.12,19.36,19.36,11000,0.0,1.0
2012-08-20,19.24,19.7068,19.03,19.63,19.63,12900,0.0,1.0
2012-08-21,19.71,19.77,19.03,19.285,19.285,42900,0.0,1.0
2012-08-22,19.34,19.51,19.05,19.23,19.23,18500,0.0,1.0
2012-08-23,19.24,19.45,19.12,19.3,19.3,39100,0.0,1.0
2012-08-24,19.35,19.595,19.18,19.46,19.46,31000,0.0,1.0
2012-08-27,19.555,19.6599,19.04,19.38,19.38,40400,0.0,1.0
2012-08-28,19.45,19.85,19.19,19.4,19.4,68100,0.0,1.0
2012-08-29,19.46,19.49,18.93,19.0,19.0,24900,0.0,1.0
2012-08-30,18.85,18.85,17.9001,18.1,18.1,27900,0.0,1.0
2012-08-31,18.32,18.33,17.9,17.99,17.99,20900,0.0,1.0
2012-09-04,18.05,18.37,17.16,18.32,18.32,51300,0.0,1.0
2012-09-05,18.25,19.0073,18.02,18.63,18.63,51400,0.0,1.0
2012-09-06,18.67,18.98,18.62,18.72,18.72,18600,0.0,1.0
2012-09-07,18.77,19.36,18.6015,19.26,19.26,28300,0.0,1.0
2012-09-10,19.36,19.7,19.21,19.5,19.5,10500,0.0,1.0
2012-09-11,19.59,19.95,19.1,19.81,19.81,36800,0.0,1.0
2012-09-12,20.0,20.3,19.63,19.89,19.89,36400,0.0,1.0
2012-09-13,20.0,20.67,19.838,20.06,20.06,38000,0.0,1.0
2012-09-14,20.21,20.87,20.0,20.3,20.3,57300,0.0,1.0
2012-09-17,20.34,20.34,19.33,19.55,19.55,21600,0.0,1.0
2012-09-18,19.61,20.02,19.4,19.5,19.5,37900,0.0,1.0
2012-09-19,19.47,19.47,19.03,19.27,19.27,16200,0.0,1.0
2012-09-20,19.26,19.38,18.94,19.19,19.19,19500,0.0,1.0
2012-09-21,19.55,20.5,19.2801,20.29,20.29,105800,0.0,1.0
2012-09-24,20.31,20.89,17.5,20.29,20.29,46600,0.0,1.0
2012-09-25,20.43,20.43,20.09,20.11,20.11,34200,0.0,1.0
2012-09-26,20.26,20.44,19.54,20.09,20.09,39600,0.0,1.0
2012-09-27,20.28,20.28,19.48,20.07,20.07,19900,0.0,1.0
2012-09-28,19.9,20.03,19.5,19.85,19.85,24300,0.0,1.0
2012-10-01,19.98,20.01,19.66,19.94,19.94,16000,0.0,1.0
2012-10-02,19.95,20.06,19.39,19.79,19.79,53900,0.0,1.0
2012-10-03,19.81,20.15,19.65,19.88,19.88,30400,0.0,1.0
2012-10-04,20.0,20.0,19.52,19.98,19.98,16300,0.0,1.0
2012-10-05,20.09,20.09,19.67,19.75,19.75,52100,0.0,1.0
2012-10-08,19.67,19.77,19.0,19.15,19.15,34300,0.0,1.0
2012-10-09,19.2,19.23,18.43,18.48,18.48,9100,0.0,1.0
2012-10-10,18.6,18.854,18.13,18.18,18.18,12700,0.0,1.0
2012-10-11,18.32,18.38,18.0501,18.29,18.29,7900,0.0,1.0
2012-10-12,18.35,18.48,17.76,17.78,17.78,35700,0.0,1.0
2012-10-15,17.93,18.2154,17.57,18.06,18.06,22300,0.0,1.0
2012-10-16,18.35,18.4167,17.74,18.2,18.2,50100,0.0,1.0
2012-10-17,18.3,18.3,17.15,17.27,17.27,54300,0.0,1.0
2012-10-18,17.05,17.668,16.955,17.48,17.48,28900,0.0,1.0
2012-10-19,17.34,17.42,17.1,17.11,17.11,35400,0.0,1.0
2012-10-22,17.16,17.3082,17.08,17.1,17.1,20000,0.0,1.0
2012-10-23,17.01,17.48,16.44,17.23,17.23,51300,0.0,1.0
2012-10-24,17.38,17.42,17.14,17.22,17.22,14600,0.0,1.0
2012-10-25,17.36,17.36,17.14,17.22,17.22,7000,0.0,1.0
2012-10-26,17.29,17.66,17.12,17.56,17.56,49200,0.0,1.0
2012-10-31,17.73,17.89,17.62,17.7,17.7,18000,0.0,1.0
2012-11-01,17.85,17.85,17.25,17.42,17.42,14700,0.0,1.0
2012-11-02,17.53,17.63,16.5,16.5,16.5,40000,0.0,1.0
2012-11-05,16.58,16.69,16.5,16.63,16.63,19100,0.0,1.0
2012-11-06,16.73,16.94,16.73,16.89,16.89,8100,0.0,1.0
2012-11-07,16.84,17.0,16.15,16.2,16.2,66400,0.0,1.0
2012-11-08,16.17,16.59,15.75,15.76,15.76,15300,0.0,1.0
2012-11-09,15.82,16.14,15.75,15.79,15.79,33200,0.0,1.0
2012-11-12,15.91,15.91,15.75,15.76,15.76,24700,0.0,1.0
2012-11-13,16.048,16.048,15.521,15.64,15.64,18800,0.0,1.0
2012-11-14,15.72,15.72,14.67,14.97,14.97,21200,0.0,1.0
2012-11-15,15.05,15.05,14.5,14.55,14.55,19200,0.0,1.0
2012-11-16,14.62,14.82,14.6,14.64,14.64,43600,0.0,1.0
2012-11-19,14.79,15.49,14.79,15.06,15.06,21700,0.0,1.0
2012-11-20,14.99,15.19,14.84,14.96,14.96,18800,0.0,1.0
2012-11-21,15.0,15.18,14.8,14.96,14.96,56600,0.0,1.0
2012-11-23,14.98,15.32,14.8,15.29,15.29,9300,0.0,1.0
2012-11-26,14.98,15.14,14.91,14.97,14.97,17300,0.0,1.0
2012-11-27,14.94,14.97,14.74,14.91,14.91,9000,0.0,1.0
2012-11-28,14.89,14.98,14.85,14.97,14.97,25800,0.0,1.0
2012-11-29,15.0,15.0,14.86,14.95,14.95,26300,0.0,1.0
2012-11-30,15.01,15.45,14.721,14.98,14.98,18200,0.0,1.0
2012-12-03,15.17,15.17,14.73,14.97,14.97,29500,0.0,1.0
2012-12-04,15.05,15.23,14.6,14.97,14.97,37200,0.0,1.0
2012-12-05,15.11,15.5,14.89,15.07,15.07,52900,0.0,1.0
2012-12-06,15.15,15.46,14.6,15.08,15.08,55000,0.0,1.0
2012-12-07,15.17,15.2,14.96,15.05,15.05,17700,0.0,1.0
2012-12-10,15.03,15.13,14.78,15.05,15.05,26300,0.0,1.0
2012-12-11,15.01,15.055,14.89,14.99,14.99,43000,0.0,1.0
2012-12-12,15.09,15.18,14.9,14.93,14.93,41300,0.0,1.0
2012-12-13,15.0,15.01,14.94,15.0,15.0,93300,0.0,1.0
2012-12-14,14.98,15.15,14.98,15.15,15.15,11000,0.0,1.0
2012-12-17,15.15,15.15,15.0,15.08,15.08,40800,0.0,1.0
2012-12-18,14.87,15.1,14.73,14.95,14.95,42500,0.0,1.0
2012-12-19,15.01,15.12,14.83,15.0,15.0,15600,0.0,1.0
2012-12-20,15.05,15.05,14.78,14.92,14.92,54500,0.0,1.0
2012-12-21,14.91,14.94,14.65,14.82,14.82,94300,0.0,1.0
2012-12-24,14.87,14.98,14.81,14.84,14.84,10500,0.0,1.0
2012-12-26,14.88,15.74,14.75,15.03,15.03,31900,0.0,1.0
2012-12-27,15.11,15.23,14.85,15.07,15.07,16800,0.0,1.0
2012-12-28,14.89,15.05,14.83,14.9,14.9,73200,0.0,1.0
2012-12-31,14.85,15.07,14.66,15.01,15.01,171900,0.0,1.0
2013-01-02,15.5,16.195,15.19,16.03,16.03,29300,0.0,1.0
2013-01-03,16.12,16.26,15.21,16.04,16.04,12900,0.0,1.0
2013-01-04,16.09,16.78,15.99,16.37,16.37,24300,0.0,1.0
2013-01-07,16.37,16.445,15.88,15.88,15.88,28400,0.0,1.0
2013-01-08,15.93,16.47,15.585,16.18,16.18,47800,0.0,1.0
2013-01-09,16.17,16.17,15.4,15.5,15.5,19100,0.0,1.0
2013-01-10,15.61,15.75,15.07,15.34,15.34,21500,0.0,1.0
2013-01-11,15.37,15.48,15.2,15.24,15.24,8800,0.0,1.0
2013-01-14,15.2,15.25,14.57,14.71,14.71,22900,0.0,1.0
2013-01-15,14.65,14.96,14.26,14.72,14.72,141800,0.0,1.0
2013-01-16,14.7,15.12,14.53,14.67,14.67,32600,0.0,1.0
2013-01-17,14.76,14.96,14.65,14.9,14.9,13900,0.0,1.0
2013-01-18,14.92,15.09,14.625,14.65,14.65,16000,0.0,1.0
2013-01-22,14.59,15.07,14.59,14.99,14.99,17200,0.0,1.0
2013-01-23,15.05,15.06,14.75,14.78,14.78,43000,0.0,1.0
2013-01-24,14.83,15.09,14.83,15.03,15.03,43500,0.0,1.0
2013-01-25,15.09,15.36,15.04,15.25,15.25,11600,0.0,1.0
2013-01-28,15.24,15.679,15.0501,15.56,15.56,37200,0.0,1.0
2013-01-29,15.59,15.82,15.59,15.72,15.72,19700,0.0,1.0
2013-01-30,15.74,16.35,15.7,15.76,15.76,57600,0.0,1.0
2013-01-31,15.83,15.88,15.53,15.73,15.73,28200,0.0,1.0
2013-02-01,15.83,16.13,15.7,15.98,15.98,35400,0.0,1.0
2013-02-04,15.86,16.04,15.62,15.66,15.66,21100,0.0,1.0
2013-02-05,15.78,16.0224,15.72,15.81,15.81,8100,0.0,1.0
2013-02-06,15.78,15.8,15.55,15.62,15.62,15300,0.0,1.0
2013-02-07,15.66,15.98,15.14,15.23,15.23,23300,0.0,1.0
2013-02-08,15.3,15.639,15.3,15.45,15.45,9500,0.0,1.0
2013-02-11,15.49,15.87,15.45,15.68,15.68,20400,0.0,1.0
2013-02-12,15.75,15.9299,15.54,15.54,15.54,6700,0.0,1.0
2013-02-13,15.61,15.979,15.292,15.48,15.48,9400,0.0,1.0
2013-02-14,15.46,15.46,14.98,15.05,15.05,21500,0.0,1.0
2013-02-15,15.18,15.28,15.0,15.24,15.24,25400,0.0,1.0
2013-02-19,15.32,15.507,15.21,15.31,15.31,55800,0.0,1.0
2013-02-20,15.31,15.59,15.22,15.22,15.22,22600,0.0,1.0
2013-02-21,15.23,15.43,14.58,15.02,15.02,42000,0.0,1.0
2013-02-22,15.15,15.54,15.0,15.05,15.05,43100,0.0,1.0
2013-02-25,15.12,15.211,14.86,14.92,14.92,33900,0.0,1.0
2013-02-26,14.98,15.22,14.97,15.04,15.04,14000,0.0,1.0
2013-02-27,15.05,15.05,14.715,14.9,14.9,10600,0.0,1.0
2013-02-28,14.89,15.05,14.583,14.75,14.75,38700,0.0,1.0
2013-03-01,14.72,15.06,14.5801,14.76,14.76,28400,0.0,1.0
2013-03-04,14.73,14.86,14.72,14.79,14.79,32700,0.0,1.0
2013-03-05,14.8,14.92,14.5001,14.9,14.9,69900,0.0,1.0
2013-03-06,14.91,15.0,14.46,14.87,14.87,142900,0.0,1.0
2013-03-07,14.86,15.09,14.835,15.05,15.05,96300,0.0,1.0
2013-03-08,15.07,15.14,14.94,15.1,15.1,21500,0.0,1.0
2013-03-11,15.23,15.25,15.1,15.15,15.15,68300,0.0,1.0
2013-03-12,15.24,15.41,15.136,15.34,15.34,20700,0.0,1.0
2013-03-13,15.18,16.3,15.18,16.21,16.21,18600,0.0,1.0
2013-03-14,16.29,16.29,15.65,16.0,16.0,22700,0.0,1.0
2013-03-15,16.0,16.19,15.76,15.94,15.94,39400,0.0,1.0
2013-03-18,15.77,15.77,15.09,15.29,15.29,22200,0.0,1.0
2013-03-19,15.37,15.66,15.326,15.52,15.52,18100,0.0,1.0
2013-03-20,15.67,15.73,15.43,15.72,15.72,25900,0.0,1.0
2013-03-21,15.55,15.71,15.55,15.63,15.63,16800,0.0,1.0
2013-03-22,15.71,15.9199,15.47,15.53,15.53,26000,0.0,1.0
2013-03-25,15.49,15.63,15.38,15.49,15.49,16300,0.0,1.0
2013-03-26,15.61,15.64,15.275,15.34,15.34,7200,0.0,1.0
2013-03-27,15.21,15.3,15.1,15.14,15.14,11600,0.0,1.0
2013-03-28,15.23,15.23,15.1,15.1,15.1,30400,0.0,1.0
2013-04-01,15.16,15.34,14.88,14.96,14.96,31900,0.0,1.0
2013-04-02,15.08,15.36,15.0,15.05,15.05,6200,0.0,1.0
2013-04-03,15.04,15.1899,14.6,14.6,14.6,29400,0.0,1.0
2013-04-04,14.67,14.8,14.5,14.64,14.64,12000,0.0,1.0
2013-04-05,14.43,14.65,14.05,14.07,14.07,14000,0.0,1.0
2013-04-08,14.21,14.4,14.0,14.07,14.07,16000,0.0,1.0
2013-04-09,14.13,14.23,13.96,13.96,13.96,7900,0.0,1.0
2013-04-10,14.05,14.64,14.01,14.56,14.56,13900,0.0,1.0
2013-04-11,14.63,14.82,14.4,14.7,14.7,21400,0.0,1.0
2013-04-12,14.62,14.71,14.02,14.23,14.23,21100,0.0,1.0
2013-04-15,14.1,14.1,13.6,13.92,13.92,43100,0.0,1.0
2013-04-16,14.09,14.385,13.831,14.35,14.35,21700,0.0,1.0
2013-04-17,14.17,14.51,13.5,13.59,13.59,20100,0.0,1.0
2013-04-18,13.58,13.58,13.1,13.16,13.16,33700,0.0,1.0
2013-04-19,13.18,14.28,13.18,14.11,14.11,41100,0.0,1.0
2013-04-22,14.16,14.56,14.0,14.55,14.55,21800,0.0,1.0
2013-04-23,14.67,15.04,14.501,15.01,15.01,16300,0.0,1.0
2013-04-24,15.01,15.3499,14.94,15.07,15.07,28900,0.0,1.0
2013-04-25,15.04,15.59,15.04,15.29,15.29,25900,0.0,1.0
2013-04-26,15.18,15.48,15.1369,15.24,15.24,16200,0.0,1.0
2013-04-29,15.27,15.4,15.2055,15.39,15.39,11800,0.0,1.0
2013-04-30,15.42,15.71,15.42,15.55,15.55,26400,0.0,1.0
2013-05-01,15.44,15.45,14.84,14.9,14.9,41200,0.0,1.0
2013-05-02,14.93,15.19,14.69,15.16,15.16,35600,0.0,1.0
2013-05-03,15.08,15.5699,15.08,15.27,15.27,42500,0.0,1.0
2013-05-06,15.22,15.42,14.85,14.98,14.98,29600,0.0,1.0
2013-05-07,14.96,14.96,14.35,14.82,14.82,25600,0.0,1.0
2013-05-08,14.78,15.08,14.5,14.62,14.62,19500,0.0,1.0
2013-05-09,14.55,14.55,14.35,14.4,14.4,22300,0.0,1.0
2013-05-10,14.41,14.45,14.21,14.27,14.27,27000,0.0,1.0
2013-05-13,14.4,14.55,14.25,14.52,14.52,34000,0.0,1.0
2013-05-14,14.55,14.55,14.31,14.52,14.52,32000,0.0,1.0
2013-05-15,14.39,14.48,14.25,14.35,14.35,16200,0.0,1.0
2013-05-16,14.3,14.46,14.2,14.26,14.26,22100,0.0,1.0
2013-05-17,14.29,14.99,14.01,14.97,14.97,78300,0.0,1.0
2013-05-20,14.82,14.87,14.4,14.59,14.59,19800,0.0,1.0
2013-05-21,14.56,14.6599,14.48,14.49,14.49,49400,0.0,1.0
2013-05-22,14.47,14.97,14.24,14.56,14.56,32300,0.0,1.0
2013-05-23,14.43,14.69,14.43,14.53,14.53,6600,0.0,1.0
2013-05-24,14.49,14.62,14.48,14.5,14.5,5700,0.0,1.0
2013-05-28,14.77,15.31,14.48,15.25,15.25,71100,0.0,1.0
2013-05-29,15.22,15.32,14.61,14.85,14.85,30200,0.0,1.0
2013-05-30,14.9,14.99,14.61,14.96,14.96,26700,0.0,1.0
2013-05-31,14.85,15.05,14.85,15.05,15.05,65000,0.0,1.0
2013-06-03,15.1,15.38,14.82,15.27,15.27,69700,0.0,1.0
2013-06-04,15.23,15.31,14.6101,15.14,15.14,28500,0.0,1.0
2013-06-05,15.1,15.399,14.95,15.06,15.06,30000,0.0,1.0
2013-06-06,15.11,15.1773,15.01,15.06,15.06,37400,0.0,1.0
2013-06-07,15.17,15.21,15.01,15.17,15.17,12500,0.0,1.0
2013-06-10,15.25,15.67,15.1,15.53,15.53,12200,0.0,1.0
2013-06-11,15.35,15.53,14.81,15.14,15.14,7000,0.0,1.0
2013-06-12,15.18,15.18,15.0,15.08,15.08,17200,0.0,1.0
2013-06-13,15.16,15.75,14.93,15.58,15.58,48500,0.0,1.0
2013-06-14,15.59,15.59,14.88,14.88,14.88,89000,0.0,1.0
2013-06-17,15.01,15.01,14.45,14.68,14.68,23600,0.0,1.0
2013-06-18,14.71,15.624,14.7,15.34,15.34,128100,0.0,1.0
2013-06-19,15.29,15.51,15.08,15.1,15.1,11000,0.0,1.0
2013-06-20,14.9,14.93,14.75,14.84,14.84,35500,0.0,1.0
2013-06-21,14.9,15.37,14.9,15.26,15.26,35500,0.0,1.0
2013-06-24,15.19,15.36,14.93,15.09,15.09,47100,0.0,1.0
2013-06-25,15.26,15.41,14.75,14.81,14.81,136900,0.0,1.0
2013-06-26,14.89,14.89,14.56,14.78,14.78,32700,0.0,1.0
2013-06-27,14.62,14.83,14.53,14.75,14.75,16100,0.0,1.0
2013-06-28,14.74,14.74,14.5,14.61,14.61,138800,0.0,1.0
2013-07-01,14.58,14.68,14.09,14.22,14.22,228400,0.0,1.0
2013-07-02,14.26,14.47,14.2,14.26,14.26,40600,0.0,1.0
2013-07-03,14.25,14.489,14.22,14.48,14.48,18700,0.0,1.0
2013-07-05,14.6,14.6,14.22,14.46,14.46,22700,0.0,1.0
2013-07-08,14.53,14.55,14.26,14.43,14.43,63000,0.0,1.0
2013-07-09,14.47,14.47,14.01,14.05,14.05,132500,0.0,1.0
2013-07-10,14.06,14.22,14.04,14.11,14.11,61700,0.0,1.0
2013-07-11,14.15,14.15,13.88,14.02,14.02,51000,0.0,1.0
2013-07-12,13.96,14.01,13.86,14.0,14.0,21800,0.0,1.0
2013-07-15,14.06,14.41,14.01,14.1,14.1,40800,0.0,1.0
2013-07-16,14.17,14.17,14.01,14.07,14.07,32100,0.0,1.0
2013-07-17,14.1,14.24,14.06,14.09,14.09,28000,0.0,1.0
2013-07-18,14.1,14.2,14.06,14.08,14.08,37200,0.0,1.0
2013-07-19,14.08,14.17,14.06,14.08,14.08,19100,0.0,1.0
2013-07-22,14.06,14.1,14.0,14.05,14.05,91600,0.0,1.0
2013-07-23,14.15,14.15,13.96,14.04,14.04,41400,0.0,1.0
2013-07-24,14.1,14.185,13.43,13.5,13.5,81700,0.0,1.0
2013-07-25,13.78,14.629,13.51,14.39,14.39,45700,0.0,1.0
2013-07-26,14.25,15.0,14.25,14.93,14.93,79800,0.0,1.0
2013-07-29,15.0,15.81,14.97,15.31,15.31,60700,0.0,1.0
2013-07-30,15.3,15.68,15.3,15.44,15.44,43100,0.0,1.0
2013-07-31,15.42,15.75,15.42,15.54,15.54,26700,0.0,1.0
2013-08-01,15.77,16.07,15.01,15.09,15.09,30300,0.0,1.0
2013-08-02,15.0,15.52,15.0,15.21,15.21,20800,0.0,1.0
2013-08-05,15.14,15.43,15.14,15.21,15.21,22000,0.0,1.0
2013-08-06,15.23,15.37,15.192,15.31,15.31,8500,0.0,1.0
2013-08-07,15.3,15.64,15.2,15.35,15.35,15700,0.0,1.0
2013-08-08,15.53,15.53,15.26,15.35,15.35,17500,0.0,1.0
2013-08-09,15.33,15.51,15.07,15.26,15.26,26000,0.0,1.0
2013-08-12,15.17,15.76,15.17,15.34,15.34,30800,0.0,1.0
2013-08-13,15.31,15.39,15.15,15.32,15.32,34900,0.0,1.0
2013-08-14,15.35,15.51,15.215,15.33,15.33,36400,0.0,1.0
2013-08-15,15.23,15.35,15.0,15.05,15.05,29300,0.0,1.0
2013-08-16,15.0,15.12,15.0,15.01,15.01,17000,0.0,1.0
2013-08-19,15.1,15.44,15.09,15.23,15.23,24400,0.0,1.0
2013-08-20,15.21,15.47,15.2,15.26,15.26,33600,0.0,1.0
2013-08-21,15.25,15.25,15.09,15.09,15.09,34700,0.0,1.0
2013-08-22,15.18,15.29,15.16,15.25,15.25,140900,0.0,1.0
2013-08-23,15.25,15.26,15.17,15.25,15.25,31300,0.0,1.0
2013-08-26,15.25,15.42,15.12,15.22,15.22,23800,0.0,1.0
2013-08-27,15.11,15.3,15.0,15.03,15.03,26200,0.0,1.0
2013-08-28,15.07,15.349,15.07,15.24,15.24,18100,0.0,1.0
2013-08-29,15.25,15.61,15.18,15.24,15.24,31400,0.0,1.0
2013-08-30,15.25,15.36,15.05,15.19,15.19,74100,0.0,1.0
2013-09-03,15.39,15.5,15.05,15.45,15.45,22400,0.0,1.0
2013-09-04,15.42,15.92,15.3611,15.69,15.69,31600,0.0,1.0
2013-09-05,15.74,15.86,15.6,15.67,15.67,16300,0.0,1.0
2013-09-06,15.79,15.905,15.62,15.84,15.84,5700,0.0,1.0
2013-09-09,15.94,16.4,15.85,16.34,16.34,17900,0.0,1.0
2013-09-10,16.47,17.08,16.43,16.66,16.66,38100,0.0,1.0
2013-09-11,16.65,16.95,16.65,16.91,16.91,8100,0.0,1.0
2013-09-12,16.87,17.15,16.6,16.66,16.66,12200,0.0,1.0
2013-09-13,16.72,17.19,16.51,16.63,16.63,7700,0.0,1.0
2013-09-16,16.88,17.12,16.73,16.92,16.92,11600,0.0,1.0
2013-09-17,16.96,17.19,16.77,17.05,17.05,12100,0.0,1.0
2013-09-18,17.08,17.43,16.77,17.41,17.41,22200,0.0,1.0
2013-09-19,17.44,17.9385,17.31,17.86,17.86,25700,0.0,1.0
2013-09-20,17.87,18.5,17.67,17.79,17.79,51700,0.0,1.0
2013-09-23,17.96,18.33,17.81,18.01,18.01,28500,0.0,1.0
2013-09-24,17.98,18.37,17.86,17.89,17.89,14000,0.0,1.0
2013-09-25,17.89,18.23,17.284,17.44,17.44,16300,0.0,1.0
2013-09-26,17.43,17.98,17.11,17.98,17.98,13400,0.0,1.0
2013-09-27,18.21,18.45,17.98,18.02,18.02,130900,0.0,1.0
2013-09-30,17.88,18.25,17.2677,17.995,17.995,20300,0.0,1.0
2013-10-01,18.0,18.49,18.0,18.37,18.37,18800,0.0,1.0
2013-10-02,18.28,18.28,17.89,17.97,17.97,27900,0.0,1.0
2013-10-03,18.0,18.26,17.72,18.1,18.1,18300,0.0,1.0
2013-10-04,18.15,18.49,17.7107,18.02,18.02,9800,0.0,1.0
2013-10-07,18.22,19.17,18.14,18.79,18.79,23600,0.0,1.0
2013-10-08,18.8,18.98,18.21,18.42,18.42,25900,0.0,1.0
2013-10-09,18.5,18.5,17.88,17.94,17.94,22000,0.0,1.0
2013-10-10,18.12,18.21,17.85,18.01,18.01,31200,0.0,1.0
2013-10-11,17.91,18.36,17.88,18.14,18.14,27700,0.0,1.0
2013-10-14,18.0,18.2,17.81,18.1,18.1,36400,0.0,1.0
2013-10-15,18.0,18.0899,17.765,17.86,17.86,28400,0.0,1.0
2013-10-16,18.0,18.12,17.86,18.12,18.12,21900,0.0,1.0
2013-10-17,17.89,18.3356,17.89,18.0,18.0,40600,0.0,1.0
2013-10-18,18.26,18.26,17.915,18.21,18.21,73800,0.0,1.0
2013-10-21,18.07,18.15,17.96,18.15,18.15,50500,0.0,1.0
2013-10-22,18.16,18.3,18.11,18.22,18.22,27500,0.0,1.0
2013-10-23,18.18,18.445,17.92,18.2,18.2,23900,0.0,1.0
2013-10-24,18.17,18.43,18.0,18.03,18.03,15000,0.0,1.0
2013-10-25,17.99,18.97,17.99,18.43,18.43,40500,0.0,1.0
2013-10-28,18.5,18.695,17.97,17.98,17.98,23900,0.0,1.0
2013-10-29,18.0,18.5458,18.0,18.1,18.1,45100,0.0,1.0
2013-10-30,18.11,18.11,17.8,17.8,17.8,12400,0.0,1.0
2013-10-31,17.72,17.89,17.56,17.67,17.67,14300,0.0,1.0
2013-11-01,17.68,17.78,17.4,17.52,17.52,27100,0.0,1.0
2013-11-04,17.44,17.74,17.19,17.61,17.61,12200,0.0,1.0
2013-11-05,17.57,17.76,17.45,17.59,17.59,9600,0.0,1.0
2013-11-06,17.75,17.75,17.24,17.26,17.26,15800,0.0,1.0
2013-11-07,17.25,17.25,17.0,17.12,17.12,16500,0.0,1.0
2013-11-08,17.1,18.0,16.88,17.82,17.82,36400,0.0,1.0
2013-11-11,17.84,18.04,17.4,17.98,17.98,29500,0.0,1.0
2013-11-12,17.91,18.2,17.818,18.19,18.19,35700,0.0,1.0
2013-11-13,18.11,18.95,18.0133,18.82,18.82,20400,0.0,1.0
2013-11-14,18.75,18.75,17.6,17.82,17.82,13800,0.0,1.0
2013-11-15,17.76,17.8899,17.46,17.61,17.61,12700,0.0,1.0
2013-11-18,17.67,17.7399,17.1,17.32,17.32,24500,0.0,1.0
2013-11-19,17.18,17.75,17.04,17.72,17.72,21400,0.0,1.0
2013-11-20,17.74,18.1,17.51,17.54,17.54,7500,0.0,1.0
2013-11-21,17.56,18.0,17.37,17.48,17.48,58100,0.0,1.0
2013-11-22,17.43,17.99,17.42,17.84,17.84,14100,0.0,1.0
2013-11-25,17.79,17.97,17.65,17.65,17.65,10600,0.0,1.0
2013-11-26,17.76,18.25,17.75,18.17,18.17,5500,0.0,1.0
2013-11-27,18.15,18.7772,17.53,18.17,18.17,18500,0.0,1.0
2013-11-29,18.3,18.68,18.285,18.61,18.61,7900,0.0,1.0
2013-12-02,18.5,18.5,17.73,17.88,17.88,11100,0.0,1.0
2013-12-03,17.83,18.0,17.7,18.0,18.0,19800,0.0,1.0
2013-12-04,17.87,18.06,17.51,17.95,17.95,8600,0.0,1.0
2013-12-05,17.93,18.3,17.56,18.0,18.0,3600,0.0,1.0
2013-12-06,18.11,18.74,18.11,18.6,18.6,4900,0.0,1.0
2013-12-09,18.68,18.68,17.905,18.12,18.12,25600,0.0,1.0
2013-12-10,18.03,18.53,17.93,18.16,18.16,17800,0.0,1.0
2013-12-11,18.13,18.57,17.89,18.34,18.34,30200,0.0,1.0
2013-12-12,18.35,18.48,18.04,18.2,18.2,18900,0.0,1.0
2013-12-13,18.2,18.739,17.8,18.54,18.54,42900,0.0,1.0
2013-12-16,18.56,19.13,17.93,19.09,19.09,51800,0.0,1.0
2013-12-17,19.18,19.3,18.25,18.91,18.91,46300,0.0,1.0
2013-12-18,18.87,19.18,18.612,18.89,18.89,30700,0.0,1.0
2013-12-19,18.87,19.32,18.32,19.16,19.16,34000,0.0,1.0
2013-12-20,19.13,19.49,18.8,19.37,19.37,91300,0.0,1.0
2013-12-23,18.57,20.0,18.57,19.95,19.95,45800,0.0,1.0
2013-12-24,19.78,20.64,19.71,20.47,20.47,13800,0.0,1.0
2013-12-26,20.47,20.47,19.93,20.0,20.0,47800,0.0,1.0
2013-12-27,19.99,20.0999,18.93,19.84,19.84,9200,0.0,1.0
2013-12-30,19.77,20.67,19.1453,20.52,20.52,28100,0.0,1.0
2013-12-31,20.51,20.67,19.2,20.49,20.49,25800,0.0,1.0
2014-01-02,20.34,20.6599,19.845,20.12,20.12,41500,0.0,1.0
2014-01-03,20.1,20.32,18.87,19.07,19.07,35400,0.0,1.0
2014-01-06,19.362,19.48,18.37,18.49,18.49,29400,0.0,1.0
2014-01-07,18.51,19.07,18.25,19.02,19.02,25200,0.0,1.0
2014-01-08,18.95,19.02,18.675,18.9,18.9,32500,0.0,1.0
2014-01-09,18.9,19.0,18.691,18.94,18.94,32600,0.0,1.0
2014-01-10,18.93,19.13,18.69,19.0,19.0,35800,0.0,1.0
2014-01-13,18.99,19.0,17.98,18.26,18.26,36300,0.0,1.0
2014-01-14,18.29,18.305,17.83,18.26,18.26,27000,0.0,1.0
2014-01-15,18.24,18.24,17.72,17.78,17.78,34800,0.0,1.0
2014-01-16,17.67,17.99,17.23,17.3,17.3,65200,0.0,1.0
2014-01-17,17.25,18.06,17.25,17.44,17.44,20100,0.0,1.0
2014-01-21,17.77,17.95,17.51,17.64,17.64,64300,0.0,1.0
2014-01-22,17.6,17.85,17.46,17.47,17.47,43400,0.0,1.0
2014-01-23,17.46,17.7,17.0,17.4,17.4,43800,0.0,1.0
2014-01-24,17.23,17.55,17.22,17.26,17.26,34500,0.0,1.0
2014-01-27,17.25,18.85,17.12,17.12,17.12,49800,0.0,1.0
2014-01-28,17.06,17.33,16.9,17.29,17.29,26700,0.0,1.0
2014-01-29,17.07,18.71,15.96,16.5,16.5,26900,0.0,1.0
2014-01-30,16.65,17.22,16.65,16.89,16.89,22300,0.0,1.0
2014-01-31,16.55,16.84,16.5,16.62,16.62,30700,0.0,1.0
2014-02-03,16.55,16.56,15.99,16.13,16.13,37100,0.0,1.0
2014-02-04,16.16,16.74,15.89,16.2,16.2,53800,0.0,1.0
2014-02-05,16.1,16.5,16.1,16.21,16.21,27400,0.0,1.0
2014-02-06,16.31,16.54,16.2,16.21,16.21,18900,0.0,1.0
2014-02-07,16.2,16.68,16.2,16.2,16.2,41500,0.0,1.0
2014-02-10,16.24,16.34,16.19,16.28,16.28,17400,0.0,1.0
2014-02-11,16.23,16.89,16.23,16.58,16.58,12400,0.0,1.0
2014-02-12,16.58,16.95,16.5,16.89,16.89,37900,0.0,1.0
2014-02-13,16.73,17.35,16.72,17.2,17.2,22000,0.0,1.0
2014-02-14,17.18,17.65,16.95,16.97,16.97,10700,0.0,1.0
2014-02-18,16.89,17.49,16.87,17.17,17.17,8400,0.0,1.0
2014-02-19,17.0,17.1762,16.51,16.66,16.66,26700,0.0,1.0
2014-02-20,16.59,16.9,16.5,16.81,16.81,35100,0.0,1.0
2014-02-21,17.25,19.72,17.25,18.25,18.25,49100,0.0,1.0
2014-02-24,18.22,19.15,18.17,19.14,19.14,23400,0.0,1.0
2014-02-25,19.08,19.09,18.32,18.66,18.66,9600,0.0,1.0
2014-02-26,18.75,19.27,18.29,18.42,18.42,11500,0.0,1.0
2014-02-27,18.41,19.1,18.3,18.99,18.99,15000,0.0,1.0
2014-02-28,19.04,19.23,17.69,18.1,18.1,30900,0.0,1.0
2014-03-03,17.88,18.72,17.88,18.54,18.54,19400,0.0,1.0
2014-03-04,18.79,20.03,18.61,19.39,19.39,66400,0.0,1.0
2014-03-05,19.6,19.6,18.7,18.7,18.7,31900,0.0,1.0
2014-03-06,18.81,18.98,18.626,18.7,18.7,12700,0.0,1.0
2014-03-07,18.76,19.54,18.68,18.8,18.8,78900,0.0,1.0
2014-03-10,18.54,18.78,18.2,18.46,18.46,23600,0.0,1.0
2014-03-11,18.83,18.83,18.24,18.34,18.34,27000,0.0,1.0
2014-03-12,18.2,18.49,18.08,18.38,18.38,11900,0.0,1.0
2014-03-13,18.39,18.42,17.65,18.17,18.17,23500,0.0,1.0
2014-03-14,18.15,18.4,17.05,17.92,17.92,15600,0.0,1.0
2014-03-17,18.05,18.14,17.755,18.0,18.0,13500,0.0,1.0
2014-03-18,17.97,18.25,17.89,18.1,18.1,33400,0.0,1.0
2014-03-19,18.02,18.3,17.28,18.0,18.0,8200,0.0,1.0
2014-03-20,18.04,18.31,17.95,17.99,17.99,8700,0.0,1.0
2014-03-21,18.12,18.2476,17.86,18.09,18.09,49100,0.0,1.0
2014-03-24,18.06,18.06,17.39,17.54,17.54,14300,0.0,1.0
2014-03-25,17.58,18.55,17.38,18.13,18.13,27200,0.0,1.0
2014-03-26,18.21,18.25,17.52,17.62,17.62,30700,0.0,1.0
2014-03-27,17.65,17.99,17.2001,17.89,17.89,11200,0.0,1.0
2014-03-28,17.85,18.19,17.54,17.62,17.62,11600,0.0,1.0
2014-03-31,17.78,18.53,17.78,18.13,18.13,34600,0.0,1.0
2014-04-01,18.11,18.56,18.0,18.33,18.33,30900,0.0,1.0
2014-04-02,18.32,18.32,17.86,17.96,17.96,12300,0.0,1.0
2014-04-03,17.87,18.33,17.37,17.57,17.57,24500,0.0,1.0
2014-04-04,17.76,18.0,16.84,17.3,17.3,35300,0.0,1.0
2014-04-07,17.3,17.365,16.7701,17.0,17.0,28500,0.0,1.0
2014-04-08,17.88,17.89,16.97,17.6,17.6,15200,0.0,1.0
2014-04-09,17.69,17.69,17.33,17.49,17.49,16800,0.0,1.0
2014-04-10,17.45,17.88,17.0204,17.5,17.5,40400,0.0,1.0
2014-04-11,17.35,17.56,16.7701,17.04,17.04,55400,0.0,1.0
2014-04-14,17.0,17.14,16.54,16.66,16.66,40200,0.0,1.0
2014-04-15,16.845,17.35,16.21,17.31,17.31,43900,0.0,1.0
2014-04-16,17.39,17.39,16.65,16.83,16.83,17300,0.0,1.0
2014-04-17,16.72,17.335,16.55,16.95,16.95,132800,0.0,1.0
2014-04-21,16.96,17.38,16.79,17.17,17.17,46800,0.0,1.0
2014-04-22,17.18,17.86,16.67,17.2,17.2,19300,0.0,1.0
2014-04-23,17.1,17.458,16.96,16.97,16.97,21200,0.0,1.0
2014-04-24,17.0,18.27,16.68,16.9,16.9,26100,0.0,1.0
2014-04-25,16.78,17.11,15.7948,16.18,16.18,41000,0.0,1.0
2014-04-28,16.19,16.54,15.94,16.42,16.42,62600,0.0,1.0
2014-04-29,16.41,16.48,15.92,16.15,16.15,17600,0.0,1.0
2014-04-30,16.06,16.3999,15.84,16.0,16.0,40700,0.0,1.0
2014-05-01,16.2,16.2,15.6,16.04,16.04,72100,0.0,1.0
2014-05-02,16.15,16.15,15.61,15.84,15.84,82200,0.0,1.0
2014-05-05,15.75,15.93,15.56,15.65,15.65,74000,0.0,1.0
2014-05-06,15.54,15.8,14.85,15.0,15.0,92000,0.0,1.0
2014-05-07,15.08,15.08,14.65,14.79,14.79,28100,0.0,1.0
2014-05-08,14.84,14.96,14.32,14.8,14.8,41900,0.0,1.0
2014-05-09,14.71,15.19,14.57,14.89,14.89,26700,0.0,1.0
2014-05-12,14.91,15.5,14.89,15.22,15.22,28500,0.0,1.0
2014-05-13,15.13,15.14,14.76,15.07,15.07,33700,0.0,1.0
2014-05-14,14.95,15.17,14.77,15.07,15.07,48500,0.0,1.0
2014-05-15,15.0,15.115,14.7,15.05,15.05,43400,0.0,1.0
2014-05-16,15.05,15.24,15.01,15.24,15.24,20100,0.0,1.0
2014-05-19,15.26,15.675,15.045,15.42,15.42,59600,0.0,1.0
2014-05-20,15.29,15.29,14.96,15.17,15.17,56300,0.0,1.0
2014-05-21,15.65,15.83,15.515,15.75,15.75,42900,0.0,1.0
2014-05-22,15.74,16.76,15.6,16.54,16.54,42000,0.0,1.0
2014-05-23,16.58,17.29,16.352,16.93,16.93,39200,0.0,1.0
2014-05-27,17.15,17.35,16.8575,17.33,17.33,15300,0.0,1.0
2014-05-28,17.34,17.34,16.73,16.73,16.73,11300,0.0,1.0
2014-05-29,16.77,17.11,16.59,17.03,17.03,23100,0.0,1.0
2014-05-30,17.08,17.08,16.3529,16.69,16.69,34600,0.0,1.0
2014-06-02,16.66,17.27,16.35,16.97,16.97,42600,0.0,1.0
2014-06-03,16.77,17.17,16.62,16.95,16.95,29500,0.0,1.0
2014-06-04,16.73,17.05,16.69,17.01,17.01,31500,0.0,1.0
2014-06-05,16.96,17.53,16.815,17.24,17.24,27100,0.0,1.0
2014-06-06,17.34,17.56,17.19,17.43,17.43,22900,0.0,1.0
2014-06-09,17.37,17.37,17.05,17.29,17.29,18500,0.0,1.0
2014-06-10,17.22,17.31,17.15,17.21,17.21,10300,0.0,1.0
2014-06-11,17.04,17.46,16.94,17.21,17.21,16100,0.0,1.0
2014-06-12,17.12,17.45,17.05,17.3,17.3,14700,0.0,1.0
2014-06-13,17.4,17.4,16.91,17.08,17.08,12600,0.0,1.0
2014-06-16,16.88,17.07,16.66,16.95,16.95,31500,0.0,1.0
2014-06-17,16.87,17.19,16.66,16.98,16.98,25400,0.0,1.0
2014-06-18,17.05,17.1,15.9,17.09,17.09,31500,0.0,1.0
2014-06-19,17.07,17.55,16.99,17.3,17.3,10200,0.0,1.0
2014-06-20,17.64,17.6699,17.41,17.57,17.57,68000,0.0,1.0
2014-06-23,17.56,18.0,17.41,17.82,17.82,49200,0.0,1.0
2014-06-24,18.0,18.03,17.47,17.79,17.79,33900,0.0,1.0
2014-06-25,17.62,17.99,17.42,17.88,17.88,13100,0.0,1.0
2014-06-26,17.82,18.48,17.39,18.32,18.32,35400,0.0,1.0
2014-06-27,18.14,19.81,18.05,19.81,19.81,88400,0.0,1.0
2014-06-30,19.56,19.86,19.24,19.63,19.63,36000,0.0,1.0
2014-07-01,19.27,19.51,18.3,19.04,19.04,120200,0.0,1.0
2014-07-02,18.94,19.24,18.395,19.12,19.12,49900,0.0,1.0
2014-07-03,19.15,19.15,18.58,18.96,18.96,5400,0.0,1.0
2014-07-07,18.88,18.88,18.07,18.38,18.38,18100,0.0,1.0
2014-07-08,18.62,18.815,17.36,17.71,17.71,77100,0.0,1.0
2014-07-09,17.7,18.83,17.25,17.53,17.53,15300,0.0,1.0
2014-07-10,17.25,17.35,16.81,17.17,17.17,77900,0.0,1.0
2014-07-11,17.06,17.32,16.81,17.04,17.04,11000,0.0,1.0
2014-07-14,17.05,17.37,16.885,17.31,17.31,16200,0.0,1.0
2014-07-15,17.22,17.5,17.02,17.09,17.09,15000,0.0,1.0
2014-07-16,17.12,17.33,16.87,17.08,17.08,31500,0.0,1.0
2014-07-17,16.88,17.2,16.765,17.0,17.0,32100,0.0,1.0
2014-07-18,16.89,17.13,16.875,17.13,17.13,18500,0.0,1.0
2014-07-21,17.01,17.13,16.96,17.05,17.05,10500,0.0,1.0
2014-07-22,17.21,17.25,16.92,17.05,17.05,13900,0.0,1.0
2014-07-23,16.98,17.27,16.98,17.06,17.06,18600,0.0,1.0
2014-07-24,16.79,17.55,16.79,17.25,17.25,42100,0.0,1.0
2014-07-25,17.1,17.73,16.97,17.68,17.68,23500,0.0,1.0
2014-07-28,17.64,17.97,17.43,17.43,17.43,6800,0.0,1.0
2014-07-29,17.39,17.75,17.138,17.27,17.27,10600,0.0,1.0
2014-07-30,17.35,17.84,17.35,17.55,17.55,11400,0.0,1.0
2014-07-31,17.3,17.35,16.9,16.96,16.96,43400,0.0,1.0
2014-08-01,17.0,17.06,16.75,16.93,16.93,19700,0.0,1.0
2014-08-04,16.92,17.12,16.75,16.83,16.83,30700,0.0,1.0
2014-08-05,16.7,17.24,16.7,17.14,17.14,69000,0.0,1.0
2014-08-06,17.05,17.2,16.66,16.92,16.92,40000,0.0,1.0
2014-08-07,16.99,17.105,16.75,16.82,16.82,16500,0.0,1.0
2014-08-08,16.79,17.07,16.79,16.99,16.99,21500,0.0,1.0
2014-08-11,17.0,17.0,16.67,16.67,16.67,19300,0.0,1.0
2014-08-12,16.56,16.905,16.22,16.35,16.35,14300,0.0,1.0
2014-08-13,16.39,16.57,16.3134,16.44,16.44,8800,0.0,1.0
2014-08-14,16.39,16.69,16.25,16.32,16.32,10500,0.0,1.0
2014-08-15,16.34,16.41,15.66,15.67,15.67,15900,0.0,1.0
2014-08-18,15.89,16.13,15.78,15.99,15.99,15000,0.0,1.0
2014-08-19,15.95,16.235,15.8401,16.05,16.05,23800,0.0,1.0
2014-08-20,15.93,16.02,15.54,15.88,15.88,13500,0.0,1.0
2014-08-21,15.78,15.78,15.5,15.54,15.54,12600,0.0,1.0
2014-08-22,15.5,15.59,15.17,15.19,15.19,13500,0.0,1.0
2014-08-25,15.21,15.36,14.91,15.02,15.02,16300,0.0,1.0
2014-08-26,14.99,15.33,14.95,15.2,15.2,27400,0.0,1.0
2014-08-27,15.15,15.83,15.15,15.69,15.69,45000,0.0,1.0
2014-08-28,15.59,15.75,15.02,15.58,15.58,15800,0.0,1.0
2014-08-29,15.58,16.34,15.58,16.01,16.01,25100,0.0,1.0
2014-09-02,16.05,17.43,16.02,17.11,17.11,49300,0.0,1.0
2014-09-03,17.13,17.17,16.29,16.75,16.75,32300,0.0,1.0
2014-09-04,16.74,17.2397,16.51,17.1,17.1,18600,0.0,1.0
2014-09-05,16.99,17.226,16.56,16.89,16.89,22200,0.0,1.0
2014-09-08,16.86,17.0,16.55,16.67,16.67,24100,0.0,1.0
2014-09-09,16.69,16.98,16.265,16.5,16.5,24500,0.0,1.0
2014-09-10,16.45,16.54,16.03,16.46,16.46,16700,0.0,1.0
2014-09-11,16.4,16.55,16.04,16.24,16.24,22600,0.0,1.0
2014-09-12,16.29,16.29,15.07,15.79,15.79,21900,0.0,1.0
2014-09-15,15.73,16.22,15.51,15.82,15.82,14800,0.0,1.0
2014-09-16,15.83,16.02,15.28,15.98,15.98,53500,0.0,1.0
2014-09-17,15.89,16.0,15.37,15.46,15.46,9900,0.0,1.0
2014-09-18,15.48,16.2,15.435,15.71,15.71,126300,0.0,1.0
2014-09-19,15.73,15.79,15.385,15.63,15.63,24900,0.0,1.0
2014-09-22,15.49,15.71,14.98,15.38,15.38,26200,0.0,1.0
2014-09-23,15.38,15.615,15.11,15.39,15.39,23000,0.0,1.0
2014-09-24,15.35,15.94,15.35,15.64,15.64,19779,0.0,1.0
2014-09-25,15.57,15.7899,14.86,14.89,14.89,33524,0.0,1.0
2014-09-26,14.96,15.27,14.9,15.06,15.06,19890,0.0,1.0
2014-09-29,14.96,15.21,14.43,14.53,14.53,20088,0.0,1.0
2014-09-30,14.48,15.24,14.48,14.86,14.86,205345,0.0,1.0
2014-10-01,14.8,15.03,14.36,14.56,14.56,34272,0.0,1.0
2014-10-02,14.64,15.59,14.64,14.69,14.69,19020,0.0,1.0
2014-10-03,14.89,15.09,14.66,14.7,14.7,12368,0.0,1.0
2014-10-06,14.78,14.9,14.27,14.3,14.3,17138,0.0,1.0
2014-10-07,14.15,14.65,13.91,13.97,13.97,17535,0.0,1.0
2014-10-08,13.95,14.39,13.9,14.38,14.38,18382,0.0,1.0
2014-10-09,14.29,14.88,14.0,14.27,14.27,32744,0.0,1.0
2014-10-10,14.13,14.26,14.1,14.18,14.18,14883,0.0,1.0
2014-10-13,14.14,15.13,14.14,14.62,14.62,30934,0.0,1.0
2014-10-14,14.81,14.9,14.65,14.66,14.66,22001,0.0,1.0
2014-10-15,14.64,14.92,14.31,14.32,14.32,35515,0.0,1.0
2014-10-16,14.11,15.26,14.11,14.555,14.555,28776,0.0,1.0
2014-10-17,17.32,17.44,15.72,16.0,16.0,194716,0.0,1.0
2014-10-20,16.02,16.26,15.75,15.9,15.9,23456,0.0,1.0
2014-10-21,15.93,17.43,15.93,17.3,17.3,31093,0.0,1.0
2014-10-22,17.3,17.5,16.49,17.35,17.35,28969,0.0,1.0
2014-10-23,17.4013,17.91,17.32,17.78,17.78,22253,0.0,1.0
2014-10-24,17.89,18.64,17.89,18.34,18.34,36438,0.0,1.0
2014-10-27,18.215,18.22,17.78,18.01,18.01,13219,0.0,1.0
2014-10-28,18.08,19.1049,17.98,19.08,19.08,43927,0.0,1.0
2014-10-29,19.02,19.09,18.18,18.33,18.33,28978,0.0,1.0
2014-10-30,18.32,18.705,18.25,18.56,18.56,26808,0.0,1.0
2014-10-31,19.0,19.0,18.0,18.14,18.14,81326,0.0,1.0
2014-11-03,18.5,19.05,18.352,18.5,18.5,44459,0.0,1.0
2014-11-04,18.37,18.54,18.35,18.38,18.38,19874,0.0,1.0
2014-11-05,18.54,18.54,18.25,18.49,18.49,11956,0.0,1.0
2014-11-06,18.46,18.61,18.28,18.5,18.5,38445,0.0,1.0
2014-11-07,18.47,18.672,18.45,18.61,18.61,13484,0.0,1.0
2014-11-10,18.65,18.65,18.18,18.56,18.56,81251,0.0,1.0
2014-11-11,18.48,18.63,18.3,18.47,18.47,21981,0.0,1.0
2014-11-12,18.5,18.76,18.4,18.75,18.75,43987,0.0,1.0
2014-11-13,18.66,19.13,18.63,18.99,18.99,24562,0.0,1.0
2014-11-14,18.9,18.9,17.73,17.77,17.77,50350,0.0,1.0
2014-11-17,17.69,18.67,17.69,18.47,18.47,22490,0.0,1.0
2014-11-18,18.46,18.555,17.6,17.6,17.6,13336,0.0,1.0
2014-11-19,17.48,17.926,17.08,17.65,17.65,23755,0.0,1.0
2014-11-20,17.55,17.58,17.32,17.5,17.5,6642,0.0,1.0
2014-11-21,17.85,17.85,17.5,17.57,17.57,12047,0.0,1.0
2014-11-24,17.6,17.65,17.38,17.57,17.57,23559,0.0,1.0
2014-11-25,17.5,17.56,17.18,17.52,17.52,18859,0.0,1.0
2014-11-26,17.55,17.81,17.3501,17.75,17.75,14053,0.0,1.0
2014-11-28,17.59,17.59,16.474,16.5,16.5,13826,0.0,1.0
2014-12-01,16.56,16.82,16.37,16.61,16.61,47030,0.0,1.0
2014-12-02,16.7,17.96,16.57,16.9,16.9,15518,0.0,1.0
2014-12-03,16.8,17.07,14.8701,15.19,15.19,114789,0.0,1.0
2014-12-04,15.38,15.59,14.05,14.21,14.21,56208,0.0,1.0
2014-12-05,14.17,14.64,13.8,13.99,13.99,37980,0.0,1.0
2014-12-08,14.0,14.22,13.57,13.62,13.62,44404,0.0,1.0
2014-12-09,13.03,13.26,12.41,12.76,12.76,68562,0.0,1.0
2014-12-10,12.38,12.579,11.7,12.15,12.15,60964,0.0,1.0
2014-12-11,11.95,12.3,10.83,10.9,10.9,262775,0.0,1.0
2014-12-12,9.88,10.12,9.73,9.73,9.73,1017184,0.0,1.0
2014-12-15,9.83,10.17,9.83,10.09,10.09,211557,0.0,1.0
2014-12-16,10.12,10.74,10.05,10.44,10.44,154028,0.0,1.0
2014-12-17,10.54,11.41,10.505,11.0,11.0,138014,0.0,1.0
2014-12-18,11.18,11.38,10.76,11.36,11.36,221287,0.0,1.0
2014-12-19,11.33,11.78,10.96,11.7,11.7,225718,0.0,1.0
2014-12-22,11.75,12.02,11.4564,11.9,11.9,107760,0.0,1.0
2014-12-23,12.02,12.53,11.74,12.17,12.17,114491,0.0,1.0
2014-12-24,12.22,12.65,11.62,11.76,11.76,41135,0.0,1.0
2014-12-26,11.77,12.26,11.75,12.03,12.03,39817,0.0,1.0
2014-12-29,11.96,12.429,11.96,12.37,12.37,60626,0.0,1.0
2014-12-30,12.29,12.79,12.1,12.45,12.45,55692,0.0,1.0
2014-12-31,12.53,12.84,12.29,12.33,12.33,50247,0.0,1.0
2015-01-02,12.37,12.37,11.73,12.29,12.29,219581,0.0,1.0
2015-01-05,12.16,12.25,11.94,12.04,12.04,115164,0.0,1.0
2015-01-06,12.13,12.38,12.0,12.2,12.2,71447,0.0,1.0
2015-01-07,12.28,12.87,12.11,12.68,12.68,81438,0.0,1.0
2015-01-08,12.8,13.0,12.63,12.88,12.88,93080,0.0,1.0
2015-01-09,12.91,13.155,12.3,12.38,12.38,134476,0.0,1.0
2015-01-12,12.41,12.41,12.011,12.22,12.22,48453,0.0,1.0
2015-01-13,12.35,12.51,12.1,12.5,12.5,90567,0.0,1.0
2015-01-14,12.29,12.65,11.95,12.54,12.54,115902,0.0,1.0
2015-01-15,12.6,12.8,12.33,12.57,12.57,121879,0.0,1.0
2015-01-16,12.52,13.36,12.52,13.02,13.02,385625,0.0,1.0
2015-01-20,12.99,13.025,11.89,12.0,12.0,185620,0.0,1.0
2015-01-21,12.0,12.51,11.957,12.38,12.38,109184,0.0,1.0
2015-01-22,12.51,12.68,12.13,12.66,12.66,48337,0.0,1.0
2015-01-23,12.59,12.69,12.3,12.52,12.52,63490,0.0,1.0
2015-01-26,12.53,12.68,12.51,12.65,12.65,31300,0.0,1.0
2015-01-27,12.54,12.85,12.37,12.68,12.68,29700,0.0,1.0
2015-01-28,12.81,12.85,12.03,12.08,12.08,67584,0.0,1.0
2015-01-29,12.14,12.44,12.0,12.43,12.43,38588,0.0,1.0
2015-01-30,12.27,12.76,11.9975,12.75,12.75,83243,0.0,1.0
2015-02-02,12.73,12.97,12.15,12.91,12.91,65601,0.0,1.0
2015-02-03,12.94,13.39,12.94,13.34,13.34,43030,0.0,1.0
2015-02-04,13.2,13.23,12.33,12.41,12.41,50602,0.0,1.0
2015-02-05,12.51,12.92,12.36,12.86,12.86,53734,0.0,1.0
2015-02-06,12.81,13.17,12.55,12.64,12.64,61091,0.0,1.0
2015-02-09,12.64,12.89,12.525,12.65,12.65,23250,0.0,1.0
2015-02-10,12.77,12.87,12.28,12.73,12.73,27819,0.0,1.0
2015-02-11,12.7,12.7,12.165,12.28,12.28,43451,0.0,1.0
2015-02-12,12.44,12.44,12.0,12.19,12.19,50900,0.0,1.0
2015-02-13,12.22,12.22,11.88,12.05,12.05,38126,0.0,1.0
2015-02-17,12.1,12.43,12.04,12.35,12.35,23719,0.0,1.0
2015-02-18,12.35,12.91,12.35,12.82,12.82,21304,0.0,1.0
2015-02-19,12.63,13.14,12.59,12.66,12.66,54756,0.0,1.0
2015-02-20,12.72,12.73,12.32,12.5,12.5,31340,0.0,1.0
2015-02-23,12.42,12.42,12.1,12.35,12.35,17697,0.0,1.0
2015-02-24,12.4,13.32,12.4,13.29,13.29,36573,0.0,1.0
2015-02-25,13.22,13.34,12.88,12.94,12.94,18964,0.0,1.0
2015-02-26,12.91,12.92,12.43,12.6,12.6,29434,0.0,1.0
2015-02-27,12.53,12.535,12.01,12.3,12.3,36141,0.0,1.0
2015-03-02,12.31,12.67,12.3,12.61,12.61,43606,0.0,1.0
2015-03-03,12.57,12.62,12.23,12.57,12.57,20712,0.0,1.0
2015-03-04,12.49,12.7,12.44,12.61,12.61,18917,0.0,1.0
2015-03-05,12.58,12.75,12.5,12.61,12.61,13579,0.0,1.0
2015-03-06,12.59,12.75,12.47,12.57,12.57,23559,0.0,1.0
2015-03-09,12.55,12.7,12.52,12.6,12.6,13422,0.0,1.0
2015-03-10,12.53,12.66,12.38,12.47,12.47,16093,0.0,1.0
2015-03-11,12.44,12.53,12.21,12.48,12.48,33275,0.0,1.0
2015-03-12,12.53,13.15,12.53,13.04,13.04,26552,0.0,1.0
2015-03-13,13.04,13.34,13.0,13.19,13.19,45649,0.0,1.0
2015-03-16,13.18,13.34,13.08,13.11,13.11,26036,0.0,1.0
2015-03-17,12.98,13.3,11.6405,13.04,13.04,85173,0.0,1.0
2015-03-18,12.96,12.96,12.26,12.84,12.84,61408,0.0,1.0
2015-03-19,12.75,13.03,11.28,11.6,11.6,73502,0.0,1.0
2015-03-20,11.65,12.21,10.7,12.13,12.13,148495,0.0,1.0
2015-03-23,12.03,12.03,11.31,11.79,11.79,88064,0.0,1.0
2015-03-24,11.73,12.4,11.656,11.89,11.89,34869,0.0,1.0
2015-03-25,11.97,12.05,11.0,11.0,11.0,77364,0.0,1.0
2015-03-26,11.27,11.65,11.06,11.62,11.62,44787,0.0,1.0
2015-03-27,11.59,11.8,11.15,11.44,11.44,88206,0.0,1.0
2015-03-30,11.43,12.3,11.36,12.08,12.08,87640,0.0,1.0
2015-03-31,11.83,12.06,11.55,11.7,11.7,111575,0.0,1.0
2015-04-01,11.59,12.33,11.38,12.33,12.33,88351,0.0,1.0
2015-04-02,12.13,12.75,12.0,12.65,12.65,64064,0.0,1.0
2015-04-06,12.62,12.94,12.515,12.86,12.86,42988,0.0,1.0
2015-04-07,12.94,13.24,12.72,12.94,12.94,37718,0.0,1.0
2015-04-08,12.88,13.07,12.78,13.01,13.01,53008,0.0,1.0
2015-04-09,13.25,13.46,12.83,13.34,13.34,44091,0.0,1.0
2015-04-10,13.43,13.57,13.13,13.48,13.48,27357,0.0,1.0
2015-04-13,13.47,13.67,13.255,13.43,13.43,30868,0.0,1.0
2015-04-14,13.51,13.9,13.26,13.76,13.76,28528,0.0,1.0
2015-04-15,13.8,14.18,13.5,13.69,13.69,77018,0.0,1.0
2015-04-16,13.62,14.08,13.525,13.68,13.68,152179,0.0,1.0
2015-04-17,13.58,13.82,12.79,12.81,12.81,158480,0.0,1.0
2015-04-20,13.04,13.04,12.635,12.74,12.74,37734,0.0,1.0
2015-04-21,12.73,12.73,12.13,12.27,12.27,82921,0.0,1.0
2015-04-22,12.22,12.22,11.73,12.02,12.02,86243,0.0,1.0
2015-04-23,12.12,12.19,11.9,12.17,12.17,79640,0.0,1.0
2015-04-24,12.12,12.2,11.942,12.03,12.03,16451,0.0,1.0
2015-04-27,11.97,12.135,11.64,12.11,12.11,67126,0.0,1.0
2015-04-28,12.16,12.16,11.91,12.03,12.03,67407,0.0,1.0
2015-04-29,11.89,12.09,11.72,12.0,12.0,41788,0.0,1.0
2015-04-30,11.88,11.94,11.63,11.72,11.72,38912,0.0,1.0
2015-05-01,11.71,11.83,11.6,11.71,11.71,33013,0.0,1.0
2015-05-04,11.68,11.92,11.47,11.51,11.51,47307,0.0,1.0
2015-05-05,11.47,11.53,11.24,11.3,11.3,42351,0.0,1.0
2015-05-06,11.31,11.55,11.06,11.26,11.26,50083,0.0,1.0
2015-05-07,11.25,11.79,11.2,11.79,11.79,25259,0.0,1.0
2015-05-08,11.93,13.23,11.93,12.59,12.59,55824,0.0,1.0
2015-05-11,12.5,12.91,12.449,12.83,12.83,28526,0.0,1.0
2015-05-12,12.68,13.16,12.35,13.06,13.06,36199,0.0,1.0
2015-05-13,13.09,13.57,12.93,12.99,12.99,50436,0.0,1.0
2015-05-14,12.915,13.19,12.905,13.16,13.16,43709,0.0,1.0
2015-05-15,13.17,13.24,12.9591,13.18,13.18,14155,0.0,1.0
2015-05-18,13.1,13.41,13.03,13.25,13.25,32354,0.0,1.0
2015-05-19,13.17,13.88,13.17,13.8,13.8,35442,0.0,1.0
2015-05-20,13.76,13.88,13.62,13.64,13.64,15493,0.0,1.0
2015-05-21,13.6,13.99,13.6,13.78,13.78,17645,0.0,1.0
2015-05-22,13.79,13.84,13.53,13.66,13.66,26073,0.0,1.0
2015-05-26,13.53,13.93,13.53,13.8,13.8,42364,0.0,1.0
2015-05-27,13.88,13.98,13.74,13.85,13.85,36634,0.0,1.0
2015-05-28,13.83,14.24,13.73,14.11,14.11,33121,0.0,1.0
2015-05-29,14.13,14.4,14.13,14.21,14.21,37776,0.0,1.0
2015-06-01,14.36,14.75,14.04,14.67,14.67,38703,0.0,1.0
2015-06-02,14.51,14.96,14.5,14.91,14.91,23576,0.0,1.0
2015-06-03,14.91,15.64,14.87,15.64,15.64,33317,0.0,1.0
2015-06-04,15.48,15.69,15.22,15.32,15.32,61149,0.0,1.0
2015-06-05,15.36,15.47,15.14,15.31,15.31,20371,0.0,1.0
2015-06-08,15.36,15.63,15.07,15.5,15.5,24520,0.0,1.0
2015-06-09,15.42,15.545,15.15,15.32,15.32,19199,0.0,1.0
2015-06-10,15.39,15.59,15.39,15.54,15.54,40820,0.0,1.0
2015-06-11,15.5,15.515,15.23,15.36,15.36,24901,0.0,1.0
2015-06-12,15.26,15.5,15.0301,15.44,15.44,41355,0.0,1.0
2015-06-15,15.24,15.48,14.72,15.2,15.2,77947,0.0,1.0
2015-06-16,15.09,15.51,15.05,15.47,15.47,62207,0.0,1.0
2015-06-17,15.45,15.545,15.304,15.47,15.47,34011,0.0,1.0
2015-06-18,15.47,15.56,15.35,15.47,15.47,44326,0.0,1.0
2015-06-19,15.5,15.57,15.13,15.55,15.55,244031,0.0,1.0
2015-06-22,15.6,16.114,15.52,15.83,15.83,100172,0.0,1.0
2015-06-23,15.86,15.955,15.6,15.69,15.69,27704,0.0,1.0
2015-06-24,15.59,15.64,14.97,15.24,15.24,97756,0.0,1.0
2015-06-25,15.28,15.38,15.04,15.21,15.21,25609,0.0,1.0
2015-06-26,15.23,15.6,15.12,15.24,15.24,381635,0.0,1.0
2015-06-29,15.03,15.42,14.6,14.61,14.61,29700,0.0,1.0
2015-06-30,14.59,14.73,14.3959,14.7,14.7,23878,0.0,1.0
2015-07-01,14.95,15.01,14.53,14.71,14.71,25174,0.0,1.0
2015-07-02,14.67,14.79,14.425,14.47,14.47,32332,0.0,1.0
2015-07-06,14.39,14.68,14.13,14.19,14.19,108047,0.0,1.0
2015-07-07,14.15,14.32,14.02,14.17,14.17,34266,0.0,1.0
2015-07-08,13.99,14.17,13.47,13.65,13.65,29832,0.0,1.0
2015-07-09,13.87,13.87,13.4,13.41,13.41,30388,0.0,1.0
2015-07-10,13.56,13.63,13.23,13.49,13.49,204334,0.0,1.0
2015-07-13,13.5,14.16,13.4268,14.11,14.11,35991,0.0,1.0
2015-07-14,14.08,14.16,13.71,13.78,13.78,18827,0.0,1.0
2015-07-15,13.85,14.1,13.7,13.84,13.84,28783,0.0,1.0
2015-07-16,13.89,14.07,13.74,13.87,13.87,35400,0.0,1.0
2015-07-17,13.84,14.21,13.84,14.17,14.17,65655,0.0,1.0
2015-07-20,14.1,14.18,13.54,13.58,13.58,22419,0.0,1.0
2015-07-21,13.54,13.61,13.15,13.6,13.6,30284,0.0,1.0
2015-07-22,13.62,13.835,13.56,13.67,13.67,10056,0.0,1.0
2015-07-23,13.65,13.75,13.07,13.12,13.12,12322,0.0,1.0
2015-07-24,13.1,13.21,12.75,12.79,12.79,22240,0.0,1.0
2015-07-27,12.67,12.74,12.5,12.69,12.69,13257,0.0,1.0
2015-07-28,12.71,12.86,12.52,12.76,12.76,16977,0.0,1.0
2015-07-29,12.55,13.3599,12.55,13.09,13.09,37627,0.0,1.0
2015-07-30,12.55,14.2997,11.6,12.63,12.63,67258,0.0,1.0
2015-07-31,12.71,12.86,12.63,12.85,12.85,17461,0.0,1.0
2015-08-03,12.83,12.83,12.4805,12.5,12.5,62437,0.0,1.0
2015-08-04,12.5,12.56,12.2,12.52,12.52,20673,0.0,1.0
2015-08-05,12.58,12.82,12.35,12.54,12.54,21512,0.0,1.0
2015-08-06,12.63,12.86,12.335,12.81,12.81,50749,0.0,1.0
2015-08-07,12.73,12.83,11.86,11.94,11.94,23680,0.0,1.0
2015-08-10,11.98,12.4,11.85,12.39,12.39,37203,0.0,1.0
2015-08-11,12.21,12.66,12.13,12.62,12.62,13233,0.0,1.0
2015-08-12,12.45,12.75,12.43,12.68,12.68,11494,0.0,1.0
2015-08-13,12.73,12.75,12.5901,12.69,12.69,35191,0.0,1.0
2015-08-14,12.63,12.92,12.58,12.7,12.7,23183,0.0,1.0
2015-08-17,12.7,13.21,12.68,12.85,12.85,25038,0.0,1.0
2015-08-18,12.75,12.984,12.47,12.55,12.55,24522,0.0,1.0
2015-08-19,12.51,12.64,12.08,12.11,12.11,11288,0.0,1.0
2015-08-20,11.92,12.12,11.71,11.76,11.76,20928,0.0,1.0
2015-08-21,11.5,11.83,11.5,11.65,11.65,37173,0.0,1.0
2015-08-24,11.09,11.44,10.5,11.03,11.03,61529,0.0,1.0
2015-08-25,11.34,11.34,10.425,10.49,10.49,23038,0.0,1.0
2015-08-26,10.75,11.08,10.75,11.0,11.0,65736,0.0,1.0
2015-08-27,11.1,11.1963,10.86,11.06,11.06,50185,0.0,1.0
2015-08-28,10.95,11.28,10.95,11.25,11.25,57881,0.0,1.0
2015-08-31,11.27,11.96,11.06,11.92,11.92,105694,0.0,1.0
2015-09-01,11.63,12.19,11.35,11.46,11.46,48302,0.0,1.0
2015-09-02,11.58,11.95,11.5,11.82,11.82,29011,0.0,1.0
2015-09-03,12.17,12.17,11.71,11.72,11.72,28116,0.0,1.0
2015-09-04,11.61,11.67,11.46,11.57,11.57,11534,0.0,1.0
2015-09-08,11.82,12.105,11.68,12.09,12.09,98969,0.0,1.0
2015-09-09,12.25,12.25,11.66,11.67,11.67,33383,0.0,1.0
2015-09-10,11.6522,11.77,11.38,11.55,11.55,13421,0.0,1.0
2015-09-11,11.43,11.81,11.32,11.79,11.79,28019,0.0,1.0
2015-09-14,11.48,11.66,11.35,11.36,11.36,21572,0.0,1.0
2015-09-15,11.45,11.74,11.39,11.71,11.71,11394,0.0,1.0
2015-09-16,11.67,11.94,11.43,11.87,11.87,29965,0.0,1.0
2015-09-17,11.82,12.2,11.6,11.93,11.93,106030,0.0,1.0
2015-09-18,11.71,12.2,11.69,11.79,11.79,107716,0.0,1.0
2015-09-21,12.04,12.1,11.44,11.48,11.48,19838,0.0,1.0
2015-09-22,11.34,11.42,11.1,11.21,11.21,116002,0.0,1.0
2015-09-23,11.28,11.28,11.14,11.23,11.23,21076,0.0,1.0
2015-09-24,11.14,11.2,11.01,11.13,11.13,30419,0.0,1.0
2015-09-25,11.22,11.25,10.77,10.78,10.78,149824,0.0,1.0
2015-09-28,10.74,10.97,10.56,10.6,10.6,92152,0.0,1.0
2015-09-29,10.57,10.57,10.08,10.17,10.17,31450,0.0,1.0
2015-09-30,10.3,10.34,10.05,10.27,10.27,89331,0.0,1.0
2015-10-01,10.15,10.33,9.95,10.03,10.03,51350,0.0,1.0
2015-10-02,9.94,10.0,9.64,9.98,9.98,69356,0.0,1.0
2015-10-05,10.05,10.33,10.04,10.21,10.21,58408,0.0,1.0
2015-10-06,10.18,10.3,9.98,10.04,10.04,63206,0.0,1.0
2015-10-07,10.21,10.47,10.02,10.46,10.46,84880,0.0,1.0
2015-10-08,10.514,10.82,10.3,10.73,10.73,81726,0.0,1.0
2015-10-09,10.79,10.9,10.72,10.89,10.89,29649,0.0,1.0
2015-10-12,10.88,10.88,10.66,10.79,10.79,22434,0.0,1.0
2015-10-13,10.7,10.81,10.27,10.35,10.35,19442,0.0,1.0
2015-10-14,10.32,10.32,9.745,9.78,9.78,47749,0.0,1.0
2015-10-15,9.86,9.86,9.52,9.81,9.81,44820,0.0,1.0
2015-10-16,9.85,10.3,9.83,9.91,9.91,114085,0.0,1.0
2015-10-19,9.9,10.05,9.805,9.86,9.86,46762,0.0,1.0
2015-10-20,9.81,9.98,9.72,9.84,9.84,50731,0.0,1.0
2015-10-21,10.12,11.34,10.12,10.98,10.98,131969,0.0,1.0
2015-10-22,11.51,12.66,11.51,12.39,12.39,215254,0.0,1.0
2015-10-23,12.76,12.76,11.97,12.49,12.49,150559,0.0,1.0
2015-10-26,12.49,12.57,12.28,12.33,12.33,71536,0.0,1.0
2015-10-27,12.24,12.24,11.68,11.85,11.85,42604,0.0,1.0
2015-10-28,11.8,12.0399,11.68,11.99,11.99,63191,0.0,1.0
2015-10-29,11.98,12.02,11.86,11.96,11.96,33523,0.0,1.0
2015-10-30,11.97,11.98,11.71,11.92,11.92,45022,0.0,1.0
2015-11-02,11.93,12.19,11.93,12.0,12.0,134988,0.0,1.0
2015-11-03,11.96,12.1,11.95,11.97,11.97,42089,0.0,1.0
2015-11-04,12.01,12.12,11.82,11.94,11.94,42332,0.0,1.0
2015-11-05,11.94,11.94,11.51,11.55,11.55,42430,0.0,1.0
2015-11-06,11.51,11.58,11.25,11.43,11.43,57196,0.0,1.0
2015-11-09,11.45,11.49,11.2516,11.33,11.33,24901,0.0,1.0
2015-11-10,11.41,11.45,11.08,11.24,11.24,15833,0.0,1.0
2015-11-11,12.35,12.35,11.31,11.35,11.35,39882,0.0,1.0
2015-11-12,11.37,11.37,10.77,10.82,10.82,41508,0.0,1.0
2015-11-13,10.75,11.11,10.75,11.02,11.02,24324,0.0,1.0
2015-11-16,10.91,10.98,10.81,10.9,10.9,38665,0.0,1.0
2015-11-17,10.71,10.85,10.28,10.34,10.34,45638,0.0,1.0
2015-11-18,10.43,10.6725,10.25,10.41,10.41,99066,0.0,1.0
2015-11-19,10.46,10.51,10.345,10.45,10.45,22281,0.0,1.0
2015-11-20,10.53,11.02,10.42,10.49,10.49,38497,0.0,1.0
2015-11-23,10.52,10.81,10.52,10.67,10.67,27612,0.0,1.0
2015-11-24,10.57,10.7,10.55,10.65,10.65,21621,0.0,1.0
2015-11-25,10.68,10.765,10.395,10.69,10.69,52259,0.0,1.0
2015-11-27,10.73,10.94,10.73,10.9,10.9,21955,0.0,1.0
2015-11-30,10.91,11.04,10.78,10.9,10.9,37309,0.0,1.0
2015-12-01,10.91,11.05,10.78,10.98,10.98,35500,0.0,1.0
2015-12-02,11.0,11.1666,11.0,11.0,11.0,42598,0.0,1.0
2015-12-03,10.99,11.06,9.94,10.0,10.0,37019,0.0,1.0
2015-12-04,9.99,10.07,9.48,9.85,9.85,82951,0.0,1.0
2015-12-07,9.81,10.4983,9.57,9.78,9.78,66988,0.0,1.0
2015-12-08,10.43,10.5,9.58,10.02,10.02,58452,0.0,1.0
2015-12-09,9.9,10.18,9.9,10.13,10.13,63697,0.0,1.0
2015-12-10,10.13,10.22,9.89,9.99,9.99,30925,0.0,1.0
2015-12-11,9.79,10.11,9.76,9.81,9.81,36578,0.0,1.0
2015-12-14,9.79,9.96,9.77,9.87,9.87,27216,0.0,1.0
2015-12-15,9.9,9.985,9.75,9.94,9.94,23556,0.0,1.0
2015-12-16,9.97,10.1,9.83,9.87,9.87,70349,0.0,1.0
2015-12-17,9.87,10.27,9.5,9.52,9.52,19234,0.0,1.0
2015-12-18,9.46,9.58,9.09,9.12,9.12,107985,0.0,1.0
2015-12-21,9.21,9.23,8.97,9.16,9.16,18895,0.0,1.0
2015-12-22,9.05,9.24,8.9,9.18,9.18,91844,0.0,1.0
2015-12-23,9.17,9.95,8.95,9.85,9.85,208372,0.0,1.0
2015-12-24,9.79,10.1499,9.76,9.8,9.8,40754,0.0,1.0
2015-12-28,9.72,10.2,9.62,10.15,10.15,25361,0.0,1.0
2015-12-29,10.24,10.4,10.21,10.37,10.37,32674,0.0,1.0
2015-12-30,10.38,10.78,10.17,10.63,10.63,34112,0.0,1.0
2015-12-31,10.66,10.86,10.55,10.6,10.6,53035,0.0,1.0
2016-01-04,10.42,10.45,9.93,10.27,10.27,44167,0.0,1.0
2016-01-05,10.34,10.45,9.85,10.4,10.4,21082,0.0,1.0
2016-01-06,10.25,10.31,9.82,10.15,10.15,45430,0.0,1.0
2016-01-07,9.95,9.95,9.54,9.82,9.82,32403,0.0,1.0
2016-01-08,9.83,10.04,9.83,9.88,9.88,66181,0.0,1.0
2016-01-11,9.828,10.0099,9.52,9.54,9.54,38300,0.0,1.0
2016-01-12,9.6,9.6,8.68,8.8,8.8,46073,0.0,1.0
2016-01-13,8.83,9.15,8.28,8.39,8.39,76910,0.0,1.0
2016-01-14,8.49,8.91,8.27,8.75,8.75,39467,0.0,1.0
2016-01-15,8.49,8.57,8.32,8.44,8.44,30798,0.0,1.0
2016-01-19,8.5,8.59,8.41,8.53,8.53,43421,0.0,1.0
2016-01-20,8.43,9.16,8.237,9.04,9.04,59881,0.0,1.0
2016-01-21,9.09,9.3,8.82,9.11,9.11,32139,0.0,1.0
2016-01-22,9.25,9.57,9.15,9.54,9.54,49844,0.0,1.0
2016-01-25,9.49,9.63,9.425,9.44,9.44,45528,0.0,1.0
2016-01-26,9.54,9.74,9.47,9.68,9.68,13858,0.0,1.0
2016-01-27,9.49,9.7,9.45,9.52,9.52,123156,0.0,1.0
2016-01-28,9.58,9.62,9.08,9.1,9.1,63076,0.0,1.0
2016-01-29,9.1,9.62,9.1,9.54,9.54,29507,0.0,1.0
2016-02-01,9.43,9.69,9.23,9.46,9.46,25234,0.0,1.0
2016-02-02,9.31,9.55,8.82,8.86,8.86,16201,0.0,1.0
2016-02-03,8.99,9.175,8.64,8.67,8.67,66713,0.0,1.0
2016-02-04,8.69,8.94,8.48,8.53,8.53,32326,0.0,1.0
2016-02-05,8.51,8.915,8.11,8.18,8.18,33310,0.0,1.0
2016-02-08,8.295,8.565,7.95,8.39,8.39,35878,0.0,1.0
2016-02-09,8.27,8.49,7.92,8.09,8.09,19574,0.0,1.0
2016-02-10,8.19,8.19,7.22,7.43,7.43,45046,0.0,1.0
2016-02-11,7.3,7.8099,7.3,7.7,7.7,22897,0.0,1.0
2016-02-12,7.74,8.08,7.55,7.59,7.59,30687,0.0,1.0
2016-02-16,7.71,7.83,7.58,7.69,7.69,17600,0.0,1.0
2016-02-17,7.72,8.14,7.39,8.01,8.01,26318,0.0,1.0
2016-02-18,8.0,8.13,8.0,8.01,8.01,45160,0.0,1.0
2016-02-19,7.98,8.25,7.58,7.76,7.76,34176,0.0,1.0
2016-02-22,8.33,8.33,7.63,7.71,7.71,23401,0.0,1.0
2016-02-23,7.41,7.97,7.41,7.6,7.6,11877,0.0,1.0
2016-02-24,7.49,7.865,7.31,7.56,7.56,22580,0.0,1.0
2016-02-25,7.6,7.8,7.19,7.45,7.45,15661,0.0,1.0
2016-02-26,7.47,7.8,7.45,7.64,7.64,20909,0.0,1.0
2016-02-29,7.78,7.94,7.54,7.68,7.68,14721,0.0,1.0
2016-03-01,7.76,8.07,7.53,8.01,8.01,31509,0.0,1.0
2016-03-02,7.97,8.29,7.9,8.28,8.28,23788,0.0,1.0
2016-03-03,8.42,9.03,8.155,8.39,8.39,56039,0.0,1.0
2016-03-04,8.39,8.886,8.27,8.81,8.81,44121,0.0,1.0
2016-03-07,8.81,10.06,8.81,9.44,9.44,71578,0.0,1.0
2016-03-08,7.81,9.26,7.81,8.91,8.91,76165,0.0,1.0
2016-03-09,8.95,9.2,8.7,8.96,8.96,35104,0.0,1.0
2016-03-10,8.79,9.05,8.48,8.48,8.48,42005,0.0,1.0
2016-03-11,8.66,8.95,8.56,8.8,8.8,29234,0.0,1.0
2016-03-14,8.78,9.01,8.43,8.97,8.97,21766,0.0,1.0
2016-03-15,8.95,8.98,8.22,8.24,8.24,20896,0.0,1.0
2016-03-16,8.35,8.57,7.91,8.33,8.33,20370,0.0,1.0
2016-03-17,8.3,9.26,7.58,9.15,9.15,47875,0.0,1.0
2016-03-18,9.15,9.43,8.9,8.98,8.98,212961,0.0,1.0
2016-03-21,8.94,9.34,8.73,9.23,9.23,58316,0.0,1.0
2016-03-22,9.28,9.3675,8.96,9.2,9.2,23734,0.0,1.0
2016-03-23,9.16,9.35,8.92,8.96,8.96,28371,0.0,1.0
2016-03-24,9.26,9.26,8.89,9.2,9.2,16866,0.0,1.0
2016-03-28,9.29,9.41,9.0,9.08,9.08,22170,0.0,1.0
2016-03-29,9.36,9.88,8.9,9.82,9.82,38656,0.0,1.0
2016-03-30,9.93,10.18,9.71,9.73,9.73,42515,0.0,1.0
2016-03-31,9.75,10.11,9.5,9.94,9.94,61930,0.0,1.0
2016-04-01,9.84,9.95,9.49,9.82,9.82,17307,0.0,1.0
2016-04-04,9.82,10.05,9.57,9.95,9.95,41193,0.0,1.0
2016-04-05,9.83,10.1,9.83,10.05,10.05,50028,0.0,1.0
2016-04-06,10.09,10.13,9.75,10.1,10.1,26376,0.0,1.0
2016-04-07,10.03,10.25,9.8,10.23,10.23,24093,0.0,1.0
2016-04-08,10.23,10.3,10.08,10.18,10.18,57855,0.0,1.0
2016-04-11,10.21,10.29,9.975,10.15,10.15,34290,0.0,1.0
2016-04-12,10.19,10.53,9.92,10.49,10.49,26463,0.0,1.0
2016-04-13,10.54,10.75,10.2,10.75,10.75,25697,0.0,1.0
2016-04-14,10.72,10.89,10.45,10.77,10.77,22756,0.0,1.0
2016-04-15,10.68,10.9,10.64,10.67,10.67,49942,0.0,1.0
2016-04-18,10.55,10.85,10.4,10.78,10.78,31485,0.0,1.0
2016-04-19,10.51,10.76,10.34,10.41,10.41,29994,0.0,1.0
2016-04-20,10.25,11.01,10.2,10.89,10.89,93444,0.0,1.0
2016-04-21,10.62,10.92,10.55,10.79,10.79,47703,0.0,1.0
2016-04-22,10.78,10.89,10.65,10.73,10.73,63539,0.0,1.0
2016-04-25,10.55,10.85,10.26,10.69,10.69,37792,0.0,1.0
2016-04-26,10.55,11.0,10.46,10.86,10.86,72809,0.0,1.0
2016-04-27,10.85,10.88,10.6,10.78,10.78,12305,0.0,1.0
2016-04-28,10.55,10.89,10.52,10.7,10.7,39602,0.0,1.0
2016-04-29,10.73,10.808,10.34,10.4,10.4,22636,0.0,1.0
2016-05-02,10.56,10.6,10.3,10.59,10.59,138568,0.0,1.0
2016-05-03,10.49,10.68,10.41,10.57,10.57,69554,0.0,1.0
2016-05-04,10.75,10.75,10.32,10.58,10.58,139931,0.0,1.0
2016-05-05,10.38,10.9,9.61,9.94,9.94,129455,0.0,1.0
2016-05-06,9.83,9.9,9.6375,9.9,9.9,84158,0.0,1.0
2016-05-09,9.85,10.31,9.78,10.3,10.3,117337,0.0,1.0
2016-05-10,10.23,10.45,10.23,10.32,10.32,157681,0.0,1.0
2016-05-11,10.34,10.39,10.0,10.06,10.06,33466,0.0,1.0
2016-05-12,10.05,10.08,9.73,9.99,9.99,43580,0.0,1.0
2016-05-13,9.89,10.04,9.85,9.99,9.99,130368,0.0,1.0
2016-05-16,9.99,10.11,9.91,10.02,10.02,52602,0.0,1.0
2016-05-17,9.98,10.14,9.855,10.05,10.05,46414,0.0,1.0
2016-05-18,10.0,10.28,9.92,10.09,10.09,28283,0.0,1.0
2016-05-19,9.96,10.03,9.7,9.96,9.96,16838,0.0,1.0
2016-05-20,10.0,10.38,9.95,10.32,10.32,46252,0.0,1.0
2016-05-23,10.32,10.535,10.3,10.43,10.43,101461,0.0,1.0
2016-05-24,10.68,11.24,10.63,11.22,11.22,42599,0.0,1.0
2016-05-25,11.21,11.6,10.91,11.53,11.53,36883,0.0,1.0
2016-05-26,11.55,11.56,10.97,11.26,11.26,73170,0.0,1.0
2016-05-27,11.2,11.5,11.16,11.47,11.47,23891,0.0,1.0
2016-05-31,11.46,11.98,11.46,11.9,11.9,44438,0.0,1.0
2016-06-01,11.77,11.99,11.63,11.98,11.98,21483,0.0,1.0
2016-06-02,11.87,12.3,11.7,12.08,12.08,49017,0.0,1.0
2016-06-03,12.0,12.29,11.79,12.21,12.21,44346,0.0,1.0
2016-06-06,12.05,12.34,12.05,12.22,12.22,23259,0.0,1.0
2016-06-07,12.23,12.3499,11.94,12.05,12.05,41594,0.0,1.0
2016-06-08,11.85,12.71,11.84,12.43,12.43,85520,0.0,1.0
2016-06-09,12.3,12.67,12.04,12.46,12.46,65570,0.0,1.0
2016-06-10,12.28,12.5,11.93,12.2,12.2,49220,0.0,1.0
2016-06-13,12.04,12.58,12.04,12.51,12.51,70047,0.0,1.0
2016-06-14,12.41,13.1,12.41,12.59,12.59,132265,0.0,1.0
2016-06-15,12.69,12.9,11.23,12.89,12.89,32230,0.0,1.0
2016-06-16,12.52,12.9551,12.52,12.84,12.84,83895,0.0,1.0
2016-06-17,12.88,13.02,12.84,13.01,13.01,63157,0.0,1.0
2016-06-20,13.2,13.2,13.05,13.08,13.08,66910,0.0,1.0
2016-06-21,13.07,13.3,12.96,13.1,13.1,35754,0.0,1.0
2016-06-22,13.18,13.25,12.83,13.04,13.04,27499,0.0,1.0
2016-06-23,13.24,13.38,12.455,13.0,13.0,79487,0.0,1.0
2016-06-24,12.3,12.78,11.21,12.78,12.78,251066,0.0,1.0
2016-06-27,12.56,12.56,12.01,12.15,12.15,24315,0.0,1.0
2016-06-28,12.28,12.61,12.01,12.34,12.34,34671,0.0,1.0
2016-06-29,12.52,12.7,12.025,12.25,12.25,83925,0.0,1.0
2016-06-30,12.21,12.32,12.09,12.21,12.21,39911,0.0,1.0
2016-07-01,12.18,12.54,12.09,12.18,12.18,28718,0.0,1.0
2016-07-05,12.1,12.49,11.93,12.0,12.0,29230,0.0,1.0
2016-07-06,11.94,12.15,11.84,12.08,12.08,18426,0.0,1.0
2016-07-07,12.14,12.35,12.14,12.3,12.3,18181,0.0,1.0
2016-07-08,12.42,12.64,12.052,12.5,12.5,38701,0.0,1.0
2016-07-11,12.47,12.75,12.3391,12.73,12.73,17760,0.0,1.0
2016-07-12,12.71,12.79,12.39,12.7,12.7,34064,0.0,1.0
2016-07-13,12.8,12.8,12.38,12.53,12.53,30736,0.0,1.0
2016-07-14,12.73,12.79,12.65,12.75,12.75,26872,0.0,1.0
2016-07-15,12.8,12.8,12.49,12.8,12.8,102661,0.0,1.0
2016-07-18,12.71,12.95,12.69,12.87,12.87,42608,0.0,1.0
2016-07-19,12.89,12.9499,12.8,12.83,12.83,20444,0.0,1.0
2016-07-20,12.8,12.85,12.69,12.71,12.71,43016,0.0,1.0
2016-07-21,12.78,12.88,12.55,12.58,12.58,12410,0.0,1.0
2016-07-22,12.52,12.73,12.27,12.43,12.43,23993,0.0,1.0
2016-07-25,12.39,12.42,11.97,11.99,11.99,23943,0.0,1.0
2016-07-26,11.93,12.25,11.93,12.14,12.14,22988,0.0,1.0
2016-07-27,12.14,12.2,12.0001,12.07,12.07,18707,0.0,1.0
2016-07-28,12.205,13.11,12.205,13.09,13.09,32040,0.0,1.0
2016-07-29,13.07,13.08,12.39,12.61,12.61,73816,0.0,1.0
2016-08-01,12.65,12.78,12.47,12.54,12.54,46180,0.0,1.0
2016-08-02,12.64,12.72,12.5,12.62,12.62,24685,0.0,1.0
2016-08-03,12.69,12.92,12.6,12.71,12.71,34308,0.0,1.0
2016-08-04,12.82,12.88,12.78,12.84,12.84,36564,0.0,1.0
2016-08-05,12.99,12.99,12.6901,12.84,12.84,36678,0.0,1.0
2016-08-08,12.83,12.94,12.79,12.84,12.84,18878,0.0,1.0
2016-08-09,12.84,12.985,12.77,12.8,12.8,62244,0.0,1.0
2016-08-10,12.75,12.85,12.54,12.66,12.66,43856,0.0,1.0
2016-08-11,12.75,12.79,12.56,12.7,12.7,40077,0.0,1.0
2016-08-12,12.7,13.0,12.47,12.5,12.5,27835,0.0,1.0
2016-08-15,12.8,12.8,12.47,12.5,12.5,24264,0.0,1.0
2016-08-16,12.46,12.74,12.0,12.48,12.48,52388,0.0,1.0
2016-08-17,12.39,12.5,12.25,12.39,12.39,54285,0.0,1.0
2016-08-18,12.36,12.39,12.28,12.35,12.35,24886,0.0,1.0
2016-08-19,12.35,12.47,12.2977,12.33,12.33,37443,0.0,1.0
2016-08-22,12.21,12.36,11.95,12.31,12.31,103540,0.0,1.0
2016-08-23,12.25,12.788,12.25,12.59,12.59,54464,0.0,1.0
2016-08-24,12.53,13.52,12.53,13.26,13.26,68482,0.0,1.0
2016-08-25,13.34,13.5,13.34,13.46,13.46,193120,0.0,1.0
2016-08-26,13.47,13.87,13.47,13.77,13.77,156556,0.0,1.0
2016-08-29,13.83,13.91,13.68,13.72,13.72,116647,0.0,1.0
2016-08-30,13.7,13.97,13.7,13.9,13.9,334023,0.0,1.0
2016-08-31,13.89,14.2,13.78,13.81,13.81,75004,0.0,1.0
2016-09-01,13.85,13.85,13.19,13.35,13.35,43209,0.0,1.0
2016-09-02,13.29,13.3499,12.76,13.16,13.16,40961,0.0,1.0
2016-09-06,13.08,13.53,13.08,13.35,13.35,69219,0.0,1.0
2016-09-07,13.35,13.4,13.21,13.33,13.33,80012,0.0,1.0
2016-09-08,13.35,13.35,13.0,13.35,13.35,120638,0.0,1.0
2016-09-09,13.31,13.31,12.75,12.75,12.75,21891,0.0,1.0
2016-09-12,12.8,13.39,12.8,13.35,13.35,67542,0.0,1.0
2016-09-13,13.3,13.32,12.75,12.77,12.77,34875,0.0,1.0
2016-09-14,12.89,13.11,12.44,13.02,13.02,30832,0.0,1.0
2016-09-15,13.043,13.35,12.98,13.33,13.33,23361,0.0,1.0
2016-09-16,13.35,13.35,13.02,13.21,13.21,134460,0.0,1.0
2016-09-19,13.1,13.1374,12.6301,12.89,12.89,67571,0.0,1.0
2016-09-20,13.0,13.62,12.91,13.535,13.535,108481,0.0,1.0
2016-09-21,13.56,13.56,13.12,13.47,13.47,30090,0.0,1.0
2016-09-22,13.5,13.66,13.35,13.58,13.58,60650,0.0,1.0
2016-09-23,13.57,13.66,13.1,13.43,13.43,46500,0.0,1.0
2016-09-26,13.24,13.39,13.06,13.25,13.25,27956,0.0,1.0
2016-09-27,13.23,13.36,13.03,13.17,13.17,48510,0.0,1.0
2016-09-28,13.16,13.5,13.05,13.49,13.49,95344,0.0,1.0
2016-09-29,13.44,13.54,13.23,13.43,13.43,53451,0.0,1.0
2016-09-30,13.35,13.5,13.25,13.28,13.28,59027,0.0,1.0
2016-10-03,13.2,13.49,13.16,13.42,13.42,52762,0.0,1.0
2016-10-04,13.44,13.5,13.09,13.3,13.3,27894,0.0,1.0
2016-10-05,13.33,13.5,13.22,13.24,13.24,24599,0.0,1.0
2016-10-06,13.18,13.36,13.12,13.24,13.24,40903,0.0,1.0
2016-10-07,13.19,13.5,13.05,13.16,13.16,73337,0.0,1.0
2016-10-10,13.2,13.35,13.075,13.2,13.2,59142,0.0,1.0
2016-10-11,13.2,13.2,13.0,13.1,13.1,25021,0.0,1.0
2016-10-12,13.1,13.2,12.95,13.15,13.15,21749,0.0,1.0
2016-10-13,13.05,13.05,12.705,12.75,12.75,17999,0.0,1.0
2016-10-14,12.95,12.95,12.7,12.75,12.75,11855,0.0,1.0
2016-10-17,12.1,13.15,12.1,13.0,13.0,18367,0.0,1.0
2016-10-18,13.2,13.2,12.5065,13.0,13.0,23058,0.0,1.0
2016-10-19,13.0,13.25,12.675,13.1,13.1,33181,0.0,1.0
2016-10-20,13.2,13.4,12.75,12.8,12.8,58529,0.0,1.0
2016-10-21,12.75,12.75,11.85,12.65,12.65,164945,0.0,1.0
2016-10-24,12.95,13.35,12.55,13.35,13.35,67783,0.0,1.0
2016-10-25,13.3,13.3,12.41,13.2,13.2,30875,0.0,1.0
2016-10-26,13.15,13.25,12.7,12.8,12.8,22319,0.0,1.0
2016-10-27,12.8,12.9,12.75,12.85,12.85,22637,0.0,1.0
2016-10-28,13.0,13.1,12.85,12.9,12.9,16103,0.0,1.0
2016-10-31,12.9,13.15,12.8,13.1,13.1,38685,0.0,1.0
2016-11-01,13.45,13.45,13.0,13.25,13.25,24869,0.0,1.0
2016-11-02,13.2,13.275,12.8,13.0,13.0,68197,0.0,1.0
2016-11-03,13.0,13.45,12.5,12.55,12.55,26791,0.0,1.0
2016-11-04,12.95,13.2,12.8,13.05,13.05,52578,0.0,1.0
2016-11-07,13.35,13.45,13.0,13.25,13.25,88193,0.0,1.0
2016-11-08,13.15,13.85,13.15,13.4,13.4,79170,0.0,1.0
2016-11-09,13.35,14.0,12.7,14.0,14.0,44834,0.0,1.0
2016-11-10,14.0,14.5,13.4,14.05,14.05,187090,0.0,1.0
2016-11-11,14.05,14.35,14.0,14.15,14.15,87534,0.0,1.0
2016-11-14,14.25,14.4,14.0,14.15,14.15,69320,0.0,1.0
2016-11-15,14.2,15.55,14.15,15.35,15.35,40757,0.0,1.0
2016-11-16,15.35,15.6,14.75,15.0,15.0,97118,0.0,1.0
2016-11-17,15.0,15.25,14.65,14.95,14.95,23558,0.0,1.0
2016-11-18,14.9,15.05,14.85,15.05,15.05,43145,0.0,1.0
2016-11-21,15.05,15.15,14.8,15.15,15.15,22916,0.0,1.0
2016-11-22,15.15,15.8,15.0,15.4,15.4,47066,0.0,1.0
2016-11-23,15.4,16.0,15.2,15.95,15.95,77784,0.0,1.0
2016-11-25,15.8,16.4,15.7,16.4,16.4,33867,0.0,1.0
2016-11-28,16.3,16.6,16.0,16.4,16.4,45490,0.0,1.0
2016-11-29,16.45,16.45,16.1,16.3,16.3,29270,0.0,1.0
2016-11-30,16.4,16.75,14.61,16.3,16.3,27657,0.0,1.0
2016-12-01,16.25,16.25,15.9,16.05,16.05,63413,0.0,1.0
2016-12-02,16.1,16.1,14.75,14.8,14.8,68746,0.0,1.0
2016-12-05,14.95,15.7,14.95,15.6,15.6,33472,0.0,1.0
2016-12-06,15.8,16.025,15.3,15.9,15.9,27023,0.0,1.0
2016-12-07,15.8,16.1,15.65,15.9,15.9,29812,0.0,1.0
2016-12-08,15.702,16.0,15.702,15.95,15.95,40567,0.0,1.0
2016-12-09,16.0,16.0,15.75,15.8,15.8,47000,0.0,1.0
2016-12-12,15.55,15.8,15.35,15.45,15.45,54666,0.0,1.0
2016-12-13,15.3,15.425,15.3,15.4,15.4,42744,0.0,1.0
2016-12-14,15.3,15.4,14.7,14.75,14.75,38926,0.0,1.0
2016-12-15,14.7,14.95,14.6,14.65,14.65,59054,0.0,1.0
2016-12-16,14.65,15.95,14.65,15.85,15.85,84143,0.0,1.0
2016-12-19,15.9,15.95,15.25,15.9,15.9,34689,0.0,1.0
2016-12-20,15.95,15.95,15.4,15.85,15.85,23672,0.0,1.0
2016-12-21,15.85,15.85,15.2,15.45,15.45,28059,0.0,1.0
2016-12-22,15.75,15.95,15.55,15.8,15.8,23737,0.0,1.0
2016-12-23,15.8,16.0,15.75,15.9,15.9,13208,0.0,1.0
2016-12-27,15.75,15.95,15.65,15.8,15.8,17255,0.0,1.0
2016-12-28,15.65,16.0,15.65,15.85,15.85,42101,0.0,1.0
2016-12-29,15.6,15.75,15.05,15.6,15.6,35691,0.0,1.0
2016-12-30,15.6,15.7,15.4,15.7,15.7,15218,0.0,1.0
2017-01-03,15.2,15.35,14.859,15.35,15.35,46685,0.0,1.0
2017-01-04,15.4,15.5,15.35,15.5,15.5,29464,0.0,1.0
2017-01-05,15.5,15.5,15.2,15.4,15.4,21580,0.0,1.0
2017-01-06,15.45,15.45,15.05,15.1,15.1,26346,0.0,1.0
2017-01-09,15.0,15.095,14.6,14.6,14.6,15111,0.0,1.0
2017-01-10,14.7,14.9,14.455,14.9,14.9,16708,0.0,1.0
2017-01-11,14.95,15.25,14.805,14.9,14.9,12754,0.0,1.0
2017-01-12,14.8,14.85,14.3,14.4,14.4,17106,0.0,1.0
2017-01-13,14.5,15.0,14.5,14.9,14.9,13485,0.0,1.0
2017-01-17,14.75,14.75,14.437,14.5,14.5,11515,0.0,1.0
2017-01-18,14.45,14.5514,14.15,14.5,14.5,27177,0.0,1.0
2017-01-19,14.5,14.7,14.15,14.3,14.3,18302,0.0,1.0
2017-01-20,14.3,14.6,14.3,14.3,14.3,72952,0.0,1.0
2017-01-23,14.3,14.95,14.25,14.85,14.85,28772,0.0,1.0
2017-01-24,14.914,15.2,14.914,15.15,15.15,63114,0.0,1.0
2017-01-25,15.15,15.4,15.05,15.35,15.35,54283,0.0,1.0
2017-01-26,15.3,15.3,14.75,15.0,15.0,52736,0.0,1.0
2017-01-27,14.95,15.0,14.65,14.9,14.9,28862,0.0,1.0
2017-01-30,14.65,15.0,14.3,14.85,14.85,43579,0.0,1.0
2017-01-31,14.85,15.0,14.65,14.95,14.95,23872,0.0,1.0
2017-02-01,14.95,15.1,14.6,15.0,15.0,65460,0.0,1.0
2017-02-02,15.05,15.1,14.65,15.05,15.05,40983,0.0,1.0
2017-02-03,15.05,15.1,14.95,15.05,15.05,20791,0.0,1.0
2017-02-06,14.95,15.05,14.95,15.0,15.0,20234,0.0,1.0
2017-02-07,14.9,15.1,14.7,15.05,15.05,40946,0.0,1.0
2017-02-08,15.0,15.05,14.95,15.0,15.0,32327,0.0,1.0
2017-02-09,14.95,15.25,14.95,15.15,15.15,30613,0.0,1.0
2017-02-10,15.1,15.2,15.06,15.2,15.2,25389,0.0,1.0
2017-02-13,15.1,15.5,15.07,15.35,15.35,17813,0.0,1.0
2017-02-14,15.3,15.5,14.69,15.45,15.45,26291,0.0,1.0
2017-02-15,15.35,15.55,15.0,15.5,15.5,84812,0.0,1.0
2017-02-16,15.46,15.55,15.13,15.3,15.3,66944,0.0,1.0
2017-02-17,15.35,15.45,15.32,15.4,15.4,19316,0.0,1.0
2017-02-21,15.45,15.47,15.05,15.15,15.15,22729,0.0,1.0
2017-02-22,15.15,15.25,15.05,15.1,15.1,17112,0.0,1.0
2017-02-23,15.05,15.15,15.05,15.1,15.1,15584,0.0,1.0
2017-02-24,15.0,15.15,15.0,15.05,15.05,9667,0.0,1.0
2017-02-27,15.05,15.3,15.0,15.05,15.05,34955,0.0,1.0
2017-02-28,15.0,15.05,14.3,14.9,14.9,45895,0.0,1.0
2017-03-01,15.05,15.75,14.9,15.75,15.75,58804,0.0,1.0
2017-03-02,15.25,15.25,13.95,14.7,14.7,54243,0.0,1.0
2017-03-03,14.65,15.0,13.35,14.45,14.45,28730,0.0,1.0
2017-03-06,14.2,14.2,13.75,14.0,14.0,72726,0.0,1.0
2017-03-07,13.9,14.03,13.9,13.95,13.95,29902,0.0,1.0
2017-03-08,13.95,14.15,13.75,13.75,13.75,32527,0.0,1.0
2017-03-09,13.8,13.85,13.6,13.7,13.7,36062,0.0,1.0
2017-03-10,13.8,13.85,13.55,13.7,13.7,32235,0.0,1.0
2017-03-13,13.7,14.1,13.7,13.9,13.9,48686,0.0,1.0
2017-03-14,13.85,13.95,13.75,13.75,13.75,17549,0.0,1.0
2017-03-15,13.8,13.8,13.25,13.5,13.5,36471,0.0,1.0
2017-03-16,13.5,13.76,13.3,13.55,13.55,159707,0.0,1.0
2017-03-17,13.4,14.1,13.4,14.0,14.0,145769,0.0,1.0
2017-03-20,14.05,14.1,13.7,13.7,13.7,18747,0.0,1.0
2017-03-21,13.8,13.85,13.2,13.2,13.2,35762,0.0,1.0
2017-03-22,13.2,13.4,12.95,13.1,13.1,25573,0.0,1.0
2017-03-23,13.25,13.4,13.1,13.25,13.25,11679,0.0,1.0
2017-03-24,13.95,13.95,13.15,13.45,13.45,29872,0.0,1.0
2017-03-27,13.25,13.35,12.85,13.3,13.3,15330,0.0,1.0
2017-03-28,13.2,13.4,13.0,13.3,13.3,70453,0.0,1.0
2017-03-29,13.2,13.7,13.2,13.6,13.6,36011,0.0,1.0
2017-03-30,13.6,13.84,13.45,13.65,13.65,25244,0.0,1.0
2017-03-31,13.6,13.75,13.6,13.7,13.7,27027,0.0,1.0
2017-04-03,13.7,13.85,13.33,13.6,13.6,43385,0.0,1.0
2017-04-04,13.8,13.95,13.5,13.55,13.55,37017,0.0,1.0
2017-04-05,13.9,13.95,13.25,13.35,13.35,86234,0.0,1.0
2017-04-06,13.7,14.8,13.5,14.7,14.7,149839,0.0,1.0
2017-04-07,14.8,15.05,14.55,15.05,15.05,108116,0.0,1.0
2017-04-10,15.05,15.4,14.9,15.25,15.25,64788,0.0,1.0
2017-04-11,15.25,15.4,15.05,15.35,15.35,24484,0.0,1.0
2017-04-12,15.35,15.35,14.6,14.65,14.65,24905,0.0,1.0
2017-04-13,14.65,14.65,14.35,14.4,14.4,27035,0.0,1.0
2017-04-17,14.35,14.75,14.35,14.65,14.65,30917,0.0,1.0
2017-04-18,14.6,15.0,14.58,14.85,14.85,15957,0.0,1.0
2017-04-19,14.85,14.9,14.3,14.6,14.6,56932,0.0,1.0
2017-04-20,14.5,14.75,14.2,14.35,14.35,129911,0.0,1.0
2017-04-21,14.4,14.6,14.35,14.4,14.4,218736,0.0,1.0
2017-04-24,14.7,15.95,14.7,15.65,15.65,44163,0.0,1.0
2017-04-25,15.75,16.0,15.65,16.0,16.0,33070,0.0,1.0
2017-04-26,15.9,15.95,15.85,15.85,15.85,33927,0.0,1.0
2017-04-27,15.9,15.95,15.7,15.7,15.7,26240,0.0,1.0
2017-04-28,15.75,15.8,15.0,15.05,15.05,48715,0.0,1.0
2017-05-01,15.1,15.95,15.1,15.85,15.85,29155,0.0,1.0
2017-05-02,15.4,15.9,15.3,15.5,15.5,18755,0.0,1.0
2017-05-03,15.45,15.6,15.15,15.3,15.3,43057,0.0,1.0
2017-05-04,15.25,15.25,14.95,15.0,15.0,27838,0.0,1.0
2017-05-05,15.0,15.0,14.6,14.9,14.9,39283,0.0,1.0
2017-05-08,14.75,14.8,14.5,14.75,14.75,53722,0.0,1.0
2017-05-09,14.6,15.3,14.6,15.25,15.25,47111,0.0,1.0
2017-05-10,15.3,16.0,15.1,15.75,15.75,82681,0.0,1.0
2017-05-11,15.6,16.15,15.55,16.0,16.0,72072,0.0,1.0
2017-05-12,15.95,16.15,15.8,15.85,15.85,27119,0.0,1.0
2017-05-15,15.85,16.3,15.55,16.1,16.1,27498,0.0,1.0
2017-05-16,16.25,16.25,15.45,15.6,15.6,27892,0.0,1.0
2017-05-17,15.25,15.7,15.25,15.6,15.6,49834,0.0,1.0
2017-05-18,15.4,15.8,15.25,15.65,15.65,37851,0.0,1.0
2017-05-19,15.6,16.0,15.6,15.85,15.85,38532,0.0,1.0
2017-05-22,15.8,16.35,15.8,16.2,16.2,37936,0.0,1.0
2017-05-23,16.15,16.25,15.8,16.0,16.0,103772,0.0,1.0
2017-05-24,16.0,16.0,15.45,15.5,15.5,20379,0.0,1.0
2017-05-25,15.6,15.75,15.3,15.55,15.55,52224,0.0,1.0
2017-05-26,15.5,15.5,15.1,15.15,15.15,14602,0.0,1.0
2017-05-30,15.15,15.35,15.1,15.25,15.25,16379,0.0,1.0
2017-05-31,15.35,15.4,15.2,15.25,15.25,104480,0.0,1.0
2017-06-01,15.25,15.7,15.2,15.6,15.6,24777,0.0,1.0
2017-06-02,15.65,15.7,15.5,15.55,15.55,50144,0.0,1.0
2017-06-05,15.45,15.45,15.05,15.1,15.1,35255,0.0,1.0
2017-06-06,15.0,15.45,14.94,15.35,15.35,106359,0.0,1.0
2017-06-07,15.4,15.45,15.1,15.2,15.2,16845,0.0,1.0
2017-06-08,15.25,15.45,15.05,15.1,15.1,38310,0.0,1.0
2017-06-09,15.25,15.65,15.15,15.5,15.5,121395,0.0,1.0
2017-06-12,15.7,16.0,15.48,15.6,15.6,49722,0.0,1.0
2017-06-13,15.7,15.7,15.3,15.35,15.35,25299,0.0,1.0
2017-06-14,15.4,15.5,14.85,14.95,14.95,37216,0.0,1.0
2017-06-15,14.85,15.05,14.55,14.65,14.65,42696,0.0,1.0
2017-06-16,14.55,14.65,14.35,14.45,14.45,75289,0.0,1.0
2017-06-19,14.7,15.2,14.5,15.0,15.0,23667,0.0,1.0
2017-06-20,14.9,15.1,14.85,15.05,15.05,28525,0.0,1.0
2017-06-21,15.05,15.05,14.95,15.0,15.0,43737,0.0,1.0
2017-06-22,15.05,15.4,15.0,15.25,15.25,24735,0.0,1.0
2017-06-23,15.3,15.4,14.8,15.3,15.3,130495,0.0,1.0
2017-06-26,15.15,15.4,15.05,15.35,15.35,42293,0.0,1.0
2017-06-27,15.4,15.68,15.3,15.55,15.55,53056,0.0,1.0
2017-06-28,15.65,16.25,15.6,16.0,16.0,134438,0.0,1.0
2017-06-29,16.05,16.05,15.7,15.8,15.8,37634,0.0,1.0
2017-06-30,15.85,16.0,15.75,15.9,15.9,58623,0.0,1.0
2017-07-03,16.05,16.05,15.75,15.9,15.9,74048,0.0,1.0
2017-07-05,15.9,16.05,15.7,16.0,16.0,36101,0.0,1.0
2017-07-06,15.9,16.2,15.75,15.95,15.95,117533,0.0,1.0
2017-07-07,16.0,16.35,15.95,16.25,16.25,58873,0.0,1.0
2017-07-10,16.25,16.35,16.2,16.2,16.2,30273,0.0,1.0
2017-07-11,16.0,16.35,16.0,16.25,16.25,22303,0.0,1.0
2017-07-12,16.25,16.5,15.75,15.95,15.95,61383,0.0,1.0
2017-07-13,15.9,16.0,15.5,15.95,15.95,14172,0.0,1.0
2017-07-14,15.8,16.0,15.8,15.9,15.9,34858,0.0,1.0
2017-07-17,15.8,16.0,15.71,15.75,15.75,28869,0.0,1.0
2017-07-18,15.75,16.0,15.7,15.95,15.95,30845,0.0,1.0
2017-07-19,15.9,16.1,15.9,16.0,16.0,42712,0.0,1.0
2017-07-20,16.0,16.1,15.95,16.1,16.1,21815,0.0,1.0
2017-07-21,16.1,16.3,16.0,16.2,16.2,77314,0.0,1.0
2017-07-24,16.25,16.25,15.9,16.15,16.15,26844,0.0,1.0
2017-07-25,16.2,16.4,15.95,16.1,16.1,62745,0.0,1.0
2017-07-26,16.7,18.55,16.7,18.35,18.35,306728,0.0,1.0
2017-07-27,17.7,18.6,17.7,18.6,18.6,147410,0.0,1.0
2017-07-28,18.4,19.25,18.4,18.55,18.55,233771,0.0,1.0
2017-07-31,18.95,19.4,18.7,18.8,18.8,273239,0.0,1.0
2017-08-01,19.0,19.45,18.9,19.15,19.15,193749,0.0,1.0
2017-08-02,19.2,19.2,18.85,18.9,18.9,130958,0.0,1.0
2017-08-03,18.9,19.1,18.65,18.75,18.75,89514,0.0,1.0
2017-08-04,18.85,18.95,18.65,18.7,18.7,65919,0.0,1.0
2017-08-07,18.6,19.05,18.6,18.75,18.75,100536,0.0,1.0
2017-08-08,18.75,19.05,18.65,18.85,18.85,81552,0.0,1.0
2017-08-09,18.7,18.95,18.5,18.75,18.75,38677,0.0,1.0
2017-08-10,18.65,18.65,18.3,18.55,18.55,63976,0.0,1.0
2017-08-11,18.6,19.05,18.4,18.55,18.55,81986,0.0,1.0
2017-08-14,18.5,18.9,18.5,18.85,18.85,70298,0.0,1.0
2017-08-15,18.8,18.8,18.45,18.5,18.5,45482,0.0,1.0
2017-08-16,18.45,18.55,17.75,18.2,18.2,136621,0.0,1.0
2017-08-17,18.1,18.65,18.05,18.4,18.4,103221,0.0,1.0
2017-08-18,18.1,18.55,17.88,18.3,18.3,114850,0.0,1.0
2017-08-21,18.2,18.45,18.05,18.2,18.2,63725,0.0,1.0
2017-08-22,18.25,18.4,18.1,18.15,18.15,60346,0.0,1.0
2017-08-23,18.1,19.25,18.1,19.15,19.15,287153,0.0,1.0
2017-08-24,19.25,19.25,18.45,18.6,18.6,198843,0.0,1.0
2017-08-25,18.75,19.35,18.6,18.8,18.8,156551,0.0,1.0
2017-08-28,18.75,19.85,18.7,19.6,19.6,251229,0.0,1.0
2017-08-29,19.6,19.725,19.4,19.65,19.65,219846,0.0,1.0
2017-08-30,19.7,19.82,19.3,19.4,19.4,184744,0.0,1.0
2017-08-31,19.5,19.75,19.3,19.5,19.5,176461,0.0,1.0
2017-09-01,19.6,20.65,19.3,20.25,20.25,113083,0.0,1.0
2017-09-05,20.2,20.2,19.65,19.95,19.95,171955,0.0,1.0
2017-09-06,20.15,20.3,19.7,19.95,19.95,134561,0.0,1.0
2017-09-07,19.95,20.65,19.74,20.5,20.5,216389,0.0,1.0
2017-09-08,20.4,21.05,20.3,20.5,20.5,124316,0.0,1.0
2017-09-11,20.7,20.7,20.2,20.3,20.3,169572,0.0,1.0
2017-09-12,20.45,20.45,20.0,20.2,20.2,63478,0.0,1.0
2017-09-13,20.05,20.35,20.0,20.2,20.2,79684,0.0,1.0
2017-09-14,20.5,20.55,19.95,20.05,20.05,64556,0.0,1.0
2017-09-15,20.0,20.65,19.8,20.25,20.25,271417,0.0,1.0
2017-09-18,20.2,20.35,20.02,20.25,20.25,209174,0.0,1.0
2017-09-19,20.1,20.4,20.0,20.3,20.3,159042,0.0,1.0
2017-09-20,20.25,21.0,20.25,20.65,20.65,122278,0.0,1.0
2017-09-21,20.75,20.8,20.35,20.5,20.5,98727,0.0,1.0
2017-09-22,20.55,20.65,20.4,20.5,20.5,64352,0.0,1.0
2017-09-25,20.8,20.98,20.4,20.65,20.65,228614,0.0,1.0
2017-09-26,20.8,20.95,20.7,20.8,20.8,133133,0.0,1.0
2017-09-27,20.95,21.95,20.8,21.85,21.85,123297,0.0,1.0
2017-09-28,21.9,21.95,21.45,21.75,21.75,130539,0.0,1.0
2017-09-29,21.6,21.95,21.6,21.75,21.75,63693,0.0,1.0
2017-10-02,21.95,22.2,21.7,21.85,21.85,174165,0.0,1.0
2017-10-03,21.75,21.85,21.45,21.7,21.7,126844,0.0,1.0
2017-10-04,21.7,21.7,21.4,21.55,21.55,182930,0.0,1.0
2017-10-05,21.55,21.75,21.36,21.75,21.75,157024,0.0,1.0
2017-10-06,21.6,21.6,21.14,21.25,21.25,90092,0.0,1.0
2017-10-09,21.4,22.0,21.2,22.0,22.0,170863,0.0,1.0
2017-10-10,22.1,22.21,21.35,21.45,21.45,128153,0.0,1.0
2017-10-11,21.5,22.0,21.45,21.55,21.55,158201,0.0,1.0
2017-10-12,21.45,21.7,21.26,21.55,21.55,172565,0.0,1.0
2017-10-13,21.75,21.75,21.25,21.35,21.35,111917,0.0,1.0
2017-10-16,21.35,22.15,21.0,21.35,21.35,162009,0.0,1.0
2017-10-17,21.35,21.95,21.35,21.95,21.95,127233,0.0,1.0
2017-10-18,22.0,22.03,21.5,21.65,21.65,174081,0.0,1.0
2017-10-19,19.85,20.4,17.1,20.35,20.35,815244,0.0,1.0
2017-10-20,20.25,20.35,19.5,19.83,19.83,425183,0.0,1.0
2017-10-23,19.1,19.6,18.65,18.85,18.85,294154,0.0,1.0
2017-10-24,19.0,19.45,18.85,19.4,19.4,238507,0.0,1.0
2017-10-25,19.4,19.5,19.05,19.2,19.2,194630,0.0,1.0
2017-10-26,19.3,19.6,19.15,19.35,19.35,119402,0.0,1.0
2017-10-27,19.4,19.55,19.05,19.2,19.2,148711,0.0,1.0
2017-10-30,19.1,19.45,19.0,19.2,19.2,128078,0.0,1.0
2017-10-31,19.3,19.65,19.23,19.55,19.55,118059,0.0,1.0
2017-11-01,19.7,19.7,19.2,19.45,19.45,130342,0.0,1.0
2017-11-02,19.45,19.9,19.35,19.85,19.85,98943,0.0,1.0
2017-11-03,19.9,20.2,19.8,20.0,20.0,125992,0.0,1.0
2017-11-06,20.05,20.45,20.0,20.2,20.2,102449,0.0,1.0
2017-11-07,20.15,20.25,19.5,19.6,19.6,86899,0.0,1.0
2017-11-08,19.55,19.65,19.35,19.5,19.5,181160,0.0,1.0
2017-11-09,19.35,19.55,19.25,19.4,19.4,61843,0.0,1.0
2017-11-10,19.3,19.5,19.2,19.25,19.25,36294,0.0,1.0
2017-11-13,19.2,19.35,18.7,18.95,18.95,87672,0.0,1.0
2017-11-14,18.85,19.5,18.85,19.2,19.2,113633,0.0,1.0
2017-11-15,18.85,18.99,18.3,18.35,18.35,109318,0.0,1.0
2017-11-16,18.3,18.7561,18.25,18.4,18.4,180953,0.0,1.0
2017-11-17,18.25,18.46,18.2,18.3,18.3,65376,0.0,1.0
2017-11-20,18.4,18.7,18.25,18.65,18.65,61007,0.0,1.0
2017-11-21,18.7,19.25,18.7,19.1,19.1,67995,0.0,1.0
2017-11-22,19.1,19.25,18.95,18.95,18.95,49707,0.0,1.0
2017-11-24,19.0,19.13,18.9,19.05,19.05,25902,0.0,1.0
2017-11-27,19.0,19.3,18.925,18.95,18.95,104021,0.0,1.0
2017-11-28,19.0,19.4,18.95,19.1,19.1,77302,0.0,1.0
2017-11-29,19.1,19.45,19.05,19.4,19.4,70895,0.0,1.0
2017-11-30,19.5,19.6,19.1,19.15,19.15,59089,0.0,1.0
2017-12-01,19.1,19.35,18.75,19.3,19.3,70027,0.0,1.0
2017-12-04,19.5,19.65,19.15,19.3,19.3,42254,0.0,1.0
2017-12-05,19.3,19.55,19.15,19.25,19.25,51530,0.0,1.0
2017-12-06,19.2,19.55,19.2,19.45,19.45,46129,0.0,1.0
2017-12-07,19.4,19.6,19.4,19.45,19.45,48715,0.0,1.0
2017-12-08,19.4,19.6,19.25,19.4,19.4,50205,0.0,1.0
2017-12-11,18.7,19.275,18.6,19.15,19.15,151823,0.0,1.0
2017-12-12,19.0,19.9,19.0,19.8,19.8,119322,0.0,1.0
2017-12-13,19.8,20.2,19.73,19.85,19.85,95181,0.0,1.0
2017-12-14,19.9,20.35,19.85,20.35,20.35,74088,0.0,1.0
2017-12-15,20.45,21.05,20.45,20.85,20.85,155314,0.0,1.0
2017-12-18,21.0,21.65,20.95,21.55,21.55,98951,0.0,1.0
2017-12-19,21.7,21.71,21.05,21.15,21.15,107500,0.0,1.0
2017-12-20,21.15,21.45,21.15,21.3,21.3,78543,0.0,1.0
2017-12-21,21.3,22.15,21.3,21.8,21.8,91919,0.0,1.0
2017-12-22,21.75,21.85,21.35,21.4,21.4,126942,0.0,1.0
2017-12-26,21.4,21.8,21.4,21.7,21.7,57035,0.0,1.0
2017-12-27,21.7,22.1,21.2,21.7,21.7,70332,0.0,1.0
2017-12-28,21.75,22.35,21.4,22.35,22.35,97258,0.0,1.0
2017-12-29,22.3,22.4,21.75,21.75,21.75,93085,0.0,1.0
2018-01-02,21.7,21.95,21.6,21.9,21.9,49829,0.0,1.0
2018-01-03,21.85,22.1,21.75,21.75,21.75,89605,0.0,1.0
2018-01-04,21.85,22.65,21.75,22.35,22.35,98490,0.0,1.0
2018-01-05,22.45,22.65,22.1,22.55,22.55,74766,0.0,1.0
2018-01-08,22.55,22.55,22.15,22.35,22.35,167239,0.0,1.0
2018-01-09,22.35,22.55,22.3,22.4,22.4,68291,0.0,1.0
2018-01-10,22.4,22.6,22.4,22.55,22.55,44952,0.0,1.0
2018-01-11,22.6,23.2748,22.45,23.1,23.1,185571,0.0,1.0
2018-01-12,23.2,24.45,23.1,24.05,24.05,200570,0.0,1.0
2018-01-16,24.5,25.2,24.1,24.15,24.15,180084,0.0,1.0
2018-01-17,24.2,24.4,23.6,23.85,23.85,211470,0.0,1.0
2018-01-18,23.9,24.4,22.75,22.85,22.85,120211,0.0,1.0
2018-01-19,22.9,23.1,22.55,22.6,22.6,279642,0.0,1.0
2018-01-22,22.65,23.05,22.5,22.85,22.85,109079,0.0,1.0
2018-01-23,22.85,23.15,22.35,22.95,22.95,148964,0.0,1.0
2018-01-24,23.1,23.323,22.7,22.8,22.8,62317,0.0,1.0
2018-01-25,22.9,23.1,22.8,22.9,22.9,49866,0.0,1.0
2018-01-26,23.15,23.3,22.6,22.75,22.75,95489,0.0,1.0
2018-01-29,22.75,22.8,22.35,22.55,22.55,81566,0.0,1.0
2018-01-30,22.45,22.5027,22.05,22.1,22.1,91386,0.0,1.0
2018-01-31,22.15,22.5,21.65,21.75,21.75,113135,0.0,1.0
2018-02-01,21.6,21.85,21.405,21.8,21.8,63682,0.0,1.0
2018-02-02,21.65,21.7,21.0,21.1,21.1,68598,0.0,1.0
2018-02-05,20.85,20.95,19.75,20.1,20.1,101009,0.0,1.0
2018-02-06,19.45,20.75,19.3,20.65,20.65,216052,0.0,1.0
2018-02-07,20.5,20.95,19.4889,20.55,20.55,80746,0.0,1.0
2018-02-08,20.6,20.6,19.95,19.95,19.95,71118,0.0,1.0
2018-02-09,20.2,20.35,19.55,20.3,20.3,66613,0.0,1.0
2018-02-12,20.3,20.4,19.65,20.3,20.3,84100,0.0,1.0
2018-02-13,20.1,20.445,19.75,19.9,19.9,74387,0.0,1.0
2018-02-14,19.75,20.45,19.7,20.4,20.4,66712,0.0,1.0
2018-02-15,20.45,20.55,20.05,20.5,20.5,68898,0.0,1.0
2018-02-16,20.55,21.25,20.55,21.05,21.05,57465,0.0,1.0
2018-02-20,21.05,21.2,20.35,20.45,20.45,41693,0.0,1.0
2018-02-21,20.5,21.05,20.1903,20.5,20.5,67416,0.0,1.0
2018-02-22,20.6,20.8,20.05,20.2,20.2,48546,0.0,1.0
2018-02-23,20.35,20.4,20.05,20.35,20.35,32630,0.0,1.0
2018-02-26,20.45,20.625,20.1953,20.45,20.45,48259,0.0,1.0
2018-02-27,20.4,20.4,19.95,20.0,20.0,30945,0.0,1.0
2018-02-28,20.05,20.9,19.95,20.0,20.0,75122,0.0,1.0
2018-03-01,21.45,23.625,21.0,23.45,23.45,135192,0.0,1.0
