timestamp,open,high,low,close,adjusted_close,volume,dividend_amount,split_coefficient
2011-05-04,24.0,24.7,23.0,23.88,23.7871,6838400,0.0,1.0
2011-05-05,23.4,24.89,23.31,24.66,24.564,625200,0.0,1.0
2011-05-06,26.0,27.4,25.11,26.75,26.6459,347800,0.0,1.0
2011-05-09,27.6,27.74,26.17,27.45,27.3432,198200,0.0,1.0
2011-05-10,27.84,28.39,26.8,27.51,27.403,136800,0.0,1.0
2011-05-11,27.06,27.7,26.15,26.85,26.7455,85800,0.0,1.0
2011-05-12,26.72,27.22,26.01,27.12,27.0145,39700,0.0,1.0
2011-05-13,27.48,27.48,26.35,26.86,26.7555,86200,0.0,1.0
2011-05-16,26.99,27.37,25.93,25.94,25.8391,153000,0.0,1.0
2011-05-17,25.76,26.75,25.76,26.34,26.2375,85400,0.0,1.0
2011-05-18,26.68,28.0,26.41,28.0,27.8911,65800,0.0,1.0
2011-05-19,28.0,28.35,27.62,28.35,28.2397,103200,0.0,1.0
2011-05-20,28.45,29.54,28.06,28.43,28.3194,164300,0.0,1.0
2011-05-23,28.25,28.43,27.47,27.92,27.8114,47700,0.0,1.0
2011-05-24,27.52,28.44,27.03,28.0,27.8911,137000,0.0,1.0
2011-05-25,28.19,28.99,27.82,27.88,27.7715,41000,0.0,1.0
2011-05-26,27.88,28.692,27.4,27.96,27.8512,68900,0.0,1.0
2011-05-27,28.13,28.99,27.87,28.55,28.4389,69700,0.0,1.0
2011-05-31,28.99,29.4799,28.61,28.9,28.7875,86800,0.0,1.0
2011-06-01,28.8,29.949,28.48,28.51,28.3991,74100,0.0,1.0
2011-06-02,28.97,28.98,27.63,28.65,28.5385,117300,0.0,1.0
2011-06-03,28.16,29.0,27.49,28.9,28.7875,82000,0.0,1.0
2011-06-06,28.115,28.78,27.7,28.61,28.4987,46000,0.0,1.0
2011-06-07,28.71,28.96,26.66,28.96,28.8473,44500,0.0,1.0
2011-06-08,28.83,29.76,27.55,28.4,28.2895,78200,0.0,1.0
2011-06-09,28.54,30.22,28.5,29.94,29.8235,245400,0.0,1.0
2011-06-10,29.76,31.41,29.261,31.0,30.8794,90800,0.0,1.0
2011-06-13,31.39,31.39,28.66,29.32,29.2059,193600,0.0,1.0
2011-06-14,29.43,29.43,26.83,27.66,27.5524,121000,0.0,1.0
2011-06-15,27.26,28.49,26.3028,26.45,26.3471,137400,0.0,1.0
2011-06-16,26.26,26.65,24.14,24.83,24.7334,228300,0.0,1.0
2011-06-17,24.93,25.5299,23.84,24.48,24.3847,237200,0.0,1.0
2011-06-20,23.98,24.955,23.92,24.36,24.2652,264300,0.0,1.0
2011-06-21,24.65,25.97,24.0,25.89,25.7893,254400,0.0,1.0
2011-06-22,25.95,27.9,25.915,27.63,27.5225,126700,0.0,1.0
2011-06-23,27.53,27.6,26.64,27.37,27.2635,148700,0.0,1.0
2011-06-24,27.54,28.52,26.06,27.3,27.1938,1611200,0.0,1.0
2011-06-27,27.64,27.83,26.515,26.97,26.8651,83100,0.0,1.0
2011-06-28,27.24,27.72,26.44,27.03,26.9248,95400,0.0,1.0
2011-06-29,27.61,27.84,26.63,26.97,26.8651,75400,0.0,1.0
2011-06-30,26.88,28.43,26.0,28.03,27.9209,170000,0.0,1.0
2011-07-01,27.94,29.88,27.66,28.78,28.668,106000,0.0,1.0
2011-07-05,28.88,29.08,28.3,28.6,28.4887,54100,0.0,1.0
2011-07-06,28.42,28.98,27.76,28.06,27.9508,61500,0.0,1.0
2011-07-07,28.21,28.83,27.24,27.57,27.4627,214100,0.0,1.0
2011-07-08,27.4,28.5,26.75,28.07,27.9608,183900,0.0,1.0
2011-07-11,27.95,28.58,27.3,27.55,27.4428,92400,0.0,1.0
2011-07-12,27.46,27.9599,26.7,27.39,27.2834,165500,0.0,1.0
2011-07-13,27.49,27.99,27.19,27.74,27.6321,51200,0.0,1.0
2011-07-14,27.87,27.87,26.44,26.78,26.6758,543200,0.0,1.0
2011-07-15,26.95,28.26,26.95,27.15,27.0444,38100,0.0,1.0
2011-07-18,27.0,27.63,26.0,26.32,26.2176,105500,0.0,1.0
2011-07-19,26.49,27.99,26.49,27.98,27.8711,105900,0.0,1.0
2011-07-20,27.85,29.28,27.655,28.59,28.4788,97500,0.0,1.0
2011-07-21,28.7,29.62,28.545,28.99,28.8772,226100,0.0,1.0
2011-07-22,28.88,30.0,28.88,29.53,29.4151,239700,0.0,1.0
2011-07-25,29.21,29.94,29.21,29.75,29.6342,155700,0.0,1.0
2011-07-26,29.84,29.84,28.94,29.24,29.1262,27400,0.0,1.0
2011-07-27,29.16,29.16,27.53,27.59,27.4826,54100,0.0,1.0
2011-07-28,27.6,29.0,27.35,27.58,27.4727,166800,0.0,1.0
2011-07-29,27.61,27.61,25.74,26.75,26.6459,67600,0.0,1.0
2011-08-01,27.19,27.215,26.0,26.14,26.0383,42500,0.0,1.0
2011-08-02,26.2,26.34,25.3,25.48,25.3809,145800,0.0,1.0
2011-08-03,25.06,26.98,24.6,25.21,25.1119,200200,0.0,1.0
2011-08-04,25.0,25.67,23.52,23.57,23.4783,133400,0.0,1.0
2011-08-05,24.01,25.37,23.04,24.24,24.1457,115200,0.0,1.0
2011-08-08,23.32,24.0,22.07,22.2,22.1136,208800,0.0,1.0
2011-08-09,22.85,22.85,20.49,21.37,21.2868,242600,0.0,1.0
2011-08-10,21.1,22.97,20.77,20.88,20.7988,283300,0.0,1.0
2011-08-11,20.77,22.52,20.77,22.24,22.1535,209200,0.0,1.0
2011-08-12,22.42,23.8,21.7833,23.63,23.5381,153900,0.0,1.0
2011-08-15,23.93,24.55,23.57,23.86,23.7672,51900,0.0,1.0
2011-08-16,23.65,24.43,22.81,24.33,24.2353,99900,0.0,1.0
2011-08-17,24.48,25.52,24.466,25.23,25.1318,120500,0.0,1.0
2011-08-18,24.66,24.92,23.92,24.18,24.0859,130200,0.0,1.0
2011-08-19,23.78,24.05,22.01,23.46,23.3687,88500,0.0,1.0
2011-08-22,24.27,25.4,23.221,23.59,23.4982,66900,0.0,1.0
2011-08-23,23.54,24.6,23.2301,24.29,24.1955,94000,0.0,1.0
2011-08-24,24.22,26.21,24.22,26.07,25.9686,54700,0.0,1.0
2011-08-25,26.03,26.03,25.12,25.23,25.1318,63300,0.0,1.0
2011-08-26,25.08,25.37,23.86,25.17,25.0721,48400,0.0,1.0
2011-08-29,25.38,26.79,25.0048,26.62,26.5164,87600,0.0,1.0
2011-08-30,26.58,26.85,25.42,26.6,26.4965,66200,0.0,1.0
2011-08-31,26.6,27.16,26.54,27.1,26.9946,70300,0.0,1.0
2011-09-01,27.02,27.12,26.61,26.93,26.8252,48600,0.0,1.0
2011-09-02,26.46,27.08,26.04,26.08,25.9785,51600,0.0,1.0
2011-09-06,25.28,25.28,22.5,23.09,23.0002,135600,0.0,1.0
2011-09-07,23.43,23.63,23.08,23.38,23.289,110700,0.0,1.0
2011-09-08,23.18,24.59,23.0,23.6,23.5082,107500,0.0,1.0
2011-09-09,23.35,23.53,22.0,22.12,22.0339,64600,0.0,1.0
2011-09-12,21.73,23.1,21.21,21.36,21.2769,159000,0.0,1.0
2011-09-13,20.96,20.96,19.62,19.66,19.5835,341000,0.0,1.0
2011-09-14,19.87,20.86,19.75,20.1,20.0218,199100,0.0,1.0
2011-09-15,20.26,20.99,20.09,20.49,20.4103,512700,0.0,1.0
2011-09-16,22.16,23.14,21.81,22.43,22.3427,2754000,0.0,1.0
2011-09-19,21.95,22.92,21.63,22.68,22.5918,328900,0.0,1.0
2011-09-20,22.79,23.85,22.55,23.27,23.1795,292600,0.0,1.0
2011-09-21,23.16,23.4,22.8,23.0,22.9105,108100,0.0,1.0
2011-09-22,22.1,23.3,22.1,22.58,22.4921,326600,0.0,1.0
2011-09-23,22.61,22.61,21.36,21.79,21.7052,193800,0.0,1.0
2011-09-26,21.88,21.91,20.67,21.84,21.755,161400,0.0,1.0
2011-09-27,22.28,22.93,21.75,22.16,22.0738,144300,0.0,1.0
2011-09-28,22.18,22.43,21.16,21.38,21.2968,119300,0.0,1.0
2011-09-29,21.75,21.75,20.3,20.83,20.7489,128600,0.0,1.0
2011-09-30,20.55,21.18,20.55,20.71,20.6294,104100,0.0,1.0
2011-10-03,20.52,20.66,18.84,19.22,19.1452,241700,0.0,1.0
2011-10-04,19.23,19.53,18.39,19.27,19.195,219800,0.0,1.0
2011-10-05,19.32,20.14,19.01,19.57,19.4939,166300,0.0,1.0
2011-10-06,19.55,20.48,19.33,19.79,19.713,188300,0.0,1.0
2011-10-07,19.88,20.46,19.61,19.81,19.7329,83400,0.0,1.0
2011-10-10,20.14,20.53,19.73,20.29,20.2111,112400,0.0,1.0
2011-10-11,20.07,20.28,19.811,19.95,19.8724,84500,0.0,1.0
2011-10-12,20.09,20.13,19.01,19.45,19.3743,116200,0.0,1.0
2011-10-13,19.32,19.49,18.79,18.86,18.7866,96700,0.0,1.0
2011-10-14,19.07,20.26,19.07,20.13,20.0517,88700,0.0,1.0
2011-10-17,19.99,19.99,18.29,18.33,18.2587,66100,0.0,1.0
2011-10-18,18.3,18.76,18.0,18.58,18.5077,90700,0.0,1.0
2011-10-19,18.57,19.12,18.34,18.72,18.6472,55900,0.0,1.0
2011-10-20,18.29,18.7996,18.28,18.67,18.5974,58000,0.0,1.0
2011-10-21,18.92,18.98,16.95,17.32,17.2526,221900,0.0,1.0
2011-10-24,17.32,18.0,16.94,17.21,17.143,188700,0.0,1.0
2011-10-25,17.05,17.38,16.19,16.28,16.2167,223600,0.0,1.0
2011-10-26,16.58,16.74,15.95,16.0,15.9377,221100,0.0,1.0
2011-10-27,16.2,16.2,15.2,15.25,15.1907,501500,0.0,1.0
2011-10-28,15.19,16.21,15.19,16.0,15.9377,469100,0.0,1.0
2011-10-31,15.83,16.24,15.4,15.56,15.4995,237200,0.0,1.0
2011-11-01,15.03,15.37,14.46,14.86,14.8022,275100,0.0,1.0
2011-11-02,15.38,16.2,14.7,15.0,14.9416,829400,0.0,1.0
2011-11-03,15.13,15.9199,14.93,15.41,15.35,541800,0.0,1.0
2011-11-04,15.25,15.75,14.78,15.57,15.5094,280700,0.0,1.0
2011-11-07,15.59,15.69,15.26,15.48,15.4198,88600,0.0,1.0
2011-11-08,15.59,15.635,14.3,14.77,14.7125,168100,0.0,1.0
2011-11-09,14.37,14.455,13.59,13.84,13.7861,200500,0.0,1.0
2011-11-10,14.02,14.11,13.8025,14.0,13.9455,296200,0.0,1.0
2011-11-11,14.19,14.76,13.85,14.71,14.6528,216100,0.0,1.0
2011-11-14,14.64,14.75,14.29,14.65,14.593,243600,0.0,1.0
2011-11-15,14.85,15.3,14.5,14.59,14.5332,473600,0.0,1.0
2011-11-16,14.47,15.22,14.42,14.98,14.9217,245300,0.0,1.0
2011-11-17,14.85,15.32,14.71,14.99,14.9317,167100,0.0,1.0
2011-11-18,15.04,15.34,14.7,15.1,15.0412,186700,0.0,1.0
2011-11-21,15.68,15.74,14.8,15.02,14.9616,294700,0.0,1.0
2011-11-22,15.05,15.07,14.72,14.78,14.7225,130100,0.0,1.0
2011-11-23,14.6,14.83,14.42,14.44,14.3838,152300,0.0,1.0
2011-11-25,14.34,14.64,14.25,14.56,14.5033,52500,0.0,1.0
2011-11-28,14.75,15.14,14.49,14.57,14.5133,223400,0.0,1.0
2011-11-29,14.58,14.58,14.16,14.32,14.2643,297500,0.0,1.0
2011-11-30,14.55,14.55,14.12,14.12,14.0651,881700,0.0,1.0
2011-12-01,14.15,14.19,13.61,13.64,13.5869,171500,0.0,1.0
2011-12-02,13.85,14.1,12.9,13.37,13.318,311100,0.0,1.0
2011-12-05,13.63,13.825,13.25,13.47,13.4176,120100,0.0,1.0
2011-12-06,13.49,13.52,13.08,13.3,13.2482,176000,0.0,1.0
2011-12-07,13.3,13.75,13.04,13.72,13.6666,200000,0.0,1.0
2011-12-08,13.62,13.66,13.0,13.04,12.9893,386300,0.0,1.0
2011-12-09,13.06,13.45,12.99,13.05,12.9992,410600,0.0,1.0
2011-12-12,12.9,13.06,12.9,13.03,12.9793,70400,0.0,1.0
2011-12-13,13.16,13.34,12.78,12.81,12.7602,238100,0.0,1.0
2011-12-14,12.69,12.82,12.31,12.64,12.5908,171100,0.0,1.0
2011-12-15,12.81,13.25,12.81,13.2,13.1486,106100,0.0,1.0
2011-12-16,13.27,13.27,12.85,12.88,12.8299,174700,0.0,1.0
2011-12-19,12.97,13.32,11.92,11.97,11.9234,193600,0.0,1.0
2011-12-20,12.18,12.67,11.02,12.65,12.6008,342100,0.0,1.0
2011-12-21,12.6,12.65,12.18,12.34,12.292,67300,0.0,1.0
2011-12-22,12.38,12.46,12.1,12.38,12.3318,106400,0.0,1.0
2011-12-23,12.44,12.51,12.06,12.4,12.3518,78900,0.0,1.0
2011-12-27,12.37,12.4,12.05,12.16,12.1127,130200,0.0,1.0
2011-12-28,12.13,12.16,12.02,12.05,12.0031,156600,0.0,1.0
2011-12-29,12.04,12.3,12.0,12.27,12.2223,104700,0.0,1.0
2011-12-30,12.32,12.69,12.31,12.65,12.6008,198600,0.0,1.0
2012-01-03,13.0,13.79,12.86,13.75,13.6965,302400,0.0,1.0
2012-01-04,13.71,14.17,13.58,14.13,14.075,314200,0.0,1.0
2012-01-05,14.0,14.17,13.84,14.03,13.9754,320700,0.0,1.0
2012-01-06,14.05,14.05,13.36,13.5,13.4475,341800,0.0,1.0
2012-01-09,13.51,14.17,13.39,14.14,14.085,130700,0.0,1.0
2012-01-10,14.17,14.89,14.07,14.74,14.6826,213900,0.0,1.0
2012-01-11,14.76,15.07,14.7,15.0,14.9416,150700,0.0,1.0
2012-01-12,15.0,15.91,14.91,15.41,15.35,351100,0.0,1.0
2012-01-13,15.51,16.07,15.44,15.98,15.9178,500400,0.0,1.0
2012-01-17,16.05,16.55,15.39,16.48,16.4159,327200,0.0,1.0
2012-01-18,16.49,16.92,16.49,16.9,16.8342,347400,0.0,1.0
2012-01-19,17.0,17.32,16.53,16.76,16.6948,200300,0.0,1.0
2012-01-20,16.78,16.88,16.4,16.42,16.3561,177500,0.0,1.0
2012-01-23,16.41,17.079,16.27,16.39,16.3262,160700,0.0,1.0
2012-01-24,16.36,16.57,15.38,15.98,15.9178,257300,0.0,1.0
2012-01-25,15.96,16.78,15.96,16.69,16.6251,72000,0.0,1.0
2012-01-26,16.83,17.06,16.35,17.06,16.9936,129200,0.0,1.0
2012-01-27,16.99,17.25,16.78,17.19,17.1231,68700,0.0,1.0
2012-01-30,17.08,17.53,16.82,17.4,17.3323,217300,0.0,1.0
2012-01-31,17.46,17.54,16.91,16.94,16.8741,125800,0.0,1.0
2012-02-01,17.04,17.07,16.18,16.77,16.7047,301500,0.0,1.0
2012-02-02,16.73,17.01,16.21,16.77,16.7047,185600,0.0,1.0
2012-02-03,17.02,17.44,16.87,17.41,17.3423,97000,0.0,1.0
2012-02-06,17.31,17.43,17.26,17.38,17.3124,45000,0.0,1.0
2012-02-07,17.36,17.46,17.245,17.32,17.2526,75500,0.0,1.0
2012-02-08,17.3,17.46,17.07,17.12,17.0534,68400,0.0,1.0
2012-02-09,17.12,17.55,17.085,17.25,17.1829,31900,0.0,1.0
2012-02-10,17.35,19.97,17.35,19.13,19.0556,842700,0.0,1.0
2012-02-13,19.24,19.8,18.24,18.66,18.5874,314600,0.0,1.0
2012-02-14,19.0,19.24,17.47,19.21,19.1353,450900,0.0,1.0
2012-02-15,19.3,20.38,19.3,20.22,20.1413,949800,0.0,1.0
2012-02-16,19.39,20.21,17.71,18.61,18.5376,1056600,0.0,1.0
2012-02-17,18.7,18.84,18.4,18.42,18.3483,219400,0.0,1.0
2012-02-21,18.48,18.56,18.19,18.36,18.2886,127400,0.0,1.0
2012-02-22,18.27,18.57,17.14,17.41,17.3423,337700,0.0,1.0
2012-02-23,17.01,17.39,16.78,16.88,16.8143,222200,0.0,1.0
2012-02-24,16.98,18.41,16.98,18.02,17.9499,219100,0.0,1.0
2012-02-27,17.83,18.46,17.5,17.89,17.8204,135100,0.0,1.0
2012-02-28,17.96,18.38,17.57,17.8,17.7307,197600,0.0,1.0
2012-02-29,17.5,17.73,16.51,16.85,16.7844,703100,0.0,1.0
2012-03-01,16.93,17.55,16.65,17.41,17.3423,161600,0.0,1.0
2012-03-02,17.34,17.47,17.0,17.33,17.2626,138700,0.0,1.0
2012-03-05,17.1,17.56,16.7574,17.45,17.3821,108100,0.0,1.0
2012-03-06,17.32,17.51,16.88,17.49,17.4219,175600,0.0,1.0
2012-03-07,17.45,18.06,17.38,18.06,17.9897,283400,0.0,1.0
2012-03-08,18.12,18.18,17.52,17.67,17.6012,382200,0.0,1.0
2012-03-09,17.61,18.24,17.46,18.15,18.0794,162800,0.0,1.0
2012-03-12,18.2,18.23,17.94,18.21,18.1391,119800,0.0,1.0
2012-03-13,18.28,18.42,18.04,18.4,18.3284,205000,0.0,1.0
2012-03-14,18.41,18.45,18.1,18.18,18.1093,180300,0.0,1.0
2012-03-15,18.18,18.5,17.85,18.14,18.0694,209700,0.0,1.0
2012-03-16,18.11,18.35,17.86,18.01,17.9399,237300,0.0,1.0
2012-03-19,18.01,18.165,17.45,17.48,17.412,261100,0.0,1.0
2012-03-20,17.39,17.62,17.06,17.46,17.3921,140200,0.0,1.0
2012-03-21,17.47,17.97,17.07,17.76,17.6909,104600,0.0,1.0
2012-03-22,17.61,17.89,17.23,17.5,17.4319,201400,0.0,1.0
2012-03-23,17.57,17.7,17.35,17.52,17.4518,143600,0.0,1.0
2012-03-26,17.68,17.7,17.03,17.23,17.163,154900,0.0,1.0
2012-03-27,17.26,17.52,17.05,17.13,17.0633,216200,0.0,1.0
2012-03-28,17.21,17.33,16.81,16.85,16.7844,239300,0.0,1.0
2012-03-29,16.76,17.055,16.7,16.96,16.894,92700,0.0,1.0
2012-03-30,17.06,17.08,16.76,16.96,16.894,100500,0.0,1.0
2012-04-02,16.63,16.84,15.95,16.47,16.4059,410200,0.0,1.0
2012-04-03,16.49,16.61,15.75,15.99,15.9278,362300,0.0,1.0
2012-04-04,15.85,15.97,15.73,15.8,15.7385,237200,0.0,1.0
2012-04-05,15.81,16.12,15.59,16.11,16.0473,214800,0.0,1.0
2012-04-09,15.91,16.27,15.61,15.77,15.7086,221800,0.0,1.0
2012-04-10,15.68,16.23,15.61,16.13,16.0672,325600,0.0,1.0
2012-04-11,16.29,16.79,15.9,16.69,16.6251,141200,0.0,1.0
2012-04-12,16.73,16.76,16.42,16.645,16.5802,159300,0.0,1.0
2012-04-13,16.22,16.66,16.22,16.58,16.5155,175400,0.0,1.0
2012-04-16,16.59,16.79,16.41,16.71,16.645,114100,0.0,1.0
2012-04-17,16.87,17.14,16.63,16.68,16.6151,216800,0.0,1.0
2012-04-18,16.57,16.75,16.25,16.5,16.4358,152700,0.0,1.0
2012-04-19,16.46,16.81,16.35,16.77,16.7047,129500,0.0,1.0
2012-04-20,16.97,17.04,16.59,17.02,16.9538,191400,0.0,1.0
2012-04-23,16.84,16.88,16.56,16.73,16.6649,252400,0.0,1.0
2012-04-24,16.73,16.94,16.57,16.86,16.7944,421000,0.0,1.0
2012-04-25,16.96,17.15,16.73,16.93,16.8641,146100,0.0,1.0
2012-04-26,16.91,17.25,16.82,17.05,16.9837,74500,0.0,1.0
2012-04-27,17.12,17.4799,16.93,17.34,17.2725,109000,0.0,1.0
2012-04-30,17.35,17.37,17.16,17.28,17.2128,62800,0.0,1.0
2012-05-01,17.04,17.64,17.0,17.49,17.4219,178000,0.0,1.0
2012-05-02,17.5,17.75,17.055,17.4,17.3323,409400,0.0,1.0
2012-05-03,17.47,17.49,17.0,17.02,16.9538,171600,0.0,1.0
2012-05-04,16.95,16.95,16.431,16.84,16.7745,163200,0.0,1.0
2012-05-07,16.67,17.14,16.51,17.0,16.9339,94300,0.0,1.0
2012-05-08,16.91,17.04,16.64,16.72,16.6549,124400,0.0,1.0
2012-05-09,16.29,16.3,15.25,15.44,15.3799,503200,0.0,1.0
2012-05-10,15.55,15.77,15.09,15.2,15.1409,170000,0.0,1.0
2012-05-11,15.06,15.06,14.39,14.74,14.6826,355000,0.0,1.0
2012-05-14,14.59,14.76,13.95,13.97,13.9156,352600,0.0,1.0
2012-05-15,13.95,14.09,13.34,13.62,13.567,461100,0.0,1.0
2012-05-16,13.66,14.28,13.66,14.03,13.9754,207000,0.0,1.0
2012-05-17,14.07,14.26,13.97,14.16,14.1049,119500,0.0,1.0
2012-05-18,14.18,14.18,13.57,13.92,13.8658,136000,0.0,1.0
2012-05-21,13.92,14.34,13.6,14.02,13.9654,195300,0.0,1.0
2012-05-22,14.01,14.2,13.33,13.54,13.4873,170700,0.0,1.0
2012-05-23,13.39,13.39,12.52,13.03,12.9793,328000,0.0,1.0
2012-05-24,13.06,13.23,12.9488,13.14,13.0889,122100,0.0,1.0
2012-05-25,13.15,13.42,12.95,13.41,13.3578,224700,0.0,1.0
2012-05-29,13.5,13.67,13.22,13.45,13.3977,235100,0.0,1.0
2012-05-30,13.36,13.65,13.06,13.38,13.3279,281600,0.0,1.0
2012-05-31,13.43,13.44,13.25,13.33,13.2781,229300,0.0,1.0
2012-06-01,13.08,13.37,12.94,13.09,13.0391,142700,0.0,1.0
2012-06-04,13.33,13.3905,13.03,13.27,13.2184,117700,0.0,1.0
2012-06-05,13.19,13.43,13.035,13.35,13.2981,129200,0.0,1.0
2012-06-06,13.44,13.79,13.24,13.51,13.4574,119300,0.0,1.0
2012-06-07,13.66,13.68,13.05,13.16,13.1088,213700,0.0,1.0
2012-06-08,13.08,13.3189,12.91,13.25,13.1984,88300,0.0,1.0
2012-06-11,13.34,14.49,13.34,13.95,13.8957,307000,0.0,1.0
2012-06-12,13.97,14.25,13.72,13.96,13.9057,258800,0.0,1.0
2012-06-13,14.0,14.59,13.87,14.19,14.1348,192400,0.0,1.0
2012-06-14,14.17,14.78,13.95,14.55,14.4934,155700,0.0,1.0
2012-06-15,14.55,14.94,14.55,14.81,14.7524,241700,0.0,1.0
2012-06-18,14.75,14.94,14.52,14.77,14.7125,133500,0.0,1.0
2012-06-19,14.75,15.3,14.75,15.25,15.1907,204200,0.0,1.0
2012-06-20,15.28,15.52,14.96,15.34,15.2803,126900,0.0,1.0
2012-06-21,15.27,15.37,14.55,14.64,14.583,162900,0.0,1.0
2012-06-22,14.69,15.28,14.542,14.8,14.7424,1798600,0.0,1.0
2012-06-25,14.7,14.8,14.1,14.22,14.1647,87600,0.0,1.0
2012-06-26,14.2,14.56,14.2,14.46,14.4037,117700,0.0,1.0
2012-06-27,14.53,15.1,14.077,15.01,14.9516,199600,0.0,1.0
2012-06-28,14.88,15.23,14.25,14.35,14.2942,113700,0.0,1.0
2012-06-29,14.62,14.64,14.26,14.35,14.2942,179500,0.0,1.0
2012-07-02,14.41,14.46,13.81,14.39,14.334,326000,0.0,1.0
2012-07-03,14.5,14.8899,14.5,14.78,14.7225,151400,0.0,1.0
2012-07-05,14.78,14.84,14.46,14.56,14.5033,227800,0.0,1.0
2012-07-06,14.4,14.53,13.88,14.2,14.1447,210600,0.0,1.0
2012-07-09,14.18,14.26,13.92,14.195,14.1398,122500,0.0,1.0
2012-07-10,14.22,14.27,13.55,13.61,13.557,95100,0.0,1.0
2012-07-11,13.61,13.85,13.55,13.6,13.5471,89900,0.0,1.0
2012-07-12,13.48,13.48,12.87,13.26,13.2084,126200,0.0,1.0
2012-07-13,13.3,14.37,13.1401,14.25,14.1946,157800,0.0,1.0
2012-07-16,14.27,14.35,13.57,13.64,13.5869,111000,0.0,1.0
2012-07-17,13.66,13.79,13.34,13.72,13.6666,89000,0.0,1.0
2012-07-18,13.66,14.23,13.52,13.71,13.6567,112700,0.0,1.0
2012-07-19,13.81,13.82,13.32,13.46,13.4076,49600,0.0,1.0
2012-07-20,13.37,13.42,13.0,13.2,13.1486,170200,0.0,1.0
2012-07-23,13.0,13.81,12.82,13.66,13.6068,115000,0.0,1.0
2012-07-24,13.69,13.69,12.6101,12.7,12.6506,220200,0.0,1.0
2012-07-25,12.72,13.07,12.7,13.03,12.9793,214600,0.0,1.0
2012-07-26,13.16,13.27,12.72,12.83,12.7801,278300,0.0,1.0
2012-07-27,12.92,13.05,12.86,12.9,12.8498,169300,0.0,1.0
2012-07-30,12.95,12.99,12.36,12.53,12.4812,149200,0.0,1.0
2012-07-31,12.57,12.6,12.29,12.55,12.5012,251600,0.0,1.0
2012-08-01,11.98,12.04,9.54,9.67,9.6324,2625200,0.0,1.0
2012-08-02,9.99,10.42,9.78,10.27,10.23,1252800,0.0,1.0
2012-08-03,10.16,11.44,10.12,11.41,11.3656,393100,0.0,1.0
2012-08-06,11.48,11.62,11.12,11.34,11.2959,336600,0.0,1.0
2012-08-07,11.37,11.87,11.13,11.61,11.5648,269400,0.0,1.0
2012-08-08,11.45,11.67,11.375,11.62,11.5748,193000,0.0,1.0
2012-08-09,11.59,11.73,11.49,11.69,11.6445,112800,0.0,1.0
2012-08-10,11.7,11.718,11.4,11.59,11.5449,465200,0.0,1.0
2012-08-13,11.54,11.7175,11.35,11.69,11.6445,98100,0.0,1.0
2012-08-14,11.71,11.85,11.46,11.6,11.5549,112500,0.0,1.0
2012-08-15,11.6,11.93,11.6,11.8,11.7541,256100,0.0,1.0
2012-08-16,11.75,12.0,11.61,11.95,11.9035,107800,0.0,1.0
2012-08-17,11.92,12.44,11.79,12.25,12.2023,180500,0.0,1.0
2012-08-20,12.25,12.85,11.73,12.26,12.2123,197500,0.0,1.0
2012-08-21,12.26,12.2892,11.87,12.06,12.0131,192500,0.0,1.0
2012-08-22,11.97,12.27,11.95,12.06,12.0131,139000,0.0,1.0
2012-08-23,11.99,12.55,11.99,12.16,12.1127,295400,0.0,1.0
2012-08-24,12.07,12.17,11.9,11.98,11.9334,146900,0.0,1.0
2012-08-27,11.9,12.2,11.74,11.87,11.8238,66500,0.0,1.0
2012-08-28,11.81,12.13,11.81,12.02,11.9732,183700,0.0,1.0
2012-08-29,11.88,12.0508,11.83,11.88,11.8338,185000,0.0,1.0
2012-08-30,11.69,11.85,11.58,11.74,11.6943,157700,0.0,1.0
2012-08-31,11.7,11.88,11.65,11.74,11.6943,177900,0.0,1.0
2012-09-04,11.69,12.16,11.56,11.92,11.8736,207900,0.0,1.0
2012-09-05,11.89,12.22,11.81,12.08,12.033,353400,0.0,1.0
2012-09-06,12.1,12.54,11.98,12.49,12.4414,169100,0.0,1.0
2012-09-07,12.51,12.63,12.29,12.39,12.3418,147700,0.0,1.0
2012-09-10,12.4,12.4,12.08,12.09,12.043,283600,0.0,1.0
2012-09-11,12.09,12.35,12.09,12.23,12.1824,89500,0.0,1.0
2012-09-12,12.26,12.34,12.11,12.21,12.1625,106400,0.0,1.0
2012-09-13,12.21,12.5,12.06,12.38,12.3318,102700,0.0,1.0
2012-09-14,12.45,12.55,12.02,12.51,12.4613,218700,0.0,1.0
2012-09-17,12.49,12.49,12.04,12.15,12.1027,301400,0.0,1.0
2012-09-18,12.15,12.36,12.095,12.22,12.1725,297100,0.0,1.0
2012-09-19,12.18,12.28,11.95,12.06,12.0131,235100,0.0,1.0
2012-09-20,12.02,12.14,11.85,11.96,11.9135,208700,0.0,1.0
2012-09-21,12.14,12.14,11.85,11.95,11.9035,329900,0.0,1.0
2012-09-24,11.92,11.96,11.71,11.76,11.7142,315900,0.0,1.0
2012-09-25,11.79,11.83,11.6,11.64,11.5947,556200,0.0,1.0
2012-09-26,11.57,11.59,11.17,11.35,11.3058,168000,0.0,1.0
2012-09-27,11.43,11.5497,11.3,11.44,11.3955,133200,0.0,1.0
2012-09-28,11.39,11.66,11.13,11.1945,11.1509,281200,0.0,1.0
2012-10-01,11.43,11.43,10.92,10.96,10.9174,398900,0.0,1.0
2012-10-02,10.97,11.09,10.75,10.88,10.8377,238400,0.0,1.0
2012-10-03,10.92,10.99,10.8,10.9,10.8576,387400,0.0,1.0
2012-10-04,10.94,11.24,10.85,10.94,10.8974,310000,0.0,1.0
2012-10-05,10.96,11.0,10.83,10.84,10.7978,155400,0.0,1.0
2012-10-08,10.8,10.82,10.3375,10.39,10.3496,232600,0.0,1.0
2012-10-09,10.39,10.47,10.25,10.37,10.3296,224900,0.0,1.0
2012-10-10,10.37,10.45,9.99,10.07,10.0308,204900,0.0,1.0
2012-10-11,10.15,10.3,10.05,10.1,10.0607,181200,0.0,1.0
2012-10-12,10.1,10.12,9.66,9.69,9.6523,316600,0.0,1.0
2012-10-15,9.67,9.84,9.6166,9.74,9.7021,174100,0.0,1.0
2012-10-16,9.8,10.07,9.63,10.06,10.0209,254300,0.0,1.0
2012-10-17,10.02,10.12,9.71,9.99,9.9511,302900,0.0,1.0
2012-10-18,9.95,10.02,9.63,9.78,9.7419,198200,0.0,1.0
2012-10-19,9.76,9.79,9.65,9.69,9.6523,399100,0.0,1.0
2012-10-22,9.71,9.79,9.51,9.61,9.5726,171000,0.0,1.0
2012-10-23,9.52,9.64,9.31,9.52,9.483,197600,0.0,1.0
2012-10-24,9.58,9.6,9.24,9.42,9.3833,198900,0.0,1.0
2012-10-25,9.49,9.72,9.39,9.69,9.6523,172200,0.0,1.0
2012-10-26,9.68,9.83,9.62,9.78,9.7419,443800,0.0,1.0
2012-10-31,9.99,10.64,9.66,10.53,10.489,301100,0.0,1.0
2012-11-01,10.63,11.04,10.45,11.01,10.9672,232500,0.0,1.0
2012-11-02,10.97,10.97,10.4,10.47,10.4293,286800,0.0,1.0
2012-11-05,10.44,10.45,9.82,9.86,9.8216,570400,0.0,1.0
2012-11-06,9.91,10.08,9.85,10.0,9.9611,209300,0.0,1.0
2012-11-07,9.77,9.94,9.7,9.74,9.7021,228100,0.0,1.0
2012-11-08,9.68,9.84,9.55,9.7,9.6623,182000,0.0,1.0
2012-11-09,9.66,9.74,9.5,9.61,9.5726,114600,0.0,1.0
2012-11-12,9.62,9.62,9.0,9.06,9.0247,242200,0.0,1.0
2012-11-13,9.05,9.09,8.72,8.84,8.8056,735400,0.0,1.0
2012-11-14,8.89,9.05,8.82,8.93,8.8953,203300,0.0,1.0
2012-11-15,8.91,8.95,8.56,8.8,8.7658,405200,0.0,1.0
2012-11-16,8.74,8.96,8.55,8.8504,8.816,227500,0.0,1.0
2012-11-19,9.0,9.0,8.72,8.76,8.7259,150700,0.0,1.0
2012-11-20,8.75,9.04,8.7,8.99,8.955,237200,0.0,1.0
2012-11-21,9.02,9.76,8.87,8.97,8.9351,96900,0.0,1.0
2012-11-23,9.02,9.0299,8.7,8.8,8.7658,62300,0.0,1.0
2012-11-26,8.81,9.38,8.81,9.38,9.3435,119900,0.0,1.0
2012-11-27,9.43,9.48,9.15,9.3,9.2638,132000,0.0,1.0
2012-11-28,9.22,9.33,9.03,9.3,9.2638,129300,0.0,1.0
2012-11-29,9.19,9.19,8.96,9.07,9.0347,202200,0.0,1.0
2012-11-30,9.04,9.21,8.99,9.08,9.0447,122800,0.0,1.0
2012-12-03,9.15,9.19,8.95,9.05,9.0148,135000,0.0,1.0
2012-12-04,9.09,9.25,9.03,9.11,9.0746,187600,0.0,1.0
2012-12-05,9.13,9.265,8.91,9.2,9.1642,443800,0.0,1.0
2012-12-06,9.22,9.89,9.22,9.8,9.7619,489800,0.0,1.0
2012-12-07,9.85,9.89,9.39,9.4,9.3634,131600,0.0,1.0
2012-12-10,9.4,9.45,9.01,9.24,9.204,236500,0.0,1.0
2012-12-11,9.21,9.31,9.18,9.25,9.214,129900,0.0,1.0
2012-12-12,9.02,9.28,9.02,9.16,9.1244,186100,0.0,1.0
2012-12-13,9.18,9.29,8.97,9.03,8.9949,99700,0.0,1.0
2012-12-14,8.97,9.04,8.66,8.72,8.6861,106300,0.0,1.0
2012-12-17,8.77,8.98,8.69,8.96,8.9251,121100,0.0,1.0
2012-12-18,9.0,9.0,8.8,8.93,8.8953,88900,0.0,1.0
2012-12-19,8.92,9.34,8.86,9.33,9.2937,117400,0.0,1.0
2012-12-20,9.37,9.37,9.14,9.27,9.2339,171500,0.0,1.0
2012-12-21,9.17,9.24,8.82,9.2,9.1642,232000,0.0,1.0
2012-12-24,8.69,9.02,8.6,8.87,8.8355,85200,0.0,1.0
2012-12-26,8.88,8.96,8.71,8.93,8.8953,135100,0.0,1.0
2012-12-27,8.96,9.14,8.855,9.03,8.9949,167300,0.0,1.0
2012-12-28,9.01,9.29,9.0,9.14,9.1044,163300,0.0,1.0
2012-12-31,9.13,9.18,8.9,9.04,9.0048,225400,0.0,1.0
2013-01-02,9.28,9.88,9.15,9.87,9.8316,261800,0.0,1.0
2013-01-03,9.87,9.88,9.5,9.64,9.6025,157200,0.0,1.0
2013-01-04,9.71,10.1,9.51,10.04,10.0009,137600,0.0,1.0
2013-01-07,10.03,10.14,9.76,10.01,9.9711,157100,0.0,1.0
2013-01-08,10.03,10.23,9.87,9.91,9.8714,159200,0.0,1.0
2013-01-09,9.91,10.11,9.6482,9.69,9.6523,130800,0.0,1.0
2013-01-10,9.7,9.885,9.58,9.85,9.8117,121200,0.0,1.0
2013-01-11,9.87,9.87,9.38,9.77,9.732,167600,0.0,1.0
2013-01-14,9.73,9.89,9.55,9.76,9.722,174800,0.0,1.0
2013-01-15,9.74,9.84,9.59,9.67,9.6324,83100,0.0,1.0
2013-01-16,9.64,9.7799,9.38,9.72,9.6822,98000,0.0,1.0
2013-01-17,9.78,9.81,9.1,9.72,9.6822,111900,0.0,1.0
2013-01-18,9.71,9.79,9.53,9.69,9.6523,69100,0.0,1.0
2013-01-22,9.72,9.72,9.32,9.66,9.6224,149400,0.0,1.0
2013-01-23,9.48,9.95,9.48,9.85,9.8117,124300,0.0,1.0
2013-01-24,9.84,9.96,9.76,9.85,9.8117,215100,0.0,1.0
2013-01-25,9.84,10.49,9.84,10.42,10.3795,163600,0.0,1.0
2013-01-28,10.49,10.8,10.17,10.77,10.7281,209400,0.0,1.0
2013-01-29,10.78,10.86,10.35,10.47,10.4293,157500,0.0,1.0
2013-01-30,10.46,10.46,10.07,10.16,10.1205,151200,0.0,1.0
2013-01-31,10.17,10.55,10.0,10.43,10.3894,259700,0.0,1.0
2013-02-01,10.45,10.56,10.19,10.41,10.3695,204100,0.0,1.0
2013-02-04,10.31,10.42,10.11,10.32,10.2798,181900,0.0,1.0
2013-02-05,10.41,10.51,10.21,10.33,10.2898,122500,0.0,1.0
2013-02-06,10.28,10.69,10.19,10.62,10.5787,132700,0.0,1.0
2013-02-07,10.61,10.61,10.41,10.6,10.5588,69500,0.0,1.0
2013-02-08,10.59,10.78,10.57,10.73,10.6882,83000,0.0,1.0
2013-02-11,10.74,10.74,10.4,10.66,10.6185,163100,0.0,1.0
2013-02-12,10.69,10.75,10.43,10.69,10.6484,238300,0.0,1.0
2013-02-13,12.55,13.73,12.3,13.05,12.9992,1110000,0.0,1.0
2013-02-14,13.18,13.28,12.98,13.09,13.0391,430300,0.0,1.0
2013-02-15,12.91,13.1,12.8,12.94,12.8896,337600,0.0,1.0
2013-02-19,12.48,13.0,12.37,12.8,12.7502,436300,0.0,1.0
2013-02-20,12.76,13.14,12.46,12.54,12.4912,303100,0.0,1.0
2013-02-21,12.51,12.568,12.26,12.42,12.3717,162900,0.0,1.0
2013-02-22,12.45,12.68,12.41,12.65,12.6008,496300,0.0,1.0
2013-02-25,12.55,12.7,12.35,12.48,12.4314,1365400,0.0,1.0
2013-02-26,12.55,12.75,12.31,12.57,12.5211,714000,0.0,1.0
2013-02-27,12.57,13.05,12.44,12.68,12.6307,406800,0.0,1.0
2013-02-28,12.56,12.56,11.82,11.86,11.8139,614400,0.0,1.0
2013-03-01,11.75,12.32,11.52,12.09,12.043,440300,0.0,1.0
2013-03-04,12.18,12.22,11.78,12.13,12.0828,211600,0.0,1.0
2013-03-05,12.18,12.34,12.02,12.31,12.2621,197500,0.0,1.0
2013-03-06,12.31,12.71,12.19,12.65,12.6008,268900,0.0,1.0
2013-03-07,12.67,13.14,12.67,13.1,13.049,510900,0.0,1.0
2013-03-08,13.16,13.7312,13.03,13.49,13.4375,572000,0.0,1.0
2013-03-11,13.48,13.48,13.07,13.47,13.4176,220900,0.0,1.0
2013-03-12,13.48,13.48,13.24,13.39,13.3379,194300,0.0,1.0
2013-03-13,13.42,13.52,13.22,13.52,13.4674,271700,0.0,1.0
2013-03-14,13.51,13.53,13.35,13.52,13.4674,194100,0.0,1.0
2013-03-15,13.42,13.51,13.31,13.41,13.3578,239900,0.0,1.0
2013-03-18,13.28,14.02,13.25,14.02,13.9654,390900,0.0,1.0
2013-03-19,14.01,14.06,13.75,13.93,13.8758,381100,0.0,1.0
2013-03-20,13.94,13.94,13.79,13.89,13.836,178200,0.0,1.0
2013-03-21,13.77,14.0,13.58,13.81,13.7563,182200,0.0,1.0
2013-03-22,13.9,14.19,13.7,14.18,14.1248,171600,0.0,1.0
2013-03-25,14.14,14.32,13.985,14.26,14.2045,215600,0.0,1.0
2013-03-26,14.3,14.42,14.02,14.14,14.085,170100,0.0,1.0
2013-03-27,14.08,14.39,13.935,14.36,14.3041,179800,0.0,1.0
2013-03-28,14.3,14.3,14.02,14.11,14.0551,209300,0.0,1.0
2013-04-01,14.14,14.21,13.731,14.12,14.0651,244600,0.0,1.0
2013-04-02,14.0,14.11,13.62,13.74,13.6865,213900,0.0,1.0
2013-04-03,13.71,13.77,13.28,13.42,13.3678,441700,0.0,1.0
2013-04-04,13.398,13.82,13.25,13.77,13.7164,237200,0.0,1.0
2013-04-05,13.55,13.74,13.5,13.61,13.557,63100,0.0,1.0
2013-04-08,13.68,13.99,13.6,13.97,13.9156,122600,0.0,1.0
2013-04-09,13.96,14.14,13.72,13.73,13.6766,251500,0.0,1.0
2013-04-10,13.81,13.9,13.71,13.8,13.7463,265600,0.0,1.0
2013-04-11,13.81,13.93,13.43,13.52,13.4674,153600,0.0,1.0
2013-04-12,13.5,13.7,13.4201,13.59,13.5371,480700,0.0,1.0
2013-04-15,13.49,13.75,13.2,13.31,13.2582,195000,0.0,1.0
2013-04-16,13.41,13.5,13.1,13.39,13.3379,237000,0.0,1.0
2013-04-17,13.31,13.3299,12.84,12.95,12.8996,234000,0.0,1.0
2013-04-18,13.02,13.35,13.02,13.18,13.1287,382800,0.0,1.0
2013-04-19,13.16,13.37,12.9724,13.34,13.2881,279000,0.0,1.0
2013-04-22,13.38,13.38,13.01,13.17,13.1188,157900,0.0,1.0
2013-04-23,13.29,13.6599,13.16,13.39,13.3379,110700,0.0,1.0
2013-04-24,13.36,13.49,13.14,13.16,13.1088,142700,0.0,1.0
2013-04-25,13.22,13.66,13.17,13.26,13.2084,207500,0.0,1.0
2013-04-26,13.25,13.3164,13.06,13.16,13.1088,201600,0.0,1.0
2013-04-29,13.23,13.36,13.15,13.3,13.2482,177800,0.0,1.0
2013-04-30,13.32,13.47,13.16,13.41,13.3578,275000,0.0,1.0
2013-05-01,13.85,15.11,13.85,14.49,14.4336,1262500,0.0,1.0
2013-05-02,14.6,15.94,14.6,15.69,15.6289,626800,0.0,1.0
2013-05-03,15.07,15.81,15.0,15.23,15.1707,733800,0.0,1.0
2013-05-06,15.11,15.3,14.64,14.94,14.8819,583000,0.0,1.0
2013-05-07,15.0,15.15,14.88,15.01,14.9516,522400,0.0,1.0
2013-05-08,14.95,14.95,14.52,14.74,14.6826,488200,0.0,1.0
2013-05-09,14.69,14.79,14.52,14.69,14.6328,377200,0.0,1.0
2013-05-10,14.64,15.04,14.55,15.0,14.9416,534800,0.0,1.0
2013-05-13,15.05,15.09,14.9,14.99,14.9317,367600,0.0,1.0
2013-05-14,15.0,15.125,14.94,15.0,14.9416,439200,0.0,1.0
2013-05-15,14.92,15.09,14.91,15.08,15.0213,561700,0.0,1.0
2013-05-16,15.05,15.7,15.05,15.68,15.619,636200,0.0,1.0
2013-05-17,15.5,15.5,14.89,15.37,15.3102,567400,0.0,1.0
2013-05-20,15.26,15.67,15.2,15.4,15.3401,290600,0.0,1.0
2013-05-21,15.37,15.4,15.12,15.23,15.1707,206400,0.0,1.0
2013-05-22,15.34,15.43,14.79,14.81,14.7524,497500,0.0,1.0
2013-05-23,14.75,15.1,14.71,15.08,15.0213,271200,0.0,1.0
2013-05-24,15.03,15.4,14.93,15.38,15.3202,334600,0.0,1.0
2013-05-28,15.5,15.55,14.79,15.16,15.101,484100,0.0,1.0
2013-05-29,15.15,15.36,15.0,15.15,15.0911,490700,0.0,1.0
2013-05-30,15.21,15.28,15.03,15.15,15.0911,653000,0.0,1.0
2013-05-31,14.98,15.5,14.96,15.34,15.2803,449700,0.0,1.0
2013-06-03,15.34,15.44,14.82,15.23,15.1707,486400,0.0,1.0
2013-06-04,15.0,15.14,14.5,14.72,14.6627,726400,0.0,1.0
2013-06-05,14.67,15.01,14.44,14.94,14.8819,442700,0.0,1.0
2013-06-06,15.0,15.34,14.856,15.33,15.2704,399000,0.0,1.0
2013-06-07,15.38,15.87,15.24,15.69,15.6289,513000,0.0,1.0
2013-06-10,15.63,15.72,15.39,15.69,15.6289,368300,0.0,1.0
2013-06-11,15.64,15.85,15.23,15.7,15.6389,525200,0.0,1.0
2013-06-12,15.78,15.78,15.13,15.18,15.1209,272700,0.0,1.0
2013-06-13,15.24,15.95,15.2,15.95,15.8879,419000,0.0,1.0
2013-06-14,16.0,16.33,15.67,15.73,15.6688,694000,0.0,1.0
2013-06-17,15.93,16.3,15.79,16.28,16.2167,503000,0.0,1.0
2013-06-18,16.39,16.61,16.21,16.44,16.376,445900,0.0,1.0
2013-06-19,16.5,16.59,16.21,16.3,16.2366,278700,0.0,1.0
2013-06-20,16.09,16.33,15.8,15.92,15.8581,310200,0.0,1.0
2013-06-21,16.0,16.26,15.66,15.97,15.9079,403900,0.0,1.0
2013-06-24,15.8,16.32,15.56,16.24,16.1768,377100,0.0,1.0
2013-06-25,16.4,16.62,16.03,16.48,16.4159,402500,0.0,1.0
2013-06-26,16.63,16.63,16.13,16.3,16.2366,402800,0.0,1.0
2013-06-27,16.33,16.67,16.25,16.64,16.5753,349700,0.0,1.0
2013-06-28,16.6,16.95,16.41,16.8,16.7346,2460900,0.0,1.0
2013-07-01,16.99,16.99,16.29,16.32,16.2565,494500,0.0,1.0
2013-07-02,16.27,16.9,16.175,16.55,16.4856,423000,0.0,1.0
2013-07-03,16.2401,16.5725,16.24,16.38,16.3163,207800,0.0,1.0
2013-07-05,16.62,16.94,16.32,16.76,16.6948,286300,0.0,1.0
2013-07-08,16.9,17.06,16.86,16.94,16.8741,458500,0.0,1.0
2013-07-09,16.98,17.3,16.75,17.18,17.1132,482200,0.0,1.0
2013-07-10,17.26,17.3399,17.13,17.25,17.1829,322500,0.0,1.0
2013-07-11,17.4,17.54,17.21,17.24,17.1729,431700,0.0,1.0
2013-07-12,17.27,17.9599,17.27,17.76,17.6909,238600,0.0,1.0
2013-07-15,17.92,18.89,17.76,18.36,18.2886,719500,0.0,1.0
2013-07-16,18.36,18.61,18.09,18.48,18.4081,395600,0.0,1.0
2013-07-17,18.61,18.8455,18.57,18.66,18.5874,303900,0.0,1.0
2013-07-18,18.77,19.07,18.58,18.79,18.7169,371900,0.0,1.0
2013-07-19,18.69,19.17,18.69,18.95,18.8763,434300,0.0,1.0
2013-07-22,18.94,19.2145,18.71,18.83,18.7567,449200,0.0,1.0
2013-07-23,18.93,19.1,18.82,18.91,18.8364,365200,0.0,1.0
2013-07-24,18.99,19.1,18.49,18.73,18.6571,440100,0.0,1.0
2013-07-25,18.65,18.86,18.52,18.8,18.7268,275500,0.0,1.0
2013-07-26,18.73,19.05,18.65,18.83,18.7567,431300,0.0,1.0
2013-07-29,18.97,19.1,18.771,18.97,18.8962,329000,0.0,1.0
2013-07-30,19.02,19.03,18.21,18.46,18.3882,514700,0.0,1.0
2013-07-31,19.76,19.88,16.61,17.44,17.3721,1171100,0.0,1.0
2013-08-01,17.47,17.85,17.35,17.61,17.5415,569800,0.0,1.0
2013-08-02,17.25,17.32,16.5,16.52,16.4557,673000,0.0,1.0
2013-08-05,16.52,16.78,16.35,16.58,16.5155,726800,0.0,1.0
2013-08-06,16.58,17.27,16.445,16.5,16.4358,537700,0.0,1.0
2013-08-07,16.12,16.24,15.715,15.97,15.9079,617100,0.0,1.0
2013-08-08,16.0,16.27,15.94,16.21,16.1469,579700,0.0,1.0
2013-08-09,16.22,16.29,16.07,16.17,16.1071,265000,0.0,1.0
2013-08-12,16.02,16.27,15.85,16.12,16.0573,360500,0.0,1.0
2013-08-13,16.18,16.22,15.8,15.97,15.9079,281200,0.0,1.0
2013-08-14,15.99,16.28,15.9101,16.03,15.9676,386400,0.0,1.0
2013-08-15,16.07,16.16,15.795,15.84,15.7784,370000,0.0,1.0
2013-08-16,15.82,16.01,15.3,15.7,15.6389,440300,0.0,1.0
2013-08-19,15.65,15.975,15.48,15.48,15.4198,327100,0.0,1.0
2013-08-20,15.46,15.92,15.44,15.89,15.8282,337600,0.0,1.0
2013-08-21,15.64,16.1775,15.56,15.86,15.7983,450700,0.0,1.0
2013-08-22,15.94,16.41,15.84,16.15,16.0872,267100,0.0,1.0
2013-08-23,16.18,16.2,15.88,15.99,15.9278,474200,0.0,1.0
2013-08-26,16.02,16.44,15.9,16.21,16.1469,352300,0.0,1.0
2013-08-27,16.12,16.22,15.63,15.65,15.5891,282400,0.0,1.0
2013-08-28,15.66,15.89,15.55,15.77,15.7086,280700,0.0,1.0
2013-08-29,15.72,16.05,15.64,15.92,15.8581,295500,0.0,1.0
2013-08-30,15.85,15.91,15.62,15.69,15.6289,407500,0.0,1.0
2013-09-03,15.82,16.34,15.8,16.18,16.117,363800,0.0,1.0
2013-09-04,16.16,16.2,15.8,16.02,15.9577,416400,0.0,1.0
2013-09-05,16.08,16.4,15.87,16.22,16.1569,250300,0.0,1.0
2013-09-06,16.32,16.48,15.88,16.16,16.0971,251200,0.0,1.0
2013-09-09,16.17,16.75,16.17,16.68,16.6151,319300,0.0,1.0
2013-09-10,16.71,17.225,16.71,17.17,17.1032,369300,0.0,1.0
2013-09-11,17.09,17.47,17.0,17.25,17.1829,355100,0.0,1.0
2013-09-12,17.16,17.27,16.99,17.13,17.0633,296500,0.0,1.0
2013-09-13,17.21,17.46,16.95,17.37,17.3024,267200,0.0,1.0
2013-09-16,17.48,17.84,17.4,17.65,17.5813,467800,0.0,1.0
2013-09-17,17.61,17.77,17.35,17.65,17.5813,325000,0.0,1.0
2013-09-18,17.66,17.79,17.31,17.6,17.5315,359700,0.0,1.0
2013-09-19,17.6,17.93,17.49,17.77,17.7009,370100,0.0,1.0
2013-09-20,17.76,17.92,17.53,17.69,17.6212,1030200,0.0,1.0
2013-09-23,17.64,17.92,17.43,17.77,17.7009,296800,0.0,1.0
2013-09-24,17.77,17.92,17.54,17.77,17.7009,197200,0.0,1.0
2013-09-25,17.74,17.9,17.51,17.62,17.5514,247400,0.0,1.0
2013-09-26,17.66,17.83,17.35,17.57,17.5016,378200,0.0,1.0
2013-09-27,17.43,17.7525,17.41,17.64,17.5714,179400,0.0,1.0
2013-09-30,17.53,17.64,17.3014,17.54,17.4718,339300,0.0,1.0
2013-10-01,17.56,17.74,17.43,17.7,17.6311,177700,0.0,1.0
2013-10-02,17.62,18.01,17.25,18.01,17.9399,269100,0.0,1.0
2013-10-03,17.92,18.0,17.55,17.77,17.7009,330600,0.0,1.0
2013-10-04,17.72,17.91,17.604,17.71,17.6411,226000,0.0,1.0
2013-10-07,17.54,17.67,17.44,17.55,17.4817,229300,0.0,1.0
2013-10-08,17.53,17.6125,17.23,17.4,17.3323,715700,0.0,1.0
2013-10-09,17.42,17.59,17.05,17.07,17.0036,352000,0.0,1.0
2013-10-10,17.29,17.6499,17.13,17.52,17.4518,331200,0.0,1.0
2013-10-11,17.54,17.83,17.37,17.72,17.6511,201100,0.0,1.0
2013-10-14,17.68,17.99,17.54,17.89,17.8204,206000,0.0,1.0
2013-10-15,17.88,18.0225,17.71,17.79,17.7208,318400,0.0,1.0
2013-10-16,17.88,18.12,17.64,17.67,17.6012,235100,0.0,1.0
2013-10-17,17.6,17.78,17.52,17.76,17.6909,229900,0.0,1.0
2013-10-18,17.91,17.992,17.2,17.45,17.3821,573900,0.0,1.0
2013-10-21,17.49,17.64,17.34,17.51,17.4419,463700,0.0,1.0
2013-10-22,17.53,17.702,16.97,17.44,17.3721,541300,0.0,1.0
2013-10-23,17.32,17.51,17.09,17.11,17.0434,226800,0.0,1.0
2013-10-24,17.2,17.43,17.18,17.42,17.3522,570600,0.0,1.0
2013-10-25,17.45,17.53,16.96,17.08,17.0135,288300,0.0,1.0
2013-10-28,17.07,17.34,17.05,17.29,17.2227,264400,0.0,1.0
2013-10-29,17.27,17.4,16.96,17.34,17.2725,286200,0.0,1.0
2013-10-30,18.75,18.75,17.89,18.29,18.2188,1559400,0.0,1.0
2013-10-31,18.35,18.4,17.8,17.855,17.7855,441300,0.0,1.0
2013-11-01,17.84,17.84,17.27,17.49,17.4219,404000,0.0,1.0
2013-11-04,17.21,17.315,17.0,17.21,17.143,423500,0.0,1.0
2013-11-05,17.18,17.32,16.87,17.28,17.2128,361500,0.0,1.0
2013-11-06,17.32,17.4,17.02,17.09,17.0235,236400,0.0,1.0
2013-11-07,17.13,17.25,16.76,16.84,16.7745,302800,0.0,1.0
2013-11-08,16.8,17.05,16.6,16.75,16.6848,356900,0.0,1.0
2013-11-11,16.65,16.95,16.5,16.88,16.8143,330800,0.0,1.0
2013-11-12,16.87,17.03,16.65,16.95,16.884,328400,0.0,1.0
2013-11-13,16.83,17.19,16.8,17.15,17.0833,599600,0.0,1.0
2013-11-14,17.17,17.29,16.96,16.99,16.9239,317800,0.0,1.0
2013-11-15,16.96,17.084,16.91,17.06,16.9936,345100,0.0,1.0
2013-11-18,17.07,17.12,16.81,16.98,16.9139,348600,0.0,1.0
2013-11-19,16.94,17.19,16.81,16.99,16.9239,369000,0.0,1.0
2013-11-20,17.0,17.0,16.6,16.68,16.6151,289000,0.0,1.0
2013-11-21,16.37,16.62,16.12,16.6,16.5354,609900,0.0,1.0
2013-11-22,16.53,16.75,16.36,16.68,16.6151,248900,0.0,1.0
2013-11-25,16.75,17.04,16.62,16.76,16.6948,384800,0.0,1.0
2013-11-26,16.73,16.73,16.44,16.55,16.4856,282800,0.0,1.0
2013-11-27,16.39,16.42,16.04,16.39,16.3262,400700,0.0,1.0
2013-11-29,16.42,16.63,16.2915,16.52,16.4557,224200,0.0,1.0
2013-12-02,16.54,16.8,16.4001,16.62,16.5553,574300,0.0,1.0
2013-12-03,16.64,16.69,16.22,16.34,16.2764,435800,0.0,1.0
2013-12-04,16.28,16.28,15.76,15.95,15.8879,346100,0.0,1.0
2013-12-05,15.95,16.1699,15.74,16.09,16.0274,412500,0.0,1.0
2013-12-06,16.19,16.34,16.02,16.23,16.1668,457100,0.0,1.0
2013-12-09,16.24,16.4,15.92,15.99,15.9278,392100,0.0,1.0
2013-12-10,16.01,16.57,15.9,16.48,16.4159,652100,0.0,1.0
2013-12-11,16.54,16.54,16.05,16.23,16.1668,409600,0.0,1.0
2013-12-12,16.19,16.37,16.0,16.29,16.2266,498900,0.0,1.0
2013-12-13,16.29,16.57,16.07,16.16,16.0971,320500,0.0,1.0
2013-12-16,16.2,16.57,16.05,16.47,16.4059,242900,0.0,1.0
2013-12-17,16.51,16.58,16.4,16.51,16.4458,320700,0.0,1.0
2013-12-18,16.57,16.76,16.31,16.57,16.5055,356800,0.0,1.0
2013-12-19,16.53,16.63,16.34,16.43,16.3661,304200,0.0,1.0
2013-12-20,16.51,16.71,16.14,16.69,16.6251,682100,0.0,1.0
2013-12-23,16.8,16.98,16.67,16.88,16.8143,346500,0.0,1.0
2013-12-24,16.85,16.96,16.65,16.92,16.8542,166800,0.0,1.0
2013-12-26,16.97,17.11,16.89,16.91,16.8442,283600,0.0,1.0
2013-12-27,17.0,17.07,16.885,17.01,16.9438,1055000,0.0,1.0
2013-12-30,16.95,17.02,16.77,16.92,16.8542,191400,0.0,1.0
2013-12-31,16.85,17.02,16.74,16.9,16.8342,253600,0.0,1.0
2014-01-02,16.77,17.07,16.65,16.95,16.884,796200,0.0,1.0
2014-01-03,17.03,17.05,16.73,16.87,16.8044,308400,0.0,1.0
2014-01-06,16.91,17.0,16.51,16.89,16.8243,423000,0.0,1.0
2014-01-07,17.02,17.04,16.85,16.98,16.9139,269900,0.0,1.0
2014-01-08,16.91,17.2,16.7,17.11,17.0434,937400,0.0,1.0
2014-01-09,17.17,17.38,16.97,17.08,17.0135,297700,0.0,1.0
2014-01-10,17.15,17.29,16.96,17.2,17.1331,330700,0.0,1.0
2014-01-13,17.17,17.17,16.9,16.98,16.9139,383200,0.0,1.0
2014-01-14,17.0,17.2,16.82,17.04,16.9737,244400,0.0,1.0
2014-01-15,17.03,17.14,16.9,17.03,16.9637,174000,0.0,1.0
2014-01-16,16.94,17.21,16.79,17.16,17.0932,260600,0.0,1.0
2014-01-17,17.14,17.28,16.87,16.98,16.9139,190200,0.0,1.0
2014-01-21,17.0,17.1699,16.75,16.81,16.7446,254900,0.0,1.0
2014-01-22,16.83,17.0,16.7101,16.94,16.8741,210700,0.0,1.0
2014-01-23,16.89,17.04,16.75,17.04,16.9737,213500,0.0,1.0
2014-01-24,16.99,17.12,16.78,16.89,16.8243,361700,0.0,1.0
2014-01-27,16.88,16.88,15.96,16.23,16.1668,369300,0.0,1.0
2014-01-28,16.21,16.41,16.02,16.37,16.3063,267300,0.0,1.0
2014-01-29,16.28,16.45,15.88,16.0,15.9377,274700,0.0,1.0
2014-01-30,16.09,16.27,15.92,16.15,16.0872,201100,0.0,1.0
2014-01-31,16.0,16.3,16.0,16.22,16.1569,245000,0.0,1.0
2014-02-03,16.18,16.23,15.94,15.99,15.9278,357600,0.0,1.0
2014-02-04,16.11,16.19,15.41,15.41,15.35,268900,0.0,1.0
2014-02-05,15.38,15.66,15.06,15.4,15.3401,285800,0.0,1.0
2014-02-06,15.39,15.72,15.39,15.42,15.36,215700,0.0,1.0
2014-02-07,15.49,15.71,15.43,15.49,15.4297,154500,0.0,1.0
2014-02-10,15.42,15.59,15.2,15.5,15.4397,187800,0.0,1.0
2014-02-11,15.58,16.01,15.14,16.01,15.9477,412900,0.0,1.0
2014-02-12,15.0,17.45,14.55,17.37,17.3024,1015600,0.0,1.0
2014-02-13,17.32,17.32,16.64,16.76,16.6948,647700,0.0,1.0
2014-02-14,16.44,16.77,15.91,16.44,16.376,832400,0.0,1.0
2014-02-18,16.41,16.8,16.28,16.48,16.4159,911100,0.0,1.0
2014-02-19,16.5,16.74,16.26,16.44,16.376,461300,0.0,1.0
2014-02-20,16.52,16.63,16.17,16.18,16.117,400400,0.0,1.0
2014-02-21,16.2,16.4,15.96,16.1,16.0374,300300,0.0,1.0
2014-02-24,16.18,16.32,15.81,16.26,16.1967,436500,0.0,1.0
2014-02-25,16.32,16.39,16.03,16.15,16.0872,299200,0.0,1.0
2014-02-26,16.16,16.35,16.105,16.35,16.2864,271800,0.0,1.0
2014-02-27,16.3,16.55,16.27,16.36,16.2963,414200,0.0,1.0
2014-02-28,16.3,16.404,15.95,16.02,15.9577,329700,0.0,1.0
2014-03-03,15.91,16.28,15.77,16.2,16.137,337800,0.0,1.0
2014-03-04,16.3,16.54,16.12,16.34,16.2764,767600,0.0,1.0
2014-03-05,16.37,16.42,15.99,16.34,16.2764,772800,0.0,1.0
2014-03-06,16.33,16.35,15.89,15.97,15.9079,401900,0.0,1.0
2014-03-07,16.05,16.27,15.94,15.95,15.8879,262100,0.0,1.0
2014-03-10,15.96,16.09,15.89,16.01,15.9477,352500,0.0,1.0
2014-03-11,16.06,16.16,15.52,15.64,15.5791,407500,0.0,1.0
2014-03-12,15.6,15.82,15.45,15.77,15.7086,438500,0.0,1.0
2014-03-13,15.77,15.95,15.4,15.52,15.4596,287500,0.0,1.0
2014-03-14,15.48,15.995,15.48,15.93,15.868,233800,0.0,1.0
2014-03-17,16.41,16.6,15.9,15.96,15.8979,395200,0.0,1.0
2014-03-18,15.95,16.48,15.84,16.25,16.1868,446900,0.0,1.0
2014-03-19,16.22,16.4399,15.82,15.99,15.9278,219900,0.0,1.0
2014-03-20,15.97,16.16,15.78,15.93,15.868,194900,0.0,1.0
2014-03-21,16.04,16.264,15.77,16.11,16.0473,481800,0.0,1.0
2014-03-24,16.1,16.186,15.81,16.08,16.0174,252200,0.0,1.0
2014-03-25,16.16,16.2699,15.94,16.08,16.0174,192300,0.0,1.0
2014-03-26,16.08,16.25,15.87,15.9,15.8381,309100,0.0,1.0
2014-03-27,15.89,16.13,15.77,16.12,16.0573,354100,0.0,1.0
2014-03-28,16.19,16.37,15.95,16.16,16.0971,449200,0.0,1.0
2014-03-31,16.2,16.4,16.15,16.28,16.2167,341800,0.0,1.0
2014-04-01,16.34,16.49,16.17,16.46,16.396,271400,0.0,1.0
2014-04-02,16.48,16.86,16.41,16.6,16.5354,305400,0.0,1.0
2014-04-03,16.63,16.9,16.38,16.45,16.386,340100,0.0,1.0
2014-04-04,16.56,16.6,16.01,16.14,16.0772,297900,0.0,1.0
2014-04-07,16.03,16.28,15.69,16.23,16.1668,327900,0.0,1.0
2014-04-08,16.28,16.49,16.15,16.26,16.1967,339400,0.0,1.0
2014-04-09,16.33,17.25,16.19,17.14,17.0733,533100,0.0,1.0
2014-04-10,17.2,17.23,16.72,16.78,16.7147,525000,0.0,1.0
2014-04-11,16.66,16.9,16.37,16.4,16.3362,274200,0.0,1.0
2014-04-14,16.54,16.55,16.14,16.33,16.2665,235100,0.0,1.0
2014-04-15,16.41,16.68,16.0,16.49,16.4258,342000,0.0,1.0
2014-04-16,16.6,16.73,16.32,16.4,16.3362,221600,0.0,1.0
2014-04-17,16.41,16.812,16.22,16.71,16.645,171100,0.0,1.0
2014-04-21,16.78,16.78,16.41,16.52,16.4557,250200,0.0,1.0
2014-04-22,16.49,17.09,16.43,16.95,16.884,181700,0.0,1.0
2014-04-23,16.97,17.072,16.56,16.76,16.6948,391300,0.0,1.0
2014-04-24,16.84,17.0715,16.71,17.05,16.9837,231200,0.0,1.0
2014-04-25,16.97,17.01,16.49,16.62,16.5553,254900,0.0,1.0
2014-04-28,16.7,16.73,16.15,16.51,16.4458,244700,0.0,1.0
2014-04-29,16.59,16.59,16.25,16.42,16.3561,186600,0.0,1.0
2014-04-30,16.44,16.992,15.95,16.38,16.3163,396400,0.0,1.0
2014-05-01,16.3,16.63,16.07,16.26,16.1967,447900,0.0,1.0
2014-05-02,16.18,16.62,16.18,16.56,16.4956,384500,0.0,1.0
2014-05-05,16.5,16.58,16.18,16.54,16.4756,294100,0.0,1.0
2014-05-06,16.42,16.585,16.11,16.2,16.137,389500,0.0,1.0
2014-05-07,16.23,16.36,16.065,16.34,16.2764,243400,0.0,1.0
2014-05-08,16.3,16.43,15.95,16.06,15.9975,305400,0.0,1.0
2014-05-09,16.07,16.15,15.84,16.14,16.0772,251100,0.0,1.0
2014-05-12,16.26,16.42,15.98,16.27,16.2067,489800,0.0,1.0
2014-05-13,16.29,16.39,16.14,16.25,16.1868,299500,0.0,1.0
2014-05-14,16.22,16.29,16.04,16.09,16.0274,217400,0.0,1.0
2014-05-15,16.06,16.1,15.65,16.02,15.9577,240000,0.0,1.0
2014-05-16,16.02,16.1,15.85,16.08,16.0174,204600,0.0,1.0
2014-05-19,16.02,16.2298,15.969,16.15,16.0872,253300,0.0,1.0
2014-05-20,16.11,16.336,15.87,16.05,15.9875,272900,0.0,1.0
2014-05-21,16.05,16.29,16.0,16.24,16.1768,194600,0.0,1.0
2014-05-22,16.18,16.32,16.02,16.16,16.0971,140300,0.0,1.0
2014-05-23,16.19,16.49,16.11,16.49,16.4258,187800,0.0,1.0
2014-05-27,16.5,16.75,16.47,16.7,16.635,192700,0.0,1.0
2014-05-28,16.67,16.75,16.54,16.56,16.4956,275100,0.0,1.0
2014-05-29,16.69,16.69,16.42,16.45,16.386,213600,0.0,1.0
2014-05-30,16.49,16.5,16.12,16.25,16.1868,284000,0.0,1.0
2014-06-02,16.27,16.27,15.96,16.02,15.9577,174600,0.0,1.0
2014-06-03,15.97,15.97,15.695,15.76,15.6987,224400,0.0,1.0
2014-06-04,15.72,16.11,15.63,16.08,16.0174,234000,0.0,1.0
2014-06-05,16.12,16.45,16.01,16.41,16.3461,286800,0.0,1.0
2014-06-06,16.43,16.63,16.36,16.58,16.5155,178100,0.0,1.0
2014-06-09,16.6,16.75,16.5459,16.72,16.6549,150400,0.0,1.0
2014-06-10,16.71,17.45,16.5999,16.86,16.7944,694000,0.0,1.0
2014-06-11,16.98,17.4,16.75,17.2,17.1331,513000,0.0,1.0
2014-06-12,17.23,17.31,17.1,17.24,17.1729,189100,0.0,1.0
2014-06-13,17.23,17.3,17.03,17.13,17.0633,148700,0.0,1.0
2014-06-16,17.15,17.49,17.13,17.41,17.3423,306000,0.0,1.0
2014-06-17,17.47,17.665,17.36,17.5,17.4319,292300,0.0,1.0
2014-06-18,17.5,17.65,17.22,17.33,17.2626,273200,0.0,1.0
2014-06-19,17.35,17.37,17.11,17.3,17.2327,239900,0.0,1.0
2014-06-20,17.34,17.63,17.21,17.29,17.2227,374900,0.0,1.0
2014-06-23,17.42,17.42,17.11,17.14,17.0733,295500,0.0,1.0
2014-06-24,17.04,17.34,16.97,16.985,16.9189,228000,0.0,1.0
2014-06-25,16.91,17.4,16.91,17.39,17.3223,305000,0.0,1.0
2014-06-26,17.37,17.37,17.06,17.3,17.2327,207900,0.0,1.0
2014-06-27,17.13,17.59,17.095,17.47,17.402,2760300,0.0,1.0
2014-06-30,17.44,17.79,17.32,17.75,17.6809,337800,0.0,1.0
2014-07-01,17.88,18.1501,17.75,18.07,17.9997,390800,0.0,1.0
2014-07-02,18.06,18.15,17.87,17.97,17.9001,281500,0.0,1.0
2014-07-03,18.0,18.13,17.82,18.12,18.0495,96000,0.0,1.0
2014-07-07,18.16,18.16,17.65,17.68,17.6112,206200,0.0,1.0
2014-07-08,17.66,17.82,17.34,17.52,17.4518,249500,0.0,1.0
2014-07-09,17.62,17.7399,17.42,17.52,17.4518,144200,0.0,1.0
2014-07-10,17.19,17.44,17.03,17.05,16.9837,221400,0.0,1.0
2014-07-11,17.01,17.1925,16.71,16.8,16.7346,150700,0.0,1.0
2014-07-14,16.98,17.09,16.825,16.98,16.9139,131400,0.0,1.0
2014-07-15,16.91,17.02,16.57,16.68,16.6151,163700,0.0,1.0
2014-07-16,16.81,16.91,16.37,16.67,16.6051,155600,0.0,1.0
2014-07-17,16.68,16.78,16.3401,16.47,16.4059,186300,0.0,1.0
2014-07-18,16.47,16.83,16.39,16.8,16.7346,175900,0.0,1.0
2014-07-21,16.74,16.89,16.29,16.42,16.3561,299200,0.0,1.0
2014-07-22,16.49,16.61,16.31,16.45,16.386,175300,0.0,1.0
2014-07-23,16.49,16.49,16.27,16.37,16.3063,104900,0.0,1.0
2014-07-24,16.45,16.45,16.0,16.19,16.127,324700,0.0,1.0
2014-07-25,16.12,16.12,15.78,16.03,15.9676,254600,0.0,1.0
2014-07-28,16.09,16.09,15.76,16.05,15.9875,248900,0.0,1.0
2014-07-29,16.15,16.31,15.98,16.27,16.2067,308500,0.0,1.0
2014-07-30,16.92,16.984,15.81,16.12,16.0573,461000,0.0,1.0
2014-07-31,15.93,15.96,15.35,15.6,15.5393,471900,0.0,1.0
2014-08-01,15.6,15.82,15.34,15.5,15.4397,322500,0.0,1.0
2014-08-04,15.19,15.59,14.71,15.09,15.0313,611400,0.0,1.0
2014-08-05,15.04,15.24,14.95,15.12,15.0612,299500,0.0,1.0
2014-08-06,15.02,15.19,14.92,15.1,15.0412,247500,0.0,1.0
2014-08-07,15.17,15.2999,14.9,14.94,14.8819,170900,0.0,1.0
2014-08-08,14.87,15.18,14.6,15.09,15.0313,349500,0.0,1.0
2014-08-11,15.13,15.49,15.12,15.28,15.2205,162200,0.0,1.0
2014-08-12,15.2,15.28,14.95,15.15,15.0911,361800,0.0,1.0
2014-08-13,15.2,15.31,15.08,15.09,15.0313,174100,0.0,1.0
2014-08-14,15.1,15.33,14.87,15.01,14.9516,284800,0.0,1.0
2014-08-15,15.16,15.16,14.66,14.96,14.9018,391800,0.0,1.0
2014-08-18,15.05,15.45,14.98,15.45,15.3899,251300,0.0,1.0
2014-08-19,15.49,15.4999,15.15,15.34,15.2803,195800,0.0,1.0
2014-08-20,15.31,15.44,14.94,15.05,14.9914,188200,0.0,1.0
2014-08-21,15.08,15.23,14.68,15.17,15.111,314400,0.0,1.0
2014-08-22,15.04,15.33,14.88,15.24,15.1807,301200,0.0,1.0
2014-08-25,15.32,15.46,15.11,15.21,15.1508,134300,0.0,1.0
2014-08-26,15.22,15.33,15.06,15.2,15.1409,302600,0.0,1.0
2014-08-27,15.28,15.31,15.01,15.05,14.9914,133100,0.0,1.0
2014-08-28,15.0,15.145,14.819,15.07,15.0114,230400,0.0,1.0
2014-08-29,15.1,15.25,15.01,15.19,15.1309,124600,0.0,1.0
2014-09-02,15.29,15.38,15.1,15.29,15.2305,199700,0.0,1.0
2014-09-03,15.32,15.37,15.05,15.1,15.0412,200600,0.0,1.0
2014-09-04,15.13,15.26,14.79,14.79,14.7325,180700,0.0,1.0
2014-09-05,14.72,15.25,14.7052,15.23,15.1707,218200,0.0,1.0
2014-09-08,15.25,15.31,15.0,15.17,15.111,166000,0.0,1.0
2014-09-09,15.11,15.15,14.78,14.86,14.8022,244400,0.0,1.0
2014-09-10,14.89,15.0625,14.79,14.82,14.7623,226600,0.0,1.0
2014-09-11,14.75,15.07,14.73,14.9,14.842,347400,0.0,1.0
2014-09-12,14.92,14.98,14.67,14.74,14.6826,333200,0.0,1.0
2014-09-15,14.73,14.93,14.4,14.77,14.7125,420000,0.0,1.0
2014-09-16,14.77,14.93,14.51,14.69,14.6328,360300,0.0,1.0
2014-09-17,14.69,14.92,14.48,14.5,14.4436,271100,0.0,1.0
2014-09-18,14.54,14.84,14.52,14.81,14.7524,211800,0.0,1.0
2014-09-19,14.85,14.97,14.37,14.52,14.4635,614100,0.0,1.0
2014-09-22,14.44,14.65,14.26,14.58,14.5233,276000,0.0,1.0
2014-09-23,14.58,14.6,14.36,14.495,14.4386,317300,0.0,1.0
2014-09-24,14.48,14.61,14.35,14.52,14.4635,173495,0.0,1.0
2014-09-25,14.51,14.51,14.3,14.42,14.3639,257706,0.0,1.0
2014-09-26,14.45,14.59,14.2501,14.55,14.4934,197525,0.0,1.0
2014-09-29,14.41,14.4999,14.12,14.36,14.3041,325565,0.0,1.0
2014-09-30,14.32,14.47,13.73,13.73,13.6766,552815,0.0,1.0
2014-10-01,13.73,14.105,13.25,14.06,14.0053,656900,0.0,1.0
2014-10-02,14.03,14.28,13.95,14.2,14.1447,329082,0.0,1.0
2014-10-03,14.36,14.53,14.23,14.33,14.2742,272654,0.0,1.0
2014-10-06,15.0,15.0,14.2,14.22,14.1647,233067,0.0,1.0
2014-10-07,14.16,14.18,13.92,13.92,13.8658,206400,0.0,1.0
2014-10-08,13.85,14.5,13.78,14.46,14.4037,377722,0.0,1.0
2014-10-09,14.4,14.4,14.11,14.19,14.1348,252981,0.0,1.0
2014-10-10,14.1,14.29,13.92,14.0,13.9455,261617,0.0,1.0
2014-10-13,14.0,14.38,13.925,14.3,14.2444,266292,0.0,1.0
2014-10-14,14.44,14.92,14.385,14.76,14.7026,320942,0.0,1.0
2014-10-15,14.61,14.82,14.421,14.76,14.7026,274939,0.0,1.0
2014-10-16,14.52,14.95,14.39,14.68,14.6229,332959,0.0,1.0
2014-10-17,14.89,14.944,14.45,14.5,14.4436,311485,0.0,1.0
2014-10-20,14.49,14.5699,14.3,14.42,14.3639,588665,0.0,1.0
2014-10-21,14.45,14.825,13.782,14.54,14.4834,287655,0.0,1.0
2014-10-22,14.58,14.6,14.29,14.33,14.2742,217503,0.0,1.0
2014-10-23,14.49,14.58,14.34,14.49,14.4336,349455,0.0,1.0
2014-10-24,14.43,14.565,14.34,14.37,14.3141,236715,0.0,1.0
2014-10-27,14.25,14.74,14.22,14.73,14.6727,162025,0.0,1.0
2014-10-28,14.82,15.31,14.714,15.25,15.1907,319186,0.0,1.0
2014-10-29,16.0,16.0,13.58,13.73,13.6766,722161,0.0,1.0
2014-10-30,13.6,14.01,13.44,13.85,13.7961,614786,0.0,1.0
2014-10-31,14.13,14.13,13.87,14.05,13.9953,546835,0.0,1.0
2014-11-03,14.02,14.2,13.73,13.76,13.7065,396601,0.0,1.0
2014-11-04,13.65,13.98,13.63,13.69,13.6367,473973,0.0,1.0
2014-11-05,13.77,14.12,13.72,13.81,13.7563,308812,0.0,1.0
2014-11-06,13.87,13.9599,13.67,13.74,13.6865,286001,0.0,1.0
2014-11-07,13.77,13.94,13.7,13.93,13.8758,269162,0.0,1.0
2014-11-10,14.01,14.12,13.78,13.95,13.8957,218424,0.0,1.0
2014-11-11,13.98,14.118,13.9,14.03,13.9754,170722,0.0,1.0
2014-11-12,14.0,14.16,13.87,14.06,14.0053,177547,0.0,1.0
2014-11-13,14.1,14.1,13.76,13.9,13.8459,200652,0.0,1.0
2014-11-14,13.92,14.1,13.81,13.91,13.8559,196886,0.0,1.0
2014-11-17,13.91,13.97,13.47,13.47,13.4176,314585,0.0,1.0
2014-11-18,13.5,13.64,13.37,13.46,13.4076,419827,0.0,1.0
2014-11-19,13.4,13.63,13.06,13.14,13.0889,284279,0.0,1.0
2014-11-20,13.13,13.31,13.11,13.31,13.2582,253858,0.0,1.0
2014-11-21,13.4,13.4,13.2,13.25,13.1984,420191,0.0,1.0
2014-11-24,13.5,13.74,13.16,13.54,13.4873,259899,0.0,1.0
2014-11-25,13.59,13.6199,13.4,13.53,13.4774,143111,0.0,1.0
2014-11-26,13.51,13.61,13.33,13.48,13.4275,180462,0.0,1.0
2014-11-28,13.48,13.48,13.09,13.12,13.0689,182173,0.0,1.0
2014-12-01,13.12,13.42,13.05,13.23,13.1785,354185,0.0,1.0
2014-12-02,13.32,13.5,13.15,13.27,13.2184,305968,0.0,1.0
2014-12-03,13.32,13.7,13.32,13.63,13.577,264317,0.0,1.0
2014-12-04,13.68,13.68,13.34,13.45,13.3977,188930,0.0,1.0
2014-12-05,13.45,13.67,13.41,13.6,13.5471,240409,0.0,1.0
2014-12-08,13.6,13.76,13.51,13.52,13.4674,257789,0.0,1.0
2014-12-09,13.45,13.82,13.25,13.77,13.7164,275126,0.0,1.0
2014-12-10,13.68,13.87,13.015,13.25,13.1984,317346,0.0,1.0
2014-12-11,13.32,13.57,13.13,13.16,13.1088,180347,0.0,1.0
2014-12-12,13.01,13.21,12.85,13.01,12.9594,307623,0.0,1.0
2014-12-15,13.08,13.14,12.92,13.01,12.9594,322782,0.0,1.0
2014-12-16,12.98,13.25,12.713,13.12,13.0689,325907,0.0,1.0
2014-12-17,13.09,13.37,13.01,13.36,13.308,451984,0.0,1.0
2014-12-18,13.57,13.83,13.25,13.69,13.6367,338341,0.0,1.0
2014-12-19,13.66,14.21,13.66,14.16,14.1049,516710,0.0,1.0
2014-12-22,14.21,14.23,13.78,13.91,13.8559,221402,0.0,1.0
2014-12-23,12.85,13.97,12.83,13.86,13.8061,578146,0.0,1.0
2014-12-24,14.19,14.2,13.61,13.64,13.5869,149055,0.0,1.0
2014-12-26,13.64,13.96,13.63,13.96,13.9057,185843,0.0,1.0
2014-12-29,13.92,14.11,13.58,13.79,13.7363,266570,0.0,1.0
2014-12-30,13.76,14.11,13.72,14.01,13.9555,247067,0.0,1.0
2014-12-31,14.01,14.04,13.78,13.78,13.7264,203525,0.0,1.0
2015-01-02,13.87,13.92,13.5,13.71,13.6567,127451,0.0,1.0
2015-01-05,13.7,13.8,13.52,13.59,13.5371,161010,0.0,1.0
2015-01-06,13.68,13.72,13.23,13.56,13.5072,272652,0.0,1.0
2015-01-07,13.61,13.645,13.33,13.63,13.577,270900,0.0,1.0
2015-01-08,13.76,13.915,13.54,13.71,13.6567,263162,0.0,1.0
2015-01-09,13.75,13.75,13.42,13.53,13.4774,212401,0.0,1.0
2015-01-12,13.55,13.59,13.34,13.56,13.5072,248802,0.0,1.0
2015-01-13,13.62,13.865,13.23,13.63,13.577,361905,0.0,1.0
2015-01-14,13.43,13.47,12.87,12.96,12.9096,262639,0.0,1.0
2015-01-15,13.0,13.02,12.27,12.31,12.2621,403396,0.0,1.0
2015-01-16,12.26,12.57,11.94,12.43,12.3816,513085,0.0,1.0
2015-01-20,12.49,12.69,12.35,12.39,12.3418,363018,0.0,1.0
2015-01-21,12.3,12.55,12.13,12.5,12.4514,319285,0.0,1.0
2015-01-22,12.63,12.63,12.4,12.52,12.4713,275978,0.0,1.0
2015-01-23,12.49,12.79,12.35,12.77,12.7203,248998,0.0,1.0
2015-01-26,12.83,12.97,12.56,12.92,12.8697,277724,0.0,1.0
2015-01-27,12.74,12.8,12.44,12.62,12.5709,271929,0.0,1.0
2015-01-28,12.73,12.75,12.44,12.53,12.4812,245383,0.0,1.0
2015-01-29,12.53,12.65,12.18,12.63,12.5809,350767,0.0,1.0
2015-01-30,12.5,12.635,12.32,12.35,12.3019,276099,0.0,1.0
2015-02-02,12.41,12.59,12.24,12.49,12.4414,234703,0.0,1.0
2015-02-03,12.51,12.885,12.51,12.79,12.7402,234616,0.0,1.0
2015-02-04,12.79,13.03,12.77,12.81,12.7602,231581,0.0,1.0
2015-02-05,12.89,13.4,12.86,13.22,13.1686,332934,0.0,1.0
2015-02-06,13.23,13.33,13.13,13.18,13.1287,146000,0.0,1.0
2015-02-09,13.17,13.37,12.99,13.0,12.9494,185761,0.0,1.0
2015-02-10,13.13,13.13,12.78,12.9,12.8498,144580,0.0,1.0
2015-02-11,13.06,13.84,13.06,13.465,13.4126,630932,0.0,1.0
2015-02-12,13.25,13.58,13.15,13.52,13.4674,539102,0.0,1.0
2015-02-13,13.51,14.09,13.42,13.94,13.8858,618125,0.0,1.0
2015-02-17,13.94,14.34,13.82,14.14,14.085,488580,0.0,1.0
2015-02-18,14.08,14.32,14.06,14.3,14.2444,275543,0.0,1.0
2015-02-19,14.25,14.33,14.1,14.13,14.075,373815,0.0,1.0
2015-02-20,14.17,14.26,13.79,14.1,14.0451,375738,0.0,1.0
2015-02-23,14.1,14.23,13.81,14.23,14.1746,212566,0.0,1.0
2015-02-24,14.1,14.31,14.0,14.24,14.1846,207665,0.0,1.0
2015-02-25,14.25,14.83,14.25,14.68,14.6229,462514,0.0,1.0
2015-02-26,14.82,14.88,14.61,14.68,14.6229,322917,0.0,1.0
2015-02-27,14.7,14.8299,14.58,14.58,14.5233,221049,0.0,1.0
2015-03-02,14.6,14.98,14.55,14.94,14.8819,364862,0.0,1.0
2015-03-03,14.85,14.9,14.57,14.58,14.5233,273136,0.0,1.0
2015-03-04,14.56,14.58,14.27,14.37,14.3141,258719,0.0,1.0
2015-03-05,14.35,14.44,14.1,14.29,14.2344,290776,0.0,1.0
2015-03-06,14.14,14.385,14.1,14.23,14.1746,231933,0.0,1.0
2015-03-09,14.27,14.37,14.09,14.27,14.2145,188487,0.0,1.0
2015-03-10,14.11,14.31,14.03,14.2,14.1447,160398,0.0,1.0
2015-03-11,14.18,14.39,14.1,14.35,14.2942,201729,0.0,1.0
2015-03-12,14.43,14.84,14.43,14.77,14.7125,283653,0.0,1.0
2015-03-13,14.79,14.81,14.36,14.5,14.4436,331710,0.0,1.0
2015-03-16,14.56,14.73,14.54,14.56,14.5033,237764,0.0,1.0
2015-03-17,14.52,14.61,14.33,14.43,14.3739,189685,0.0,1.0
2015-03-18,14.36,14.43,14.13,14.42,14.3639,177973,0.0,1.0
2015-03-19,14.44,14.6,14.425,14.58,14.5233,174281,0.0,1.0
2015-03-20,14.65,15.15,14.5,15.01,14.9516,420624,0.0,1.0
2015-03-23,15.04,15.05,14.81,14.86,14.8022,248024,0.0,1.0
2015-03-24,14.86,14.87,14.65,14.86,14.8022,171147,0.0,1.0
2015-03-25,14.86,14.87,14.4,14.48,14.4237,208294,0.0,1.0
2015-03-26,14.45,14.54,14.14,14.27,14.2145,230362,0.0,1.0
2015-03-27,14.25,14.33,14.12,14.22,14.1647,138187,0.0,1.0
2015-03-30,14.31,14.52,14.24,14.5,14.4436,205090,0.0,1.0
2015-03-31,14.4,14.41,14.27,14.39,14.334,216675,0.0,1.0
2015-04-01,14.4,14.73,14.13,14.72,14.6627,268136,0.0,1.0
2015-04-02,14.72,14.76,14.44,14.51,14.4535,260239,0.0,1.0
2015-04-06,14.33,14.6122,14.33,14.48,14.4237,283842,0.0,1.0
2015-04-07,14.46,14.61,14.43,14.51,14.4535,398173,0.0,1.0
2015-04-08,14.52,14.7,14.52,14.68,14.6229,187779,0.0,1.0
2015-04-09,14.7,14.86,14.41,14.6,14.5432,201809,0.0,1.0
2015-04-10,14.71,14.8,14.418,14.75,14.6926,245399,0.0,1.0
2015-04-13,14.75,14.78,14.53,14.64,14.583,183923,0.0,1.0
2015-04-14,14.64,14.65,14.47,14.49,14.4336,164195,0.0,1.0
2015-04-15,14.5,14.75,14.45,14.7,14.6428,252389,0.0,1.0
2015-04-16,14.65,14.82,14.38,14.48,14.4237,150025,0.0,1.0
2015-04-17,14.37,14.393,14.12,14.14,14.085,286418,0.0,1.0
2015-04-20,14.23,14.385,14.0,14.25,14.1946,447699,0.0,1.0
2015-04-21,14.32,14.88,14.2401,14.86,14.8022,366894,0.0,1.0
2015-04-22,14.81,14.84,14.67,14.77,14.7125,375648,0.0,1.0
2015-04-23,14.75,15.0,14.64,14.94,14.8819,165744,0.0,1.0
2015-04-24,14.92,15.06,14.86,15.03,14.9715,227758,0.0,1.0
2015-04-27,15.02,15.4,14.95,15.115,15.0562,227187,0.0,1.0
2015-04-28,15.18,15.29,14.946,15.1,15.0412,238396,0.0,1.0
2015-04-29,15.32,16.72,15.32,16.23,16.1668,779865,0.0,1.0
2015-04-30,16.2,16.29,15.4,15.56,15.4995,651010,0.0,1.0
2015-05-01,15.54,15.81,15.25,15.27,15.2106,619538,0.0,1.0
2015-05-04,15.3,15.58,15.26,15.34,15.2803,623166,0.0,1.0
2015-05-05,15.28,15.51,15.17,15.32,15.2604,596462,0.0,1.0
2015-05-06,15.41,15.5,15.3,15.34,15.2803,447667,0.0,1.0
2015-05-07,15.37,15.5,15.13,15.17,15.111,585371,0.0,1.0
2015-05-08,15.24,15.48,15.18,15.32,15.2604,670568,0.0,1.0
2015-05-11,15.32,15.63,15.32,15.44,15.3799,426592,0.0,1.0
2015-05-12,15.42,15.43,15.22,15.36,15.3002,430857,0.0,1.0
2015-05-13,15.39,15.69,15.21,15.55,15.4895,617310,0.0,1.0
2015-05-14,15.62,15.97,15.54,15.9,15.8381,422580,0.0,1.0
2015-05-15,15.9,16.19,15.8,15.9,15.8381,405478,0.0,1.0
2015-05-18,15.84,16.36,15.77,16.23,16.1668,319719,0.0,1.0
2015-05-19,16.15,16.28,15.95,16.07,16.0075,277024,0.0,1.0
2015-05-20,16.09,16.25,15.97,16.17,16.1071,181021,0.0,1.0
2015-05-21,16.1,16.27,16.0001,16.11,16.0473,199644,0.0,1.0
2015-05-22,15.89,16.18,15.89,16.04,15.9776,231551,0.0,1.0
2015-05-26,15.97,15.98,15.64,15.73,15.6688,202404,0.0,1.0
2015-05-27,15.77,16.02,15.56,16.0,15.9377,189652,0.0,1.0
2015-05-28,15.99,16.12,15.82,16.0,15.9377,191043,0.0,1.0
2015-05-29,15.96,16.04,15.73,15.91,15.8481,238265,0.0,1.0
2015-06-01,16.0,16.21,15.65,15.93,15.868,217035,0.0,1.0
2015-06-02,15.84,16.02,15.7,15.8,15.7385,375003,0.0,1.0
2015-06-03,15.85,16.23,15.85,16.0,15.9377,315686,0.0,1.0
2015-06-04,15.85,16.04,15.69,15.93,15.868,230361,0.0,1.0
2015-06-05,16.02,16.31,15.78,16.28,16.2167,195073,0.0,1.0
2015-06-08,16.33,16.4,15.98,16.11,16.0473,184130,0.0,1.0
2015-06-09,16.07,16.11,15.88,16.01,15.9477,161779,0.0,1.0
2015-06-10,16.14,16.6,16.13,16.57,16.5055,236372,0.0,1.0
2015-06-11,16.58,16.58,16.35,16.435,16.3711,161217,0.0,1.0
2015-06-12,16.44,16.55,16.353,16.39,16.3262,117590,0.0,1.0
2015-06-15,16.34,16.3417,15.9,16.18,16.117,152322,0.0,1.0
2015-06-16,16.1,16.38,16.002,16.33,16.2665,138707,0.0,1.0
2015-06-17,16.4,16.57,16.15,16.29,16.2266,253986,0.0,1.0
2015-06-18,16.37,16.77,16.21,16.72,16.6549,287287,0.0,1.0
2015-06-19,16.68,16.85,16.51,16.67,16.6051,309945,0.0,1.0
2015-06-22,16.72,16.98,16.54,16.93,16.8641,291414,0.0,1.0
2015-06-23,16.89,17.0,16.81,16.99,16.9239,407472,0.0,1.0
2015-06-24,16.99,17.26,16.84,17.2,17.1331,330776,0.0,1.0
2015-06-25,17.31,17.31,16.81,17.18,17.1132,184824,0.0,1.0
2015-06-26,17.24,17.24,16.72,16.82,16.7546,856163,0.0,1.0
2015-06-29,16.73,16.88,16.52,16.72,16.6549,283287,0.0,1.0
2015-06-30,16.82,16.96,16.695,16.9,16.8342,315372,0.0,1.0
2015-07-01,17.02,17.16,16.79,17.02,16.9538,387492,0.0,1.0
2015-07-02,17.08,17.08,16.68,16.75,16.6848,304369,0.0,1.0
2015-07-06,16.55,16.925,16.526,16.89,16.8243,286165,0.0,1.0
2015-07-07,16.93,16.99,16.35,16.45,16.386,306523,0.0,1.0
2015-07-08,16.28,16.45,16.01,16.1,16.0374,350260,0.0,1.0
2015-07-09,16.26,16.43,15.86,15.87,15.8082,478864,0.0,1.0
2015-07-10,16.02,16.34,15.975,16.3,16.2366,308040,0.0,1.0
2015-07-13,16.41,16.42,15.98,16.17,16.1071,322483,0.0,1.0
2015-07-14,16.22,16.71,16.11,16.67,16.6051,392943,0.0,1.0
2015-07-15,16.63,16.85,16.39,16.4,16.3362,234980,0.0,1.0
2015-07-16,16.45,16.69,16.36,16.46,16.396,262292,0.0,1.0
2015-07-17,16.53,16.59,16.3,16.41,16.3461,169524,0.0,1.0
2015-07-20,16.4,16.4,16.16,16.22,16.1569,207004,0.0,1.0
2015-07-21,16.24,16.35,16.18,16.265,16.2017,262987,0.0,1.0
2015-07-22,16.21,16.23,16.08,16.11,16.0473,158429,0.0,1.0
2015-07-23,16.11,16.51,16.11,16.36,16.2963,329459,0.0,1.0
2015-07-24,16.41,16.41,15.97,16.08,16.0174,248904,0.0,1.0
2015-07-27,16.0,16.18,15.74,16.03,15.9676,273434,0.0,1.0
2015-07-28,16.02,16.21,15.71,16.11,16.0473,193000,0.0,1.0
2015-07-29,16.3,16.3,14.95,15.33,15.2704,601185,0.0,1.0
2015-07-30,15.13,15.48,14.964,15.3,15.2405,380089,0.0,1.0
2015-07-31,15.22,15.53,15.22,15.48,15.4198,273541,0.0,1.0
2015-08-03,15.48,15.48,15.2,15.26,15.2006,228657,0.0,1.0
2015-08-04,15.2,15.49,15.2,15.37,15.3102,194851,0.0,1.0
2015-08-05,15.49,15.66,15.36,15.5,15.4397,193003,0.0,1.0
2015-08-06,15.49,15.49,14.97,15.08,15.0213,206800,0.0,1.0
2015-08-07,14.95,15.35,14.95,15.06,15.0014,277747,0.0,1.0
2015-08-10,15.1,15.41,15.07,15.25,15.1907,227435,0.0,1.0
2015-08-11,15.18,15.28,15.01,15.26,15.2006,238852,0.0,1.0
2015-08-12,15.14,15.23,14.9,15.08,15.0213,162003,0.0,1.0
2015-08-13,15.1,15.28,14.91,14.94,14.8819,149240,0.0,1.0
2015-08-14,14.87,15.19,14.87,15.18,15.1209,134549,0.0,1.0
2015-08-17,15.16,15.34,14.99,15.3,15.2405,204489,0.0,1.0
2015-08-18,15.22,15.3,15.11,15.27,15.2106,207466,0.0,1.0
2015-08-19,15.12,15.22,14.9,15.1,15.0412,209949,0.0,1.0
2015-08-20,14.65,14.77,13.68,13.72,13.6666,754487,0.0,1.0
2015-08-21,13.52,14.135,13.52,13.84,13.7861,612100,0.0,1.0
2015-08-24,13.02,13.87,13.02,13.36,13.308,424031,0.0,1.0
2015-08-25,13.7,13.75,13.18,13.24,13.1885,329393,0.0,1.0
2015-08-26,13.46,13.59,13.15,13.51,13.4574,504096,0.0,1.0
2015-08-27,13.57,13.825,13.39,13.7,13.6467,243870,0.0,1.0
2015-08-28,13.59,13.97,13.59,13.83,13.7762,191190,0.0,1.0
2015-08-31,13.76,13.87,13.68,13.77,13.7164,192251,0.0,1.0
2015-09-01,13.55,13.7,13.31,13.35,13.2981,201419,0.0,1.0
2015-09-02,13.55,13.722,13.25,13.48,13.4275,208887,0.0,1.0
2015-09-03,13.59,13.77,13.5,13.57,13.5172,167089,0.0,1.0
2015-09-04,13.4,13.49,13.24,13.31,13.2582,140405,0.0,1.0
2015-09-08,13.49,13.49,13.185,13.39,13.3379,432023,0.0,1.0
2015-09-09,13.54,13.63,13.46,13.53,13.4774,313055,0.0,1.0
2015-09-10,13.46,13.61,13.44,13.52,13.4674,173185,0.0,1.0
2015-09-11,13.45,13.56,13.33,13.56,13.5072,201804,0.0,1.0
2015-09-14,13.6,13.69,13.31,13.36,13.308,181937,0.0,1.0
2015-09-15,13.38,13.77,13.36,13.67,13.6168,189300,0.0,1.0
2015-09-16,13.71,13.88,13.595,13.83,13.7762,220210,0.0,1.0
2015-09-17,13.84,14.06,13.76,13.83,13.7762,231231,0.0,1.0
2015-09-18,13.63,13.68,13.39,13.44,13.3877,283777,0.0,1.0
2015-09-21,13.55,13.69,13.41,13.58,13.5272,195045,0.0,1.0
2015-09-22,13.44,13.49,13.24,13.26,13.2084,250724,0.0,1.0
2015-09-23,13.31,13.53,13.26,13.4,13.3479,255968,0.0,1.0
2015-09-24,13.28,13.7,13.27,13.68,13.6268,298946,0.0,1.0
2015-09-25,13.81,13.85,13.59,13.7,13.6467,374676,0.0,1.0
2015-09-28,13.62,13.73,13.45,13.57,13.5172,240627,0.0,1.0
2015-09-29,13.57,13.67,13.47,13.54,13.4873,188556,0.0,1.0
2015-09-30,13.64,13.75,13.4401,13.72,13.6666,307916,0.0,1.0
2015-10-01,13.68,13.95,13.34,13.4,13.3479,224553,0.0,1.0
2015-10-02,13.31,13.7,13.23,13.7,13.6467,200649,0.0,1.0
2015-10-05,13.83,14.2,13.83,14.18,14.1248,169300,0.0,1.0
2015-10-06,14.14,14.35,14.05,14.2,14.1447,257488,0.0,1.0
2015-10-07,14.24,14.62,14.24,14.62,14.5631,198574,0.0,1.0
2015-10-08,14.56,14.67,14.27,14.57,14.5133,345645,0.0,1.0
2015-10-09,14.63,14.94,14.63,14.76,14.7026,156762,0.0,1.0
2015-10-12,14.78,14.8,14.1075,14.58,14.5233,165319,0.0,1.0
2015-10-13,14.53,14.75,14.33,14.58,14.5233,153869,0.0,1.0
2015-10-14,14.58,14.815,14.42,14.75,14.6926,250620,0.0,1.0
2015-10-15,14.82,15.05,14.65,15.04,14.9815,661942,0.0,1.0
2015-10-16,15.05,15.09,14.8,14.99,14.9317,687681,0.0,1.0
2015-10-19,14.92,15.1,14.92,15.03,14.9715,177242,0.0,1.0
2015-10-20,15.03,15.16,14.94,15.0,14.9416,181591,0.0,1.0
2015-10-21,15.04,15.04,14.63,14.64,14.583,255500,0.0,1.0
2015-10-22,14.75,15.1199,14.74,15.06,15.0014,261777,0.0,1.0
2015-10-23,15.24,15.31,14.99,15.18,15.1209,205521,0.0,1.0
2015-10-26,15.21,15.41,15.21,15.26,15.2006,245795,0.0,1.0
2015-10-27,15.14,15.27,14.89,15.13,15.0711,281675,0.0,1.0
2015-10-28,13.75,14.86,12.51,14.47,14.4137,923748,0.0,1.0
2015-10-29,14.45,14.45,14.1,14.22,14.1647,342853,0.0,1.0
2015-10-30,14.2,14.33,14.04,14.24,14.1846,349925,0.0,1.0
2015-11-02,14.18,14.818,14.18,14.66,14.603,293222,0.0,1.0
2015-11-03,14.49,14.61,14.28,14.36,14.3041,250987,0.0,1.0
2015-11-04,14.33,14.45,14.21,14.26,14.2045,240484,0.0,1.0
2015-11-05,14.29,14.39,13.96,13.99,13.9356,344290,0.0,1.0
2015-11-06,13.92,14.2098,13.9,14.15,14.0949,378345,0.0,1.0
2015-11-09,14.15,14.15,13.8801,14.1,14.0451,266906,0.0,1.0
2015-11-10,14.06,14.21,13.92,13.99,13.9356,161572,0.0,1.0
2015-11-11,13.98,14.11,13.84,13.88,13.826,157044,0.0,1.0
2015-11-12,13.76,13.81,13.59,13.62,13.567,191512,0.0,1.0
2015-11-13,13.53,13.64,13.36,13.4,13.3479,155573,0.0,1.0
2015-11-16,13.35,13.54,13.25,13.5,13.4475,230279,0.0,1.0
2015-11-17,13.43,13.74,13.31,13.49,13.4375,344362,0.0,1.0
2015-11-18,13.58,13.79,13.0601,13.6,13.5471,228621,0.0,1.0
2015-11-19,13.63,13.7,13.5,13.55,13.4973,157081,0.0,1.0
2015-11-20,13.64,13.78,13.54,13.64,13.5869,163420,0.0,1.0
2015-11-23,13.62,13.849,13.53,13.56,13.5072,204531,0.0,1.0
2015-11-24,13.46,13.7,13.4,13.6,13.5471,279616,0.0,1.0
2015-11-25,13.62,13.8,13.56,13.78,13.7264,193215,0.0,1.0
2015-11-27,13.78,13.9601,13.76,13.96,13.9057,83623,0.0,1.0
2015-11-30,13.93,14.09,13.71,13.87,13.816,337736,0.0,1.0
2015-12-01,13.95,13.96,13.705,13.84,13.7861,149118,0.0,1.0
2015-12-02,13.86,13.94,13.72,13.79,13.7363,165173,0.0,1.0
2015-12-03,13.82,13.88,13.43,13.5,13.4475,140806,0.0,1.0
2015-12-04,13.5,13.69,13.45,13.63,13.577,222673,0.0,1.0
2015-12-07,13.63,13.6864,13.45,13.58,13.5272,172999,0.0,1.0
2015-12-08,13.42,13.69,13.37,13.5,13.4475,99012,0.0,1.0
2015-12-09,13.43,13.5896,13.28,13.33,13.2781,203218,0.0,1.0
2015-12-10,13.33,13.57,13.31,13.49,13.4375,141051,0.0,1.0
2015-12-11,13.25,13.5,13.09,13.15,13.0988,172545,0.0,1.0
2015-12-14,13.19,13.27,12.87,13.21,13.1586,185294,0.0,1.0
2015-12-15,13.3,13.55,13.2,13.51,13.4574,225520,0.0,1.0
2015-12-16,12.8,13.55,11.23,11.25,11.2062,1506088,0.0,1.0
2015-12-17,11.35,11.37,10.83,10.83,10.7879,625258,0.0,1.0
2015-12-18,10.78,11.13,10.73,10.77,10.7281,734094,0.0,1.0
2015-12-21,10.77,10.87,10.69,10.75,10.7082,445614,0.0,1.0
2015-12-22,10.84,10.85,10.28,10.51,10.4691,821881,0.0,1.0
2015-12-23,10.62,10.98,10.35,10.62,10.5787,1382742,0.0,1.0
2015-12-24,10.69,11.11,10.69,11.03,10.9871,516036,0.0,1.0
2015-12-28,11.09,11.1899,10.95,10.98,10.9373,462710,0.0,1.0
2015-12-29,11.01,11.24,11.01,11.1,11.0568,627143,0.0,1.0
2015-12-30,11.16,11.2,10.94,10.96,10.9174,654067,0.0,1.0
2015-12-31,10.89,11.27,10.89,11.0,10.9572,480584,0.0,1.0
2016-01-04,10.85,10.99,10.67,10.91,10.8675,543965,0.0,1.0
2016-01-05,10.79,10.96,10.57,10.85,10.8078,504876,0.0,1.0
2016-01-06,10.77,10.95,10.685,10.7,10.6584,406375,0.0,1.0
2016-01-07,10.58,10.81,10.52,10.55,10.5089,436808,0.0,1.0
2016-01-08,10.66,10.785,10.38,10.39,10.3496,515901,0.0,1.0
2016-01-11,10.48,10.68,10.36,10.5,10.4591,425770,0.0,1.0
2016-01-12,10.6,10.75,10.36,10.43,10.3894,307596,0.0,1.0
2016-01-13,10.48,10.64,10.125,10.17,10.1304,251007,0.0,1.0
2016-01-14,10.21,10.68,10.18,10.5,10.4591,334825,0.0,1.0
2016-01-15,10.3,10.44,10.15,10.33,10.2898,415049,0.0,1.0
2016-01-19,10.35,10.42,10.25,10.35,10.3097,488057,0.0,1.0
2016-01-20,10.19,10.56,10.09,10.47,10.4293,523748,0.0,1.0
2016-01-21,10.51,10.77,10.34,10.57,10.5289,483433,0.0,1.0
2016-01-22,10.68,10.88,10.58,10.69,10.6484,289984,0.0,1.0
2016-01-25,10.69,10.885,10.61,10.68,10.6384,360028,0.0,1.0
2016-01-26,10.73,11.32,10.69,11.09,11.0468,367892,0.0,1.0
2016-01-27,11.1,11.4,10.3975,11.18,11.1365,486324,0.0,1.0
2016-01-28,11.26,11.43,11.16,11.21,11.1664,426084,0.0,1.0
2016-01-29,11.23,11.58,11.19,11.58,11.5349,564475,0.0,1.0
2016-02-01,11.52,11.715,10.7454,11.56,11.515,364534,0.0,1.0
2016-02-02,11.44,11.59,11.38,11.43,11.3855,397257,0.0,1.0
2016-02-03,11.52,11.71,11.41,11.6,11.5549,363726,0.0,1.0
2016-02-04,11.63,11.89,11.58,11.66,11.6146,318733,0.0,1.0
2016-02-05,11.64,11.68,11.43,11.46,11.4154,460132,0.0,1.0
2016-02-08,11.4,11.69,11.29,11.66,11.6146,413938,0.0,1.0
2016-02-09,11.55,11.79,11.42,11.51,11.4652,362995,0.0,1.0
2016-02-10,11.5,11.93,9.3,9.49,9.4531,3390222,0.0,1.0
2016-02-11,9.25,9.49,9.15,9.43,9.3933,1262610,0.0,1.0
2016-02-12,9.5,9.585,9.35,9.41,9.3734,453109,0.0,1.0
2016-02-16,9.55,9.88,9.48,9.69,9.6523,512962,0.0,1.0
2016-02-17,9.73,9.86,9.68,9.78,9.7419,562916,0.0,1.0
2016-02-18,9.83,9.94,9.7,9.7,9.6623,366584,0.0,1.0
2016-02-19,9.7,9.805,9.53,9.67,9.6324,463167,0.0,1.0
2016-02-22,9.65,9.87,9.61,9.81,9.7718,768013,0.0,1.0
2016-02-23,9.8,9.94,9.72,9.75,9.7121,402839,0.0,1.0
2016-02-24,9.71,9.89,9.47,9.8,9.7619,502791,0.0,1.0
2016-02-25,9.84,10.07,9.69,9.91,9.8714,349651,0.0,1.0
2016-02-26,9.93,10.11,9.67,9.84,9.8017,379300,0.0,1.0
2016-02-29,9.86,10.13,9.81,9.91,9.8714,564122,0.0,1.0
2016-03-01,9.95,10.295,9.95,10.24,10.2002,459421,0.0,1.0
2016-03-02,10.38,10.64,10.33,10.47,10.4293,598988,0.0,1.0
2016-03-03,10.43,10.59,10.39,10.58,10.5388,250869,0.0,1.0
2016-03-04,10.55,10.93,10.47,10.51,10.4691,459146,0.0,1.0
2016-03-07,10.43,10.81,10.43,10.74,10.6982,333286,0.0,1.0
2016-03-08,10.64,10.7,10.53,10.54,10.499,282264,0.0,1.0
2016-03-09,10.59,10.85,10.52,10.72,10.6783,398722,0.0,1.0
2016-03-10,10.78,10.91,10.42,10.55,10.5089,244592,0.0,1.0
2016-03-11,10.62,11.0,10.55,10.63,10.5886,269863,0.0,1.0
2016-03-14,10.57,10.945,10.57,10.83,10.7879,323758,0.0,1.0
2016-03-15,10.74,10.79,10.475,10.52,10.4791,191363,0.0,1.0
2016-03-16,10.52,10.735,10.49,10.65,10.6086,185008,0.0,1.0
2016-03-17,10.64,11.26,10.64,11.16,11.1166,271095,0.0,1.0
2016-03-18,11.23,11.37,10.97,11.2,11.1564,454529,0.0,1.0
2016-03-21,11.13,11.41,11.06,11.35,11.3058,247094,0.0,1.0
2016-03-22,11.27,11.45,10.1601,11.36,11.3158,151982,0.0,1.0
2016-03-23,11.28,11.44,10.85,10.85,10.8078,203933,0.0,1.0
2016-03-24,10.83,10.92,10.71,10.8,10.758,199074,0.0,1.0
2016-03-28,10.86,10.9895,10.62,10.7,10.6584,302343,0.0,1.0
2016-03-29,10.7,11.22,10.625,11.19,11.1465,249031,0.0,1.0
2016-03-30,11.18,11.32,11.09,11.14,11.0967,175825,0.0,1.0
2016-03-31,11.11,11.358,11.11,11.26,11.2162,172235,0.0,1.0
2016-04-01,11.13,11.33,11.044,11.28,11.2361,128367,0.0,1.0
2016-04-04,11.26,11.41,11.16,11.18,11.1365,288886,0.0,1.0
2016-04-05,11.1,11.27,11.08,11.13,11.0867,204795,0.0,1.0
2016-04-06,11.12,11.26,10.96,11.14,11.0967,185121,0.0,1.0
2016-04-07,11.1,11.26,10.93,10.93,10.8875,206544,0.0,1.0
2016-04-08,11.04,11.27,10.96,11.13,11.0867,327022,0.0,1.0
2016-04-11,11.16,11.33,10.94,10.97,10.9273,198615,0.0,1.0
2016-04-12,10.95,11.15,10.89,10.995,10.9522,205491,0.0,1.0
2016-04-13,11.08,11.42,11.0,11.31,11.266,246677,0.0,1.0
2016-04-14,11.27,11.495,11.21,11.48,11.4353,135787,0.0,1.0
2016-04-15,11.41,11.56,11.31,11.44,11.3955,121705,0.0,1.0
2016-04-18,11.35,11.4,11.1,11.28,11.2361,156942,0.0,1.0
2016-04-19,11.27,11.42,11.18,11.22,11.1763,96899,0.0,1.0
2016-04-20,11.19,11.5,11.06,11.29,11.2461,134072,0.0,1.0
2016-04-21,11.24,11.24,10.81,10.85,10.8078,473669,0.0,1.0
2016-04-22,10.81,11.2,10.81,11.15,11.1066,268568,0.0,1.0
2016-04-25,11.09,11.12,10.87,10.93,10.8875,185077,0.0,1.0
2016-04-26,10.93,11.12,10.87,11.07,11.0269,179374,0.0,1.0
2016-04-27,11.04,11.18,11.02,11.12,11.0767,228643,0.0,1.0
2016-04-28,11.1,11.37,11.1,11.18,11.1365,169809,0.0,1.0
2016-04-29,11.11,11.165,10.84,11.08,11.0369,183132,0.0,1.0
2016-05-02,11.14,11.21,10.96,11.01,10.9672,204235,0.0,1.0
2016-05-03,10.91,10.99,10.66,10.75,10.7082,235392,0.0,1.0
2016-05-04,10.54,10.72,9.0,9.53,9.4929,798367,0.0,1.0
2016-05-05,9.53,9.68,9.38,9.64,9.6025,483645,0.0,1.0
2016-05-06,9.5,9.6394,9.35,9.58,9.5427,493710,0.0,1.0
2016-05-09,9.45,9.74,9.25,9.33,9.2937,466389,0.0,1.0
2016-05-10,9.41,9.54,9.26,9.53,9.4929,410092,0.0,1.0
2016-05-11,9.49,9.62,9.38,9.38,9.3435,430358,0.0,1.0
2016-05-12,9.43,9.5,9.07,9.16,9.1244,464075,0.0,1.0
2016-05-13,9.14,9.27,8.95,8.97,8.9351,440526,0.0,1.0
2016-05-16,9.05,9.245,9.02,9.17,9.1343,450205,0.0,1.0
2016-05-17,9.18,9.36,9.01,9.04,9.0048,525904,0.0,1.0
2016-05-18,9.02,9.19,8.96,9.07,9.0347,423551,0.0,1.0
2016-05-19,9.01,9.145,8.85,8.97,8.9351,465049,0.0,1.0
2016-05-20,9.01,9.25,9.01,9.16,9.1244,333282,0.0,1.0
2016-05-23,9.13,9.27,9.06,9.17,9.1343,407544,0.0,1.0
2016-05-24,9.07,9.27,9.05,9.11,9.0746,501307,0.0,1.0
2016-05-25,9.11,9.36,9.11,9.32,9.2837,419302,0.0,1.0
2016-05-26,9.43,9.74,9.43,9.71,9.6722,717482,0.0,1.0
2016-05-27,9.75,10.0,9.7,9.94,9.9013,792816,0.0,1.0
2016-05-31,9.95,10.17,9.81,10.05,10.0109,1127325,0.0,1.0
2016-06-01,10.24,10.58,10.11,10.47,10.4293,715658,0.0,1.0
2016-06-02,10.28,10.4499,10.22,10.32,10.2798,436409,0.0,1.0
2016-06-03,10.32,10.32,10.1,10.175,10.1354,322937,0.0,1.0
2016-06-06,10.16,10.41,9.81,10.33,10.2898,434740,0.0,1.0
2016-06-07,10.3,10.31,10.11,10.14,10.1005,364182,0.0,1.0
2016-06-08,10.18,10.24,10.13,10.18,10.1404,379351,0.0,1.0
2016-06-09,10.18,10.18,10.02,10.05,10.0109,276284,0.0,1.0
2016-06-10,9.95,10.13,9.93,9.95,9.9113,236100,0.0,1.0
2016-06-13,9.91,9.98,9.715,9.82,9.7818,345134,0.0,1.0
2016-06-14,9.75,9.86,9.44,9.44,9.4033,483935,0.0,1.0
2016-06-15,9.48,9.55,9.355,9.36,9.3236,306975,0.0,1.0
2016-06-16,9.33,9.3675,9.095,9.2,9.1642,365852,0.0,1.0
2016-06-17,9.18,9.59,9.18,9.49,9.4531,703904,0.0,1.0
2016-06-20,9.62,9.64,9.45,9.47,9.4332,312779,0.0,1.0
2016-06-21,9.48,9.51,9.38,9.39,9.3535,211811,0.0,1.0
2016-06-22,9.41,9.48,9.23,9.26,9.224,265761,0.0,1.0
2016-06-23,9.37,9.46,9.34,9.38,9.3435,284510,0.0,1.0
2016-06-24,9.0,9.08,8.94,8.97,8.9351,777451,0.0,1.0
2016-06-27,8.89,9.19,8.6,8.71,8.6761,733538,0.0,1.0
2016-06-28,8.8,8.84,8.6,8.73,8.696,562499,0.0,1.0
2016-06-29,8.85,9.025,8.75,8.89,8.8554,434197,0.0,1.0
2016-06-30,8.89,9.18,8.89,9.17,9.1343,251851,0.0,1.0
2016-07-01,9.17,9.439,9.06,9.24,9.204,331589,0.0,1.0
2016-07-05,9.21,9.22,8.99,9.1,9.0646,343825,0.0,1.0
2016-07-06,9.03,9.28,9.0,9.2,9.1642,219441,0.0,1.0
2016-07-07,9.18,9.36,9.15,9.26,9.224,266202,0.0,1.0
2016-07-08,9.31,9.62,9.31,9.56,9.5228,222628,0.0,1.0
2016-07-11,9.57,9.72,9.53,9.62,9.5826,264278,0.0,1.0
2016-07-12,9.73,9.975,9.57,9.82,9.7818,293261,0.0,1.0
2016-07-13,9.9,9.97,9.84,9.85,9.8117,249165,0.0,1.0
2016-07-14,9.95,10.08,9.75,9.94,9.9013,221014,0.0,1.0
2016-07-15,10.01,10.0645,9.83,9.86,9.8216,200531,0.0,1.0
2016-07-18,9.87,9.88,9.7,9.82,9.7818,261927,0.0,1.0
2016-07-19,9.79,9.87,9.7,9.72,9.6822,245177,0.0,1.0
2016-07-20,9.77,9.92,9.63,9.86,9.8216,163617,0.0,1.0
2016-07-21,9.85,10.18,9.75,9.99,9.9511,245600,0.0,1.0
2016-07-22,10.0,10.17,9.93,10.1,10.0607,216388,0.0,1.0
2016-07-25,10.1,10.225,10.07,10.18,10.1404,230321,0.0,1.0
2016-07-26,10.17,10.35,10.14,10.34,10.2998,232915,0.0,1.0
2016-07-27,10.35,10.41,10.15,10.28,10.24,184276,0.0,1.0
2016-07-28,10.29,10.29,10.0,10.06,10.0209,192534,0.0,1.0
2016-07-29,10.09,10.15,9.96,10.07,10.0308,311444,0.0,1.0
2016-08-01,10.06,10.17,9.96,10.02,9.981,203254,0.0,1.0
2016-08-02,10.04,10.15,9.985,10.06,10.0209,296568,0.0,1.0
2016-08-03,10.25,11.63,10.25,11.31,11.266,782388,0.0,1.0
2016-08-04,11.35,11.63,10.78,10.88,10.8377,511228,0.0,1.0
2016-08-05,10.9,11.22,10.88,11.06,11.017,437548,0.0,1.0
2016-08-08,10.73,11.15,10.521,10.89,10.8476,419907,0.0,1.0
2016-08-09,10.92,11.16,10.78,10.79,10.748,310982,0.0,1.0
2016-08-10,10.81,10.98,10.79,10.89,10.8476,277475,0.0,1.0
2016-08-11,10.9,11.065,10.8,10.84,10.7978,296540,0.0,1.0
2016-08-12,10.78,10.88,10.62,10.67,10.6285,411826,0.0,1.0
2016-08-15,10.68,10.85,10.68,10.75,10.7082,307367,0.0,1.0
2016-08-16,10.68,10.83,10.58,10.6,10.5588,203977,0.0,1.0
2016-08-17,10.63,10.91,10.48,10.85,10.8078,506389,0.0,1.0
2016-08-18,10.87,10.8801,10.68,10.69,10.6484,168266,0.0,1.0
2016-08-19,10.63,10.73,10.63,10.68,10.6384,205343,0.0,1.0
2016-08-22,10.62,10.69,10.53,10.56,10.5189,184256,0.0,1.0
2016-08-23,10.51,10.74,10.51,10.62,10.5787,242694,0.0,1.0
2016-08-24,10.56,10.65,10.44,10.44,10.3994,329791,0.0,1.0
2016-08-25,10.45,10.6399,10.41,10.51,10.4691,249124,0.0,1.0
2016-08-26,10.56,10.65,10.465,10.49,10.4492,236836,0.0,1.0
2016-08-29,10.48,10.6,10.48,10.49,10.4492,176753,0.0,1.0
2016-08-30,10.46,10.65,10.41,10.46,10.4193,164872,0.0,1.0
2016-08-31,10.46,10.61,10.39,10.47,10.4293,236582,0.0,1.0
2016-09-01,10.45,10.51,10.315,10.48,10.4392,305955,0.0,1.0
2016-09-02,10.49,10.76,10.49,10.57,10.5289,170832,0.0,1.0
2016-09-06,10.6,10.6899,10.46,10.58,10.5388,227226,0.0,1.0
2016-09-07,10.55,10.83,10.55,10.66,10.6185,247474,0.0,1.0
2016-09-08,10.65,10.86,10.65,10.73,10.6882,241871,0.0,1.0
2016-09-09,10.66,10.84,10.42,10.42,10.3795,245406,0.0,1.0
2016-09-12,10.39,10.55,10.346,10.54,10.499,249063,0.0,1.0
2016-09-13,10.46,10.59,10.235,10.28,10.24,202768,0.0,1.0
2016-09-14,10.31,10.43,10.19,10.31,10.2699,249876,0.0,1.0
2016-09-15,10.31,10.65,10.31,10.55,10.5089,225624,0.0,1.0
2016-09-16,10.56,10.66,10.335,10.52,10.4791,512816,0.0,1.0
2016-09-19,10.54,10.63,10.31,10.31,10.2699,167412,0.0,1.0
2016-09-20,10.39,10.57,10.27,10.27,10.23,117047,0.0,1.0
2016-09-21,10.32,10.56,10.32,10.5,10.4591,276867,0.0,1.0
2016-09-22,10.48,10.61,10.46,10.57,10.5289,224774,0.0,1.0
2016-09-23,10.54,10.67,10.4,10.45,10.4093,271026,0.0,1.0
2016-09-26,10.43,10.54,10.27,10.27,10.23,168729,0.0,1.0
2016-09-27,10.22,10.32,10.12,10.21,10.1703,245801,0.0,1.0
2016-09-28,10.23,10.64,10.23,10.62,10.5787,303753,0.0,1.0
2016-09-29,10.63,10.7,10.44,10.44,10.3994,220524,0.0,1.0
2016-09-30,10.55,10.74,10.47,10.69,10.6484,236886,0.0,1.0
2016-10-03,10.67,10.73,10.54,10.62,10.5787,173470,0.0,1.0
2016-10-04,10.65,10.84,10.6,10.66,10.6185,207719,0.0,1.0
2016-10-05,10.73,10.78,10.56,10.58,10.5388,186819,0.0,1.0
2016-10-06,10.54,10.65,10.45,10.59,10.5488,171249,0.0,1.0
2016-10-07,10.58,10.6,10.33,10.46,10.4193,322426,0.0,1.0
2016-10-10,10.5,10.7,10.5,10.58,10.5388,99734,0.0,1.0
2016-10-11,10.57,10.618,10.31,10.35,10.3097,197503,0.0,1.0
2016-10-12,10.39,10.46,10.27,10.33,10.2898,120382,0.0,1.0
2016-10-13,10.24,10.39,10.18,10.29,10.25,155950,0.0,1.0
2016-10-14,10.35,10.45,10.19,10.27,10.23,154121,0.0,1.0
2016-10-17,10.26,10.365,10.23,10.23,10.1902,85989,0.0,1.0
2016-10-18,10.37,10.44,10.32,10.33,10.2898,107539,0.0,1.0
2016-10-19,10.37,10.53,10.265,10.42,10.3795,152697,0.0,1.0
2016-10-20,10.42,10.51,10.3,10.37,10.3296,84460,0.0,1.0
2016-10-21,10.26,10.39,10.21,10.23,10.1902,120955,0.0,1.0
2016-10-24,10.27,10.79,10.27,10.31,10.2699,100177,0.0,1.0
2016-10-25,10.29,10.33,10.13,10.21,10.1703,120562,0.0,1.0
2016-10-26,10.15,10.35,10.1,10.1,10.0607,261197,0.0,1.0
2016-10-27,10.19,10.19,9.92,9.94,9.9013,132851,0.0,1.0
2016-10-28,9.94,10.01,9.8401,9.87,9.8316,113465,0.0,1.0
2016-10-31,9.87,9.98,9.76,9.76,9.722,159962,0.0,1.0
2016-11-01,9.8,9.89,9.7699,9.81,9.7718,159318,0.0,1.0
2016-11-02,10.14,10.14,9.73,9.75,9.7121,143792,0.0,1.0
2016-11-03,9.82,9.82,9.52,9.59,9.5527,210978,0.0,1.0
2016-11-04,9.5,9.58,8.985,9.28,9.2439,325492,0.0,1.0
2016-11-07,9.43,9.75,9.32,9.58,9.5427,228203,0.0,1.0
2016-11-08,9.49,9.72,9.44,9.6,9.5626,184411,0.0,1.0
2016-11-09,9.48,10.06,9.43,10.03,9.991,299476,0.0,1.0
2016-11-10,10.09,10.525,10.02,10.29,10.25,301126,0.0,1.0
2016-11-11,10.3,10.7403,10.28,10.72,10.6783,339308,0.0,1.0
2016-11-14,10.76,10.93,10.49,10.56,10.5189,356412,0.0,1.0
2016-11-15,10.55,10.72,10.31,10.33,10.2898,272994,0.0,1.0
2016-11-16,10.31,10.52,10.3,10.48,10.4392,174156,0.0,1.0
2016-11-17,10.49,10.66,10.49,10.57,10.5289,135989,0.0,1.0
2016-11-18,10.6,10.63,10.44,10.63,10.5886,204594,0.0,1.0
2016-11-21,10.55,10.67,10.2,10.61,10.5687,188296,0.0,1.0
2016-11-22,10.49,10.71,10.39,10.62,10.5787,286164,0.0,1.0
2016-11-23,10.57,10.67,10.39,10.62,10.5787,271161,0.0,1.0
2016-11-25,10.61,10.74,10.57,10.69,10.6484,67810,0.0,1.0
2016-11-28,10.7,10.75,10.52,10.54,10.499,214219,0.0,1.0
2016-11-29,10.6,10.6,10.41,10.45,10.4093,231472,0.0,1.0
2016-11-30,10.53,10.65,10.42,10.45,10.4093,297981,0.0,1.0
2016-12-01,10.46,10.76,10.32,10.41,10.3695,234824,0.0,1.0
2016-12-02,10.4,10.455,10.22,10.4,10.3595,206318,0.0,1.0
2016-12-05,10.43,10.695,10.372,10.64,10.5986,238418,0.0,1.0
2016-12-06,10.64,10.95,10.64,10.9,10.8576,253428,0.0,1.0
2016-12-07,10.82,11.11,10.82,10.88,10.8377,409868,0.0,1.0
2016-12-08,10.87,11.15,10.86,11.13,11.0867,279570,0.0,1.0
2016-12-09,11.17,11.17,10.96,11.04,10.997,211604,0.0,1.0
2016-12-12,11.04,11.17,10.97,11.06,11.017,246601,0.0,1.0
2016-12-13,11.09,11.135,10.96,10.99,10.9472,284523,0.0,1.0
2016-12-14,11.0,11.0,10.84,10.86,10.8177,162393,0.0,1.0
2016-12-15,10.92,11.14,10.815,10.96,10.9174,271293,0.0,1.0
2016-12-16,11.0,11.245,10.99,11.09,11.0468,365271,0.0,1.0
2016-12-19,11.06,11.23,10.94,11.09,11.0468,253242,0.0,1.0
2016-12-20,11.17,11.38,11.1,11.35,11.3058,261976,0.0,1.0
2016-12-21,11.3,11.48,11.12,11.14,11.0967,170147,0.0,1.0
2016-12-22,11.1,11.15,10.99,11.03,10.9871,154832,0.0,1.0
2016-12-23,11.06,11.19,11.03,11.1,11.0568,103169,0.0,1.0
2016-12-27,11.06,11.21,10.95,11.06,11.017,175848,0.0,1.0
2016-12-28,11.08,11.11,10.91,10.94,10.8974,237335,0.0,1.0
2016-12-29,10.87,10.93,10.78,10.84,10.7978,195522,0.0,1.0
2016-12-30,10.82,10.86,10.76,10.8,10.758,195197,0.0,1.0
2017-01-03,10.94,11.12,10.87,11.03,10.9871,274007,0.0,1.0
2017-01-04,11.04,11.17,10.6,10.77,10.7281,1545846,0.0,1.0
2017-01-05,10.78,11.19,10.78,11.07,11.0269,695438,0.0,1.0
2017-01-06,11.1,11.21,10.916,11.01,10.9672,255864,0.0,1.0
2017-01-09,10.97,11.16,10.83,11.1,11.0568,211389,0.0,1.0
2017-01-10,11.17,11.335,11.06,11.31,11.266,278493,0.0,1.0
2017-01-11,11.28,11.32,11.01,11.19,11.1465,300690,0.0,1.0
2017-01-12,11.16,11.2,10.9,10.92,10.8775,253798,0.0,1.0
2017-01-13,10.96,11.15,10.96,11.11,11.0668,208672,0.0,1.0
2017-01-17,10.99,11.079,10.77,10.77,10.7281,243426,0.0,1.0
2017-01-18,10.82,10.85,10.67,10.69,10.6484,228505,0.0,1.0
2017-01-19,10.69,10.76,10.47,10.49,10.4492,221489,0.0,1.0
2017-01-20,10.5,10.79,10.49,10.75,10.7082,221428,0.0,1.0
2017-01-23,10.7,10.75,10.57,10.71,10.6683,209459,0.0,1.0
2017-01-24,10.71,10.9525,10.67,10.92,10.8775,198156,0.0,1.0
2017-01-25,10.99,11.15,10.98,11.06,11.017,172892,0.0,1.0
2017-01-26,11.02,11.07,10.85,10.86,10.8177,182092,0.0,1.0
2017-01-27,10.85,11.13,10.74,11.11,11.0668,230672,0.0,1.0
2017-01-30,11.02,11.02,10.71,10.81,10.7679,225272,0.0,1.0
2017-01-31,10.76,10.9,10.65,10.86,10.8177,223405,0.0,1.0
2017-02-01,10.93,10.94,10.75,10.8,10.758,136997,0.0,1.0
2017-02-02,10.76,10.78,10.68,10.7,10.6584,148674,0.0,1.0
2017-02-03,10.81,10.86,10.7,10.79,10.748,196277,0.0,1.0
2017-02-06,10.55,10.87,10.47,10.7,10.6584,873924,0.0,1.0
2017-02-07,10.74,11.06,10.65,10.84,10.7978,663710,0.0,1.0
2017-02-08,10.77,11.05,10.61,11.03,10.9871,443547,0.0,1.0
2017-02-09,11.1,11.36,11.03,11.33,11.2859,354253,0.0,1.0
2017-02-10,11.35,11.81,11.32,11.79,11.7441,314895,0.0,1.0
2017-02-13,11.8,11.94,11.61,11.69,11.6445,372206,0.0,1.0
2017-02-14,11.61,11.83,11.53,11.74,11.6943,664055,0.0,1.0
2017-02-15,10.75,11.25,10.41,10.76,10.7181,1142242,0.0,1.0
2017-02-16,10.8,10.96,10.57,10.85,10.8078,492652,0.0,1.0
2017-02-17,11.29,11.83,11.28,11.49,11.4453,909868,0.0,1.0
2017-02-21,11.25,11.58,11.25,11.43,11.3855,402763,0.0,1.0
2017-02-22,11.3,11.43,11.22,11.33,11.2859,285336,0.0,1.0
2017-02-23,11.4,11.47,11.19,11.23,11.1863,280290,0.0,1.0
2017-02-24,11.16,11.22,10.96,10.99,10.9472,231979,0.0,1.0
2017-02-27,10.94,11.08,10.92,11.03,10.9871,247637,0.0,1.0
2017-02-28,11.0,11.0,10.68,10.75,10.7082,538200,0.0,1.0
2017-03-01,10.95,11.1,10.83,11.05,11.007,247322,0.0,1.0
2017-03-02,11.06,11.15,10.99,11.08,11.0369,302034,0.0,1.0
2017-03-03,11.07,11.24,11.02,11.1,11.0568,229206,0.0,1.0
2017-03-06,11.05,11.12,10.79,11.06,11.017,253716,0.0,1.0
2017-03-07,11.04,11.13,10.95,11.02,10.9771,249855,0.0,1.0
2017-03-08,11.15,12.67,11.15,12.26,12.2123,2019251,0.0,1.0
2017-03-09,12.22,12.5,11.92,12.13,12.0828,581528,0.0,1.0
2017-03-10,12.25,12.26,12.0,12.19,12.1426,396863,0.0,1.0
2017-03-13,12.1,12.32,12.05,12.25,12.2023,312154,0.0,1.0
2017-03-14,12.21,12.22,12.02,12.21,12.1625,232630,0.0,1.0
2017-03-15,12.25,12.3,12.03,12.26,12.2123,337363,0.0,1.0
2017-03-16,12.29,12.41,12.15,12.21,12.1625,197550,0.0,1.0
2017-03-17,12.15,12.45,11.84,12.38,12.3318,680841,0.0,1.0
2017-03-20,12.36,12.38,12.19,12.23,12.1824,254566,0.0,1.0
2017-03-21,12.33,12.37,12.04,12.05,12.0031,376051,0.0,1.0
2017-03-22,12.04,12.12,11.94,12.08,12.033,320868,0.0,1.0
2017-03-23,12.12,12.29,11.96,12.0,11.9533,306091,0.0,1.0
2017-03-24,12.01,12.1,11.96,12.01,11.9633,463878,0.0,1.0
2017-03-27,11.96,12.07,11.88,12.04,11.9932,278460,0.0,1.0
2017-03-28,11.99,12.06,11.92,12.06,12.0131,169462,0.0,1.0
2017-03-29,12.05,12.11,11.91,11.98,11.9334,410878,0.0,1.0
2017-03-30,11.98,12.17,11.92,12.05,12.0031,315600,0.0,1.0
2017-03-31,12.01,12.09,11.92,12.0,11.9533,379566,0.0,1.0
2017-04-03,12.03,12.1,11.94,11.97,11.9234,382851,0.0,1.0
2017-04-04,11.96,12.21,11.96,12.02,11.9732,269861,0.0,1.0
2017-04-05,12.09,12.26,12.03,12.15,12.1027,599986,0.0,1.0
2017-04-06,12.15,12.32,12.03,12.31,12.2621,775772,0.0,1.0
2017-04-07,12.31,12.38,12.18,12.38,12.3318,352458,0.0,1.0
2017-04-10,12.37,12.56,12.3,12.38,12.3318,261824,0.0,1.0
2017-04-11,12.37,12.58,12.32,12.52,12.4713,268140,0.0,1.0
2017-04-12,12.48,12.48,12.17,12.27,12.2223,321535,0.0,1.0
2017-04-13,12.21,12.38,12.2,12.28,12.2322,340879,0.0,1.0
2017-04-17,12.31,12.43,12.28,12.39,12.3418,232911,0.0,1.0
2017-04-18,12.36,12.54,12.33,12.51,12.4613,211195,0.0,1.0
2017-04-19,12.58,12.75,12.48,12.5,12.4514,270744,0.0,1.0
2017-04-20,12.53,12.64,12.33,12.6,12.551,233261,0.0,1.0
2017-04-21,12.55,12.63,12.47,12.56,12.5111,198519,0.0,1.0
2017-04-24,12.73,12.86,12.66,12.85,12.8,226708,0.0,1.0
2017-04-25,12.92,12.99,12.83,12.87,12.8199,467867,0.0,1.0
2017-04-26,12.87,13.09,12.83,13.06,13.0092,323794,0.0,1.0
2017-04-27,13.05,13.14,12.83,12.85,12.8,230354,0.0,1.0
2017-04-28,12.89,12.92,12.73,12.84,12.79,515143,0.0,1.0
2017-05-01,12.89,12.89,12.65,12.79,12.7402,369763,0.0,1.0
2017-05-02,12.78,12.86,12.66,12.76,12.7104,290269,0.0,1.0
2017-05-03,12.79,15.15,12.79,13.99,13.9356,15536,0.0,1.0
2017-05-04,14.07,14.07,13.47,13.52,13.4674,744042,0.0,1.0
2017-05-05,13.56,13.63,13.43,13.51,13.4574,521598,0.0,1.0
2017-05-08,13.53,13.87,13.5,13.64,13.5869,661964,0.0,1.0
2017-05-09,13.75,13.98,13.62,13.78,13.7264,915974,0.0,1.0
2017-05-10,13.75,13.95,13.67,13.89,13.836,691172,0.0,1.0
2017-05-11,13.8,14.08,13.79,13.99,13.9356,506234,0.0,1.0
2017-05-12,13.96,14.0,13.66,13.68,13.6268,306953,0.0,1.0
2017-05-15,13.67,14.02,13.67,13.99,13.9356,412277,0.0,1.0
2017-05-16,13.99,14.28,13.99,14.22,14.1647,559013,0.0,1.0
2017-05-17,14.08,14.17,13.98,14.03,13.9754,632022,0.0,1.0
2017-05-18,14.06,14.1,13.89,14.03,13.9754,604695,0.0,1.0
2017-05-19,14.03,14.06,13.85,13.94,13.8858,629091,0.0,1.0
2017-05-22,13.95,14.09,13.78,13.9,13.8459,487404,0.0,1.0
2017-05-23,13.82,13.9,13.7,13.78,13.7264,522656,0.0,1.0
2017-05-24,13.75,13.91,13.45,13.57,13.5172,987135,0.0,1.0
2017-05-25,13.65,13.65,13.26,13.27,13.2184,654351,0.0,1.0
2017-05-26,13.28,13.41,13.23,13.35,13.2981,388754,0.0,1.0
2017-05-30,13.35,13.35,13.2,13.23,13.1785,319750,0.0,1.0
2017-05-31,13.23,13.26,13.1,13.24,13.1885,473905,0.0,1.0
2017-06-01,13.24,13.34,13.09,13.32,13.2682,323759,0.0,1.0
2017-06-02,13.36,13.44,13.19,13.21,13.1586,486989,0.0,1.0
2017-06-05,13.21,13.45,13.16,13.25,13.1984,628765,0.0,1.0
2017-06-06,13.23,13.31,13.11,13.25,13.1984,325400,0.0,1.0
2017-06-07,13.3,13.34,13.19,13.22,13.1686,624242,0.0,1.0
2017-06-08,13.2,13.39,13.17,13.35,13.2981,471336,0.0,1.0
2017-06-09,13.35,13.62,13.26,13.54,13.4873,1179208,0.0,1.0
2017-06-12,13.43,13.75,13.43,13.61,13.557,429115,0.0,1.0
2017-06-13,13.61,13.74,13.5,13.65,13.5969,233693,0.0,1.0
2017-06-14,13.64,13.71,13.49,13.71,13.6567,329574,0.0,1.0
2017-06-15,13.44,13.8,13.41,13.54,13.4873,192306,0.0,1.0
2017-06-16,13.34,13.56,13.05,13.49,13.4375,640726,0.0,1.0
2017-06-19,13.54,13.81,13.5,13.77,13.7164,279179,0.0,1.0
2017-06-20,13.7,13.89,13.59,13.74,13.6865,224674,0.0,1.0
2017-06-21,13.79,13.88,13.73,13.83,13.7762,307242,0.0,1.0
2017-06-22,13.75,13.84,13.58,13.74,13.6865,231248,0.0,1.0
2017-06-23,13.72,13.8,13.61,13.73,13.6766,585340,0.0,1.0
2017-06-26,13.76,13.92,13.57,13.79,13.7363,457229,0.0,1.0
2017-06-27,13.87,14.08,13.75,13.91,13.8559,246583,0.0,1.0
2017-06-28,13.95,14.17,13.93,14.13,14.075,239383,0.0,1.0
2017-06-29,14.23,14.23,13.88,14.07,14.0153,337672,0.0,1.0
2017-06-30,14.14,14.21,13.93,13.95,13.8957,249790,0.0,1.0
2017-07-03,14.0,14.08,13.87,13.95,13.8957,116701,0.0,1.0
2017-07-05,14.05,14.25,13.64,13.67,13.6168,170037,0.0,1.0
2017-07-06,13.65,13.68,13.46,13.5,13.4475,259426,0.0,1.0
2017-07-07,13.51,13.57,13.43,13.45,13.3977,197256,0.0,1.0
2017-07-10,13.45,13.61,13.4,13.51,13.4574,296480,0.0,1.0
2017-07-11,13.55,13.73,13.47,13.68,13.6268,256979,0.0,1.0
2017-07-12,13.72,13.99,13.72,13.88,13.826,213990,0.0,1.0
2017-07-13,13.9,13.95,13.67,13.86,13.8061,183588,0.0,1.0
2017-07-14,13.8,13.92,13.75,13.87,13.816,161439,0.0,1.0
2017-07-17,13.88,13.99,13.68,13.94,13.8858,217768,0.0,1.0
2017-07-18,13.95,14.01,13.845,13.99,13.9356,334180,0.0,1.0
2017-07-19,13.99,14.22,13.89,14.19,14.1348,291635,0.0,1.0
2017-07-20,14.15,14.32,14.0,14.25,14.1946,310914,0.0,1.0
2017-07-21,14.32,14.41,14.1,14.21,14.1547,343553,0.0,1.0
2017-07-24,14.15,14.24,13.87,13.96,13.9057,189944,0.0,1.0
2017-07-25,14.01,14.11,13.85,14.03,13.9754,395933,0.0,1.0
2017-07-26,14.04,14.1,13.93,13.96,13.9057,155520,0.0,1.0
2017-07-27,13.98,13.99,13.66,13.74,13.6865,188553,0.0,1.0
2017-07-28,13.66,13.96,13.62,13.68,13.6268,123969,0.0,1.0
2017-07-31,13.73,13.78,13.26,13.67,13.6168,273730,0.0,1.0
2017-08-01,13.76,13.76,13.49,13.68,13.6268,245979,0.0,1.0
2017-08-02,13.66,13.66,12.4,12.97,12.9195,769260,0.0,1.0
2017-08-03,12.95,13.08,12.8,12.89,12.8398,390639,0.0,1.0
2017-08-04,12.94,12.98,12.8,12.9,12.8498,151638,0.0,1.0
2017-08-07,12.87,13.15,12.84,12.96,12.9096,222885,0.0,1.0
2017-08-08,12.91,13.02,12.8,12.81,12.7602,180928,0.0,1.0
2017-08-09,12.8,12.86,12.66,12.76,12.7104,263644,0.0,1.0
2017-08-10,12.57,12.79,12.03,12.34,12.292,282588,0.0,1.0
2017-08-11,12.4,12.43,12.09,12.36,12.3119,264085,0.0,1.0
2017-08-14,12.4,12.57,12.36,12.51,12.4613,239362,0.0,1.0
2017-08-15,12.59,12.6,12.36,12.4,12.3518,328816,0.0,1.0
2017-08-16,12.5,12.64,12.45,12.55,12.5012,337871,0.0,1.0
2017-08-17,12.49,12.6,12.37,12.43,12.3816,269492,0.0,1.0
2017-08-18,12.35,12.53,12.29,12.45,12.4016,313644,0.0,1.0
2017-08-21,12.49,12.55,12.38,12.53,12.4812,218276,0.0,1.0
2017-08-22,12.47,12.62,12.46,12.6,12.551,236900,0.0,1.0
2017-08-23,12.5,12.63,12.5,12.52,12.4713,186900,0.0,1.0
2017-08-24,12.5,12.6,12.5,12.55,12.5012,222286,0.0,1.0
2017-08-25,12.5,12.59,12.5,12.55,12.5012,128075,0.0,1.0
2017-08-28,12.5,12.59,12.32,12.51,12.4613,166826,0.0,1.0
2017-08-29,12.45,12.685,12.27,12.67,12.6207,236537,0.0,1.0
2017-08-30,12.69,12.95,12.63,12.9,12.8498,330618,0.0,1.0
2017-08-31,12.91,13.07,12.87,13.06,13.0092,300422,0.0,1.0
2017-09-01,13.06,13.18,13.01,13.16,13.1088,235635,0.0,1.0
2017-09-05,13.14,13.27,13.0,13.04,12.9893,209105,0.0,1.0
2017-09-06,13.01,13.13,12.92,12.96,12.9096,167762,0.0,1.0
2017-09-07,13.0,13.0,12.74,12.76,12.7104,163818,0.0,1.0
2017-09-08,12.8,12.82,12.65,12.7,12.6506,148034,0.0,1.0
2017-09-11,12.79,12.98,12.78,12.93,12.8797,192226,0.0,1.0
2017-09-12,12.98,13.16,12.95,13.02,12.9693,123985,0.0,1.0
2017-09-13,12.95,13.05,12.86,12.87,12.8199,162582,0.0,1.0
2017-09-14,12.85,12.87,12.7,12.72,12.6705,141165,0.0,1.0
2017-09-15,12.7,12.87,12.64,12.79,12.7402,383658,0.0,1.0
2017-09-18,12.79,12.86,12.7,12.73,12.6805,207935,0.0,1.0
2017-09-19,12.77,12.83,12.7,12.73,12.6805,142423,0.0,1.0
2017-09-20,12.73,12.87,12.71,12.76,12.7104,156364,0.0,1.0
2017-09-21,12.73,12.87,12.73,12.8,12.7502,125371,0.0,1.0
2017-09-22,12.82,12.97,12.76,12.87,12.8199,131769,0.0,1.0
2017-09-25,12.85,12.87,12.63,12.71,12.6605,102817,0.0,1.0
2017-09-26,12.7,12.96,12.7,12.78,12.7303,181582,0.0,1.0
2017-09-27,12.81,13.32,12.81,13.27,13.2184,273374,0.0,1.0
2017-09-28,13.23,13.42,13.16,13.28,13.2283,184960,0.0,1.0
2017-09-29,13.27,13.37,13.23,13.28,13.2283,200603,0.0,1.0
2017-10-02,13.27,13.48,13.26,13.47,13.4176,177418,0.0,1.0
2017-10-03,13.44,13.53,13.34,13.51,13.4574,178291,0.0,1.0
2017-10-04,13.46,13.68,13.36,13.4,13.3479,140039,0.0,1.0
2017-10-05,13.38,13.49,13.26,13.33,13.2781,137415,0.0,1.0
2017-10-06,13.31,13.42,13.21,13.31,13.2582,105627,0.0,1.0
2017-10-09,13.31,13.41,13.24,13.29,13.2383,90949,0.0,1.0
2017-10-10,13.22,13.37,13.14,13.35,13.2981,200833,0.0,1.0
2017-10-11,13.38,13.47,13.32,13.43,13.3777,159833,0.0,1.0
2017-10-12,13.43,13.57,13.32,13.46,13.4076,199116,0.0,1.0
2017-10-13,13.47,13.61,13.46,13.48,13.4275,103276,0.0,1.0
2017-10-16,13.43,13.6,13.31,13.38,13.3279,97772,0.0,1.0
2017-10-17,13.35,13.45,13.15,13.31,13.2582,140713,0.0,1.0
2017-10-18,13.36,13.52,13.3,13.5,13.4475,145023,0.0,1.0
2017-10-19,13.5,13.59,13.19,13.34,13.2881,157232,0.0,1.0
2017-10-20,13.46,13.49,13.37,13.43,13.3777,118536,0.0,1.0
2017-10-23,13.39,13.44,13.24,13.33,13.2781,88384,0.0,1.0
2017-10-24,13.34,13.46,13.33,13.36,13.308,138595,0.0,1.0
2017-10-25,13.36,13.4,13.17,13.36,13.308,82424,0.0,1.0
2017-10-26,13.38,13.52,13.27,13.49,13.4375,181995,0.0,1.0
2017-10-27,13.49,13.71,13.23,13.71,13.6567,244660,0.0,1.0
2017-10-30,13.63,13.69,13.38,13.39,13.3379,185583,0.0,1.0
2017-10-31,13.45,13.45,12.98,13.02,12.9693,425121,0.0,1.0
2017-11-01,13.05,13.13,12.81,12.83,12.7801,307851,0.0,1.0
2017-11-02,12.85,13.17,12.74,13.01,12.9594,477525,0.0,1.0
2017-11-03,13.01,13.26,12.71,13.04,12.9893,155535,0.0,1.0
2017-11-06,13.04,13.09,12.86,12.86,12.81,175372,0.0,1.0
2017-11-07,12.83,12.98,12.69,12.75,12.7004,141261,0.0,1.0
2017-11-08,12.68,12.79,12.45,12.75,12.7004,114404,0.0,1.0
2017-11-09,12.66,12.88,12.58,12.87,12.8199,202425,0.0,1.0
2017-11-10,12.82,13.0,12.74,12.79,12.7402,85824,0.0,1.0
2017-11-13,12.68,12.81,12.59,12.72,12.6705,88983,0.0,1.0
2017-11-14,12.52,12.7,12.33,12.57,12.5211,224415,0.0,1.0
2017-11-15,12.48,12.77,12.47,12.61,12.5609,266266,0.0,1.0
2017-11-16,12.63,12.89,12.62,12.8,12.7502,171734,0.0,1.0
2017-11-17,12.7,12.83,12.69,12.8,12.8,156004,0.05,1.0
2017-11-20,12.8,12.86,12.72,12.79,12.79,138863,0.0,1.0
2017-11-21,12.8,13.0,12.79,12.84,12.84,187496,0.0,1.0
2017-11-22,12.81,13.08,12.81,12.89,12.89,167185,0.0,1.0
2017-11-24,12.89,13.05,12.75,12.97,12.97,81836,0.0,1.0
2017-11-27,12.96,13.17,12.79,13.01,13.01,187216,0.0,1.0
2017-11-28,13.0,13.29,12.92,13.27,13.27,140449,0.0,1.0
2017-11-29,13.33,13.47,13.27,13.33,13.33,159836,0.0,1.0
2017-11-30,13.35,13.35,13.15,13.19,13.19,230752,0.0,1.0
2017-12-01,13.16,13.16,12.55,13.0,13.0,142661,0.0,1.0
2017-12-04,13.16,13.24,13.03,13.15,13.15,156265,0.0,1.0
2017-12-05,13.16,13.16,12.87,12.87,12.87,106744,0.0,1.0
2017-12-06,12.86,12.93,12.78,12.8,12.8,109397,0.0,1.0
2017-12-07,12.81,13.0,12.77,12.86,12.86,115819,0.0,1.0
2017-12-08,12.83,12.92,12.8,12.81,12.81,103390,0.0,1.0
2017-12-11,12.82,12.91,12.74,12.81,12.81,115289,0.0,1.0
2017-12-12,12.82,12.87,12.72,12.79,12.79,131624,0.0,1.0
2017-12-13,12.83,14.99,12.83,14.23,14.23,1408623,0.0,1.0
2017-12-14,14.19,14.3,13.45,13.52,13.52,453563,0.0,1.0
2017-12-15,13.55,13.75,13.2,13.5,13.5,765198,0.0,1.0
2017-12-18,13.63,13.96,13.54,13.7,13.7,307662,0.0,1.0
2017-12-19,13.66,13.72,13.49,13.7,13.7,198842,0.0,1.0
2017-12-20,13.76,13.9,13.72,13.79,13.79,142212,0.0,1.0
2017-12-21,13.84,13.91,13.65,13.67,13.67,105367,0.0,1.0
2017-12-22,13.66,13.75,13.455,13.74,13.74,131690,0.0,1.0
2017-12-26,13.75,13.94,13.7341,13.79,13.79,186961,0.0,1.0
2017-12-27,13.78,13.98,13.63,13.7,13.7,97601,0.0,1.0
2017-12-28,13.68,13.78,13.6,13.75,13.75,118518,0.0,1.0
2017-12-29,13.82,13.82,13.43,13.44,13.44,176191,0.0,1.0
2018-01-02,13.47,13.68,13.33,13.64,13.64,170767,0.0,1.0
2018-01-03,13.7,13.8,13.3,13.56,13.56,173150,0.0,1.0
2018-01-04,13.65,13.74,13.47,13.56,13.56,123627,0.0,1.0
2018-01-05,13.65,13.77,13.44,13.74,13.74,179400,0.0,1.0
2018-01-08,13.68,13.74,13.38,13.4,13.4,233046,0.0,1.0
2018-01-09,13.39,13.506,13.22,13.26,13.26,159589,0.0,1.0
2018-01-10,13.19,13.205,12.91,12.96,12.96,194830,0.0,1.0
2018-01-11,13.0,13.14,12.92,13.08,13.08,319956,0.0,1.0
2018-01-12,13.22,13.61,13.2,13.48,13.48,379733,0.0,1.0
2018-01-16,13.67,13.77,13.09,13.1,13.1,332371,0.0,1.0
2018-01-17,13.23,13.59,13.23,13.58,13.58,283934,0.0,1.0
2018-01-18,13.56,13.77,13.26,13.26,13.26,157009,0.0,1.0
2018-01-19,13.23,13.6,13.23,13.47,13.47,198434,0.0,1.0
2018-01-22,13.52,13.855,13.37,13.54,13.54,240162,0.0,1.0
2018-01-23,13.52,13.55,13.29,13.55,13.55,201849,0.0,1.0
2018-01-24,13.61,14.99,13.04,13.93,13.93,1225675,0.0,1.0
2018-01-25,14.0,14.04,13.56,13.77,13.77,342375,0.0,1.0
2018-01-26,13.84,14.1644,13.72,13.88,13.88,199642,0.0,1.0
2018-01-29,13.85,14.0,13.8,13.99,13.99,358925,0.0,1.0
2018-01-30,13.94,14.16,13.94,14.14,14.14,211729,0.0,1.0
2018-01-31,14.15,14.23,13.94,14.04,14.04,388398,0.0,1.0
2018-02-01,13.95,14.15,13.88,14.03,14.03,183174,0.0,1.0
2018-02-02,13.96,14.08,13.865,13.92,13.92,231681,0.0,1.0
2018-02-05,13.79,13.95,13.39,13.5,13.5,219404,0.0,1.0
2018-02-06,13.26,13.485,13.13,13.35,13.35,230136,0.0,1.0
2018-02-07,13.31,13.42,13.09,13.25,13.25,224939,0.0,1.0
2018-02-08,13.32,13.46,12.99,13.01,13.01,307951,0.0,1.0
2018-02-09,13.12,13.2921,12.78,13.19,13.19,222806,0.0,1.0
2018-02-12,13.2,13.52,12.84,12.88,12.88,260153,0.0,1.0
2018-02-13,12.85,12.9,12.55,12.62,12.62,248776,0.0,1.0
2018-02-14,12.59,13.0,12.4178,12.97,12.97,194815,0.0,1.0
2018-02-15,13.05,13.15,12.8,13.14,13.14,152991,0.0,1.0
2018-02-16,13.1,13.28,12.98,13.07,13.07,255498,0.0,1.0
2018-02-20,13.04,13.13,12.87,13.0,13.0,128960,0.0,1.0
2018-02-21,13.05,13.22,12.92,13.0,13.0,264701,0.0,1.0
2018-02-22,12.36,12.4,10.5,10.58,10.58,1835555,0.0,1.0
2018-02-23,10.2,10.34,9.74,10.2,10.2,964632,0.0,1.0
2018-02-26,10.25,10.53,10.03,10.03,10.03,550850,0.0,1.0
2018-02-27,10.05,10.35,10.05,10.13,10.13,610256,0.0,1.0
2018-02-28,10.16,10.29,10.0,10.03,10.03,320543,0.0,1.0
2018-03-01,9.98,10.12,9.84,9.95,9.95,443468,0.0,1.0
