timestamp,open,high,low,close,adjusted_close,volume,dividend_amount,split_coefficient
2000-08-10,16.31,17.0,14.0,14.06,14.06,5873600,0.0,1.0
2000-08-11,14.31,14.38,12.5,13.38,13.38,980800,0.0,1.0
2000-08-14,13.31,13.38,10.19,10.63,10.63,1368100,0.0,1.0
2000-08-15,11.25,11.38,10.75,11.13,11.13,605800,0.0,1.0
2000-08-16,11.06,11.13,10.0,10.13,10.13,727800,0.0,1.0
2000-08-17,10.25,10.5,8.813,9.0,9.0,793100,0.0,1.0
2000-08-18,9.281,9.75,9.0,9.5,9.5,311700,0.0,1.0
2000-08-21,9.625,9.75,9.25,9.25,9.25,266800,0.0,1.0
2000-08-22,9.375,9.375,9.0,9.25,9.25,314700,0.0,1.0
2000-08-23,9.375,13.0,9.25,12.63,12.63,1157200,0.0,1.0
2000-08-24,12.88,13.5,12.25,12.5,12.5,638200,0.0,1.0
2000-08-25,12.59,13.63,12.5,12.94,12.94,260800,0.0,1.0
2000-08-28,13.44,13.5,12.81,12.94,12.94,144800,0.0,1.0
2000-08-29,13.13,13.25,12.25,12.44,12.44,281400,0.0,1.0
2000-08-30,12.59,13.25,12.5,13.25,13.25,169800,0.0,1.0
2000-08-31,13.38,14.5,13.25,14.44,14.44,617000,0.0,1.0
2000-09-01,14.72,14.75,14.0,14.63,14.63,333000,0.0,1.0
2000-09-05,14.75,14.75,12.81,13.25,13.25,470000,0.0,1.0
2000-09-06,13.25,13.25,12.88,13.0,13.0,223200,0.0,1.0
2000-09-07,13.31,13.31,12.88,13.19,13.19,116300,0.0,1.0
2000-09-08,13.03,13.25,12.13,12.31,12.31,127600,0.0,1.0
2000-09-11,12.31,12.31,11.5,11.5,11.5,78100,0.0,1.0
2000-09-12,11.56,11.63,10.94,10.94,10.94,355400,0.0,1.0
2000-09-13,11.0,11.0,10.5,10.88,10.88,85400,0.0,1.0
2000-09-14,10.94,12.5,10.77,12.5,12.5,265800,0.0,1.0
2000-09-15,12.38,12.81,12.13,12.44,12.44,102600,0.0,1.0
2000-09-18,12.63,12.63,11.75,12.13,12.13,39900,0.0,1.0
2000-09-19,11.88,12.25,11.75,12.13,12.13,78600,0.0,1.0
2000-09-20,12.13,12.25,12.0,12.0,12.0,35800,0.0,1.0
2000-09-21,12.38,12.88,12.0,12.31,12.31,247400,0.0,1.0
2000-09-22,12.25,12.31,12.06,12.19,12.19,71500,0.0,1.0
2000-09-25,12.06,12.25,12.06,12.06,12.06,28000,0.0,1.0
2000-09-26,12.06,12.06,10.75,10.94,10.94,110600,0.0,1.0
2000-09-27,10.94,11.0,9.875,10.06,10.06,213600,0.0,1.0
2000-09-28,10.13,10.13,9.438,9.5,9.5,129300,0.0,1.0
2000-09-29,9.813,9.875,8.188,8.25,8.25,282700,0.0,1.0
2000-10-02,9.125,9.5,8.5,9.0,9.0,135100,0.0,1.0
2000-10-03,9.109,9.125,8.938,9.125,9.125,102900,0.0,1.0
2000-10-04,9.109,9.125,8.688,8.688,8.688,46900,0.0,1.0
2000-10-05,8.984,9.375,8.75,9.375,9.375,321800,0.0,1.0
2000-10-06,9.297,10.06,9.188,10.06,10.06,137200,0.0,1.0
2000-10-09,9.984,10.25,9.75,10.13,10.13,16100,0.0,1.0
2000-10-10,10.13,10.13,9.75,9.875,9.875,33700,0.0,1.0
2000-10-11,9.875,9.938,9.375,9.375,9.375,20700,0.0,1.0
2000-10-12,9.672,9.75,9.375,9.75,9.75,50400,0.0,1.0
2000-10-13,9.688,11.5,9.688,10.5,10.5,232300,0.0,1.0
2000-10-16,10.75,10.88,10.31,10.75,10.75,221500,0.0,1.0
2000-10-17,10.86,10.88,10.5,10.75,10.75,25200,0.0,1.0
2000-10-18,10.69,10.7,9.75,10.25,10.25,44200,0.0,1.0
2000-10-19,10.55,11.31,10.38,11.13,11.13,45000,0.0,1.0
2000-10-20,11.3,11.75,10.75,11.75,11.75,76600,0.0,1.0
2000-10-23,11.73,11.75,10.25,10.69,10.69,92700,0.0,1.0
2000-10-24,11.0,11.0,9.875,10.06,10.06,148800,0.0,1.0
2000-10-25,10.98,11.0,9.875,10.0,10.0,115900,0.0,1.0
2000-10-26,10.13,10.19,9.375,9.5,9.5,71500,0.0,1.0
2000-10-27,9.984,10.36,9.641,9.875,9.875,47600,0.0,1.0
2000-10-30,9.984,11.75,9.875,11.75,11.75,190300,0.0,1.0
2000-10-31,11.88,12.75,11.63,12.69,12.69,166900,0.0,1.0
2000-11-01,12.88,13.13,12.25,12.25,12.25,110800,0.0,1.0
2000-11-02,12.3,12.63,12.06,12.41,12.41,57200,0.0,1.0
2000-11-03,12.33,12.38,11.75,11.94,11.94,166300,0.0,1.0
2000-11-06,11.88,12.25,11.81,11.88,11.88,59300,0.0,1.0
2000-11-07,11.98,12.5,11.98,12.25,12.25,63600,0.0,1.0
2000-11-08,12.3,12.5,12.25,12.5,12.5,63200,0.0,1.0
2000-11-09,12.38,13.13,12.38,12.69,12.69,47800,0.0,1.0
2000-11-10,12.38,12.75,12.38,12.75,12.75,29200,0.0,1.0
2000-11-13,12.52,12.63,12.0,12.06,12.06,82300,0.0,1.0
2000-11-14,12.08,13.13,12.06,13.0,13.0,101400,0.0,1.0
2000-11-15,13.11,13.13,12.75,13.06,13.06,93000,0.0,1.0
2000-11-16,13.13,14.0,13.0,13.75,13.75,566600,0.0,1.0
2000-11-17,13.73,13.75,13.25,13.38,13.38,643400,0.0,1.0
2000-11-20,13.39,13.39,13.19,13.19,13.19,11000,0.0,1.0
2000-11-21,13.2,13.31,12.69,12.69,12.69,586500,0.0,1.0
2000-11-22,12.69,12.88,12.56,12.56,12.56,59700,0.0,1.0
2000-11-24,12.63,12.8,12.63,12.75,12.75,23600,0.0,1.0
2000-11-27,12.64,12.88,12.63,12.63,12.63,41800,0.0,1.0
2000-11-28,12.88,12.88,11.0,11.81,11.81,98300,0.0,1.0
2000-11-29,11.88,12.13,11.63,12.0,12.0,58200,0.0,1.0
2000-11-30,11.63,12.13,11.63,11.88,11.88,76900,0.0,1.0
2000-12-01,11.77,12.38,11.77,12.38,12.38,28800,0.0,1.0
2000-12-04,12.38,12.5,12.25,12.5,12.5,47600,0.0,1.0
2000-12-05,12.52,12.88,12.38,12.75,12.75,78100,0.0,1.0
2000-12-06,12.81,13.38,12.8,13.25,13.25,188900,0.0,1.0
2000-12-07,13.16,13.5,12.81,13.5,13.5,27900,0.0,1.0
2000-12-08,13.39,14.5,13.38,14.0,14.0,143000,0.0,1.0
2000-12-11,14.11,15.0,14.0,15.0,15.0,231100,0.0,1.0
2000-12-12,14.77,15.0,14.13,14.13,14.13,48900,0.0,1.0
2000-12-13,14.48,14.5,14.0,14.13,14.13,68000,0.0,1.0
2000-12-14,14.13,14.5,14.13,14.31,14.31,81800,0.0,1.0
2000-12-15,14.27,14.31,13.75,14.25,14.25,67700,0.0,1.0
2000-12-18,14.25,14.25,14.0,14.13,14.13,144800,0.0,1.0
2000-12-19,14.0,14.19,13.94,14.19,14.19,89600,0.0,1.0
2000-12-20,14.13,14.19,12.5,12.5,12.5,53600,0.0,1.0
2000-12-21,12.64,12.75,12.0,12.38,12.38,47800,0.0,1.0
2000-12-22,12.5,12.75,12.25,12.38,12.38,21400,0.0,1.0
2000-12-26,12.38,12.38,12.38,12.38,12.38,30600,0.0,1.0
2000-12-27,12.75,12.88,12.63,12.81,12.81,29100,0.0,1.0
2000-12-28,12.86,14.31,12.86,14.25,14.25,76800,0.0,1.0
2000-12-29,14.38,14.38,13.63,14.25,14.25,57100,0.0,1.0
2001-01-02,14.25,14.38,12.25,12.63,12.63,54600,0.0,1.0
2001-01-03,12.63,13.44,12.5,12.63,12.63,32500,0.0,1.0
2001-01-04,12.86,13.38,12.63,12.88,12.88,13000,0.0,1.0
2001-01-05,13.13,13.25,12.63,12.63,12.63,16600,0.0,1.0
2001-01-08,12.64,12.98,12.13,12.13,12.13,40700,0.0,1.0
2001-01-09,12.13,12.38,10.5,10.75,10.75,55000,0.0,1.0
2001-01-10,10.0,10.75,9.5,10.63,10.63,127100,0.0,1.0
2001-01-11,10.69,10.69,9.875,10.56,10.56,109400,0.0,1.0
2001-01-12,10.86,10.86,9.875,10.5,10.5,192400,0.0,1.0
2001-01-16,10.75,11.38,10.06,11.38,11.38,189600,0.0,1.0
2001-01-17,11.36,12.44,11.13,12.0,12.0,171200,0.0,1.0
2001-01-18,11.98,12.69,11.75,12.31,12.31,126600,0.0,1.0
2001-01-19,12.48,12.63,12.25,12.25,12.25,100300,0.0,1.0
2001-01-22,12.27,12.63,12.0,12.63,12.63,262800,0.0,1.0
2001-01-23,12.63,13.88,12.44,13.5,13.5,138000,0.0,1.0
2001-01-24,13.42,14.31,13.41,14.31,14.31,292100,0.0,1.0
2001-01-25,14.31,14.5,14.0,14.38,14.38,243100,0.0,1.0
2001-01-26,14.31,14.31,13.69,14.13,14.13,36200,0.0,1.0
2001-01-29,13.94,14.13,13.88,14.0,14.0,28200,0.0,1.0
2001-01-30,14.0,14.13,13.88,14.13,14.13,60100,0.0,1.0
2001-01-31,14.13,14.13,13.88,14.06,14.06,122800,0.0,1.0
2001-02-01,14.06,14.06,13.63,13.81,13.81,19300,0.0,1.0
2001-02-02,13.69,14.0,13.63,13.94,13.94,137600,0.0,1.0
2001-02-05,13.98,14.06,13.88,13.94,13.94,51800,0.0,1.0
2001-02-06,14.0,15.81,13.94,14.63,14.63,237700,0.0,1.0
2001-02-07,15.0,15.0,13.06,14.75,14.75,1482000,0.0,1.0
2001-02-08,14.88,15.63,14.75,14.88,14.88,328100,0.0,1.0
2001-02-09,15.0,15.25,13.81,14.0,14.0,271800,0.0,1.0
2001-02-12,14.0,14.0,12.88,13.0,13.0,289400,0.0,1.0
2001-02-13,13.02,13.25,11.94,12.0,12.0,275500,0.0,1.0
2001-02-14,12.36,12.38,11.13,11.19,11.19,150500,0.0,1.0
2001-02-15,11.31,11.36,10.88,11.0,11.0,221400,0.0,1.0
2001-02-16,11.05,11.13,10.94,11.13,11.13,210900,0.0,1.0
2001-02-20,11.31,11.94,11.25,11.38,11.38,161400,0.0,1.0
2001-02-21,11.36,11.41,11.06,11.25,11.25,221500,0.0,1.0
2001-02-22,11.13,11.38,11.06,11.25,11.25,71900,0.0,1.0
2001-02-23,11.36,11.81,11.25,11.81,11.81,51000,0.0,1.0
2001-02-26,11.88,12.31,11.86,12.0,12.0,85300,0.0,1.0
2001-02-27,12.13,12.25,11.88,12.0,12.0,46700,0.0,1.0
2001-02-28,12.09,12.19,10.94,12.0,12.0,99000,0.0,1.0
2001-03-01,11.98,11.98,10.88,10.88,10.88,97600,0.0,1.0
2001-03-02,11.13,11.13,10.63,10.69,10.69,61100,0.0,1.0
2001-03-05,10.8,10.81,9.938,10.0,10.0,82900,0.0,1.0
2001-03-06,10.2,10.25,9.938,10.0,10.0,76800,0.0,1.0
2001-03-07,10.11,10.56,10.0,10.13,10.13,204700,0.0,1.0
2001-03-08,10.23,10.25,9.875,9.938,9.938,152900,0.0,1.0
2001-03-09,9.984,10.0,9.563,9.688,9.688,93900,0.0,1.0
2001-03-12,9.578,9.922,8.938,9.0,9.0,135200,0.0,1.0
2001-03-13,9.109,9.125,8.938,8.969,8.969,43900,0.0,1.0
2001-03-14,9.016,9.109,8.938,9.063,9.063,75500,0.0,1.0
2001-03-15,9.047,9.125,8.875,8.875,8.875,47600,0.0,1.0
2001-03-16,9.109,9.875,8.0,9.875,9.875,728800,0.0,1.0
2001-03-19,9.875,10.0,9.625,9.75,9.75,30600,0.0,1.0
2001-03-20,9.953,9.969,8.938,8.938,8.938,91100,0.0,1.0
2001-03-21,8.672,8.969,8.625,8.688,8.688,157300,0.0,1.0
2001-03-22,8.75,8.938,7.563,8.813,8.813,270000,0.0,1.0
2001-03-23,9.016,9.188,9.0,9.125,9.125,416100,0.0,1.0
2001-03-26,9.172,10.0,9.156,9.625,9.625,47900,0.0,1.0
2001-03-27,9.625,9.75,9.5,9.75,9.75,197000,0.0,1.0
2001-03-28,9.859,10.38,9.563,10.13,10.13,448300,0.0,1.0
2001-03-29,10.06,10.38,10.0,10.13,10.13,79300,0.0,1.0
2001-03-30,10.31,11.0,10.19,10.75,10.75,389000,0.0,1.0
2001-04-02,10.73,11.13,10.69,10.81,10.81,194300,0.0,1.0
2001-04-03,11.0,11.0,10.44,10.56,10.56,88900,0.0,1.0
2001-04-04,10.52,10.88,10.13,10.31,10.31,148500,0.0,1.0
2001-04-05,10.31,10.88,10.13,10.88,10.88,63400,0.0,1.0
2001-04-06,10.86,10.86,10.38,10.56,10.56,8100,0.0,1.0
2001-04-09,10.26,10.73,10.26,10.73,10.73,25200,0.0,1.0
2001-04-10,10.7,10.75,10.35,10.7,10.7,33200,0.0,1.0
2001-04-11,10.75,12.34,10.58,11.9,11.9,1495100,0.0,1.0
2001-04-12,11.95,13.35,11.9,13.12,13.12,252700,0.0,1.0
2001-04-16,13.15,13.4,12.5,13.08,13.08,102000,0.0,1.0
2001-04-17,13.05,13.52,12.85,13.44,13.44,175000,0.0,1.0
2001-04-18,13.6,14.65,13.46,14.41,14.41,760800,0.0,1.0
2001-04-19,14.49,14.5,13.85,13.99,13.99,702500,0.0,1.0
2001-04-20,13.99,14.1,13.9,13.95,13.95,269900,0.0,1.0
2001-04-23,13.95,14.03,13.93,13.95,13.95,97700,0.0,1.0
2001-04-24,13.95,14.05,13.6,13.75,13.75,229500,0.0,1.0
2001-04-25,13.62,13.65,12.35,13.0,13.0,358700,0.0,1.0
2001-04-26,13.03,13.65,13.01,13.3,13.3,116300,0.0,1.0
2001-04-27,13.3,13.6,12.99,12.99,12.99,200700,0.0,1.0
2001-04-30,13.1,13.1,12.45,13.01,13.01,996900,0.0,1.0
2001-05-01,13.0,15.1,13.0,14.95,14.95,359900,0.0,1.0
2001-05-02,13.1,13.75,12.2,13.32,13.32,1037000,0.0,1.0
2001-05-03,13.29,13.95,13.12,13.95,13.95,79600,0.0,1.0
2001-05-04,12.87,13.2,12.4,12.84,12.84,315100,0.0,1.0
2001-05-07,12.75,12.86,12.5,12.7,12.7,160700,0.0,1.0
2001-05-08,12.53,13.0,12.5,12.9,12.9,170600,0.0,1.0
2001-05-09,12.67,13.35,12.65,13.31,13.31,159900,0.0,1.0
2001-05-10,9.0,11.8,9.0,11.29,11.29,901800,0.0,1.0
2001-05-11,11.24,11.85,10.9,11.0,11.0,509400,0.0,1.0
2001-05-14,10.94,11.1,10.85,10.9,10.9,296700,0.0,1.0
2001-05-15,10.93,11.0,9.75,10.1,10.1,664600,0.0,1.0
2001-05-16,9.95,11.45,9.83,11.16,11.16,235200,0.0,1.0
2001-05-17,10.8,11.05,10.03,10.05,10.05,456100,0.0,1.0
2001-05-18,10.27,10.36,9.9,10.04,10.04,206800,0.0,1.0
2001-05-21,10.1,10.2,9.5,9.93,9.93,340300,0.0,1.0
2001-05-22,9.99,10.09,9.8,10.04,10.04,93100,0.0,1.0
2001-05-23,10.03,10.03,9.85,9.92,9.92,64900,0.0,1.0
2001-05-24,9.99,10.15,9.9,10.04,10.04,151700,0.0,1.0
2001-05-25,10.06,10.21,9.6,9.8,9.8,104300,0.0,1.0
2001-05-29,9.79,10.12,9.79,10.03,10.03,123700,0.0,1.0
2001-05-30,10.1,10.1,10.0,10.0,10.0,66100,0.0,1.0
2001-05-31,9.86,10.05,9.85,10.02,10.02,92300,0.0,1.0
2001-06-01,9.97,10.05,9.95,10.02,10.02,37000,0.0,1.0
2001-06-04,10.01,10.1,9.95,10.05,10.05,118700,0.0,1.0
2001-06-05,10.08,10.36,10.06,10.27,10.27,164300,0.0,1.0
2001-06-06,10.36,10.78,10.27,10.76,10.76,45700,0.0,1.0
2001-06-07,11.1,11.61,10.16,10.18,10.18,169300,0.0,1.0
2001-06-08,10.18,10.5,9.45,9.6,9.6,131800,0.0,1.0
2001-06-11,9.905,10.5,9.65,9.72,9.72,190800,0.0,1.0
2001-06-12,9.85,9.85,9.51,9.65,9.65,62700,0.0,1.0
2001-06-13,9.8,9.8,9.0,9.06,9.06,189400,0.0,1.0
2001-06-14,9.05,9.15,8.55,9.05,9.05,97000,0.0,1.0
2001-06-15,9.0,9.15,8.9,9.08,9.08,291600,0.0,1.0
2001-06-18,9.07,9.25,9.0,9.15,9.15,240800,0.0,1.0
2001-06-19,9.85,10.0,9.625,9.73,9.73,123600,0.0,1.0
2001-06-20,9.6,10.1,9.53,9.81,9.81,76300,0.0,1.0
2001-06-21,9.86,11.1,9.76,10.21,10.21,372400,0.0,1.0
2001-06-22,10.25,10.3,10.15,10.18,10.18,57200,0.0,1.0
2001-06-25,10.2,10.2,9.8,9.8,9.8,87400,0.0,1.0
2001-06-26,9.81,10.0,9.0,9.65,9.65,103100,0.0,1.0
2001-06-27,9.3,9.3,8.9,9.01,9.01,330100,0.0,1.0
2001-06-28,9.0,9.16,8.75,8.85,8.85,178000,0.0,1.0
2001-06-29,8.83,9.8,8.75,8.8,8.8,534000,0.0,1.0
2001-07-02,8.99,9.05,8.65,8.65,8.65,217700,0.0,1.0
2001-07-03,8.765,8.91,8.5,8.71,8.71,49000,0.0,1.0
2001-07-05,8.75,8.9,8.01,8.19,8.19,177800,0.0,1.0
2001-07-06,8.16,9.75,8.1,8.35,8.35,200200,0.0,1.0
2001-07-09,8.4,8.45,8.3,8.38,8.38,81200,0.0,1.0
2001-07-10,8.47,8.5,8.0,8.02,8.02,144000,0.0,1.0
2001-07-11,8.03,8.08,7.7,7.9,7.9,106100,0.0,1.0
2001-07-12,7.73,8.0,7.7,7.85,7.85,75000,0.0,1.0
2001-07-13,7.9,8.11,7.89,8.01,8.01,252100,0.0,1.0
2001-07-16,8.01,8.19,7.95,7.97,7.97,42000,0.0,1.0
2001-07-17,8.0,8.11,7.99,8.05,8.05,177100,0.0,1.0
2001-07-18,8.05,8.15,8.02,8.02,8.02,37300,0.0,1.0
2001-07-19,8.1,10.4,8.1,10.13,10.13,3194900,0.0,1.0
2001-07-20,10.13,10.95,10.0,10.33,10.33,243400,0.0,1.0
2001-07-23,10.16,10.56,10.11,10.33,10.33,142200,0.0,1.0
2001-07-24,10.22,10.34,9.87,10.3,10.3,109200,0.0,1.0
2001-07-25,10.1,10.5,9.97,10.5,10.5,187300,0.0,1.0
2001-07-26,10.25,10.37,8.85,9.89,9.89,224800,0.0,1.0
2001-07-27,9.85,10.05,9.8,9.95,9.95,47200,0.0,1.0
2001-07-30,9.97,9.98,9.72,9.79,9.79,53400,0.0,1.0
2001-07-31,9.88,9.88,9.1,9.26,9.26,61800,0.0,1.0
2001-08-01,9.45,9.95,9.26,9.95,9.95,134700,0.0,1.0
2001-08-02,9.95,10.1,9.6,10.0,10.0,71400,0.0,1.0
2001-08-03,9.91,10.0,9.75,9.85,9.85,25300,0.0,1.0
2001-08-06,9.5,10.0,9.5,9.8,9.8,26300,0.0,1.0
2001-08-07,10.0,10.31,9.77,10.22,10.22,65700,0.0,1.0
2001-08-08,9.9,10.15,9.9,9.97,9.97,82000,0.0,1.0
2001-08-09,9.92,10.25,9.86,10.01,10.01,18800,0.0,1.0
2001-08-10,10.25,10.35,9.86,10.23,10.23,49700,0.0,1.0
2001-08-13,10.06,11.0,10.06,10.97,10.97,94500,0.0,1.0
2001-08-14,10.65,11.08,10.65,10.95,10.95,102300,0.0,1.0
2001-08-15,10.9,11.1,10.86,11.0,11.0,331300,0.0,1.0
2001-08-16,10.96,11.0,10.75,10.86,10.86,18100,0.0,1.0
2001-08-17,11.0,11.22,10.96,11.09,11.09,12800,0.0,1.0
2001-08-20,11.09,11.09,11.09,11.09,11.09,106000,0.0,1.0
2001-08-21,11.2,11.8,11.2,11.79,11.79,63000,0.0,1.0
2001-08-22,11.47,11.9,11.45,11.9,11.9,87800,0.0,1.0
2001-08-23,11.91,12.28,11.84,12.2,12.2,247200,0.0,1.0
2001-08-24,12.29,12.33,12.07,12.3,12.3,299000,0.0,1.0
2001-08-27,12.12,12.2,11.87,12.07,12.07,115500,0.0,1.0
2001-08-28,12.01,12.5,11.88,12.15,12.15,126200,0.0,1.0
2001-08-29,12.45,12.45,11.55,11.74,11.74,137000,0.0,1.0
2001-08-30,11.7,11.7,10.88,11.2,11.2,61500,0.0,1.0
2001-08-31,11.38,11.49,11.08,11.29,11.29,29300,0.0,1.0
2001-09-04,11.33,12.18,11.33,11.75,11.75,32200,0.0,1.0
2001-09-05,11.61,12.61,11.55,12.61,12.61,59900,0.0,1.0
2001-09-06,12.1,12.83,11.9,12.82,12.82,44800,0.0,1.0
2001-09-07,12.5,12.65,12.05,12.45,12.45,77700,0.0,1.0
2001-09-10,12.65,12.8,12.37,12.46,12.46,190400,0.0,1.0
2001-09-17,11.93,12.05,11.19,11.74,11.74,63900,0.0,1.0
2001-09-18,11.78,12.04,11.46,11.58,11.58,76100,0.0,1.0
2001-09-19,11.65,11.65,10.7,11.49,11.49,65600,0.0,1.0
2001-09-20,10.66,10.66,9.29,10.1,10.1,94800,0.0,1.0
2001-09-21,10.48,10.48,9.6,10.48,10.48,41000,0.0,1.0
2001-09-24,11.15,11.15,10.43,10.43,10.43,38100,0.0,1.0
2001-09-25,10.43,10.43,10.43,10.43,10.43,39200,0.0,1.0
2001-09-26,10.77,10.77,10.1,10.51,10.51,37100,0.0,1.0
2001-09-27,10.5,10.8,10.5,10.71,10.71,11700,0.0,1.0
2001-09-28,10.55,11.79,10.55,11.65,11.65,201200,0.0,1.0
2001-10-01,11.78,11.78,10.96,11.45,11.45,97400,0.0,1.0
2001-10-02,11.8,11.8,11.3,11.75,11.75,366000,0.0,1.0
2001-10-03,11.48,11.48,10.8,11.0,11.0,102300,0.0,1.0
2001-10-04,11.6,11.6,11.0,11.07,11.07,120500,0.0,1.0
2001-10-05,11.01,11.01,10.65,10.81,10.81,16000,0.0,1.0
2001-10-08,11.1,11.1,10.65,11.04,11.04,77600,0.0,1.0
2001-10-09,11.05,11.05,10.9,10.92,10.92,35200,0.0,1.0
2001-10-10,10.85,11.12,10.8,11.07,11.07,59300,0.0,1.0
2001-10-11,11.02,11.96,11.02,11.9,11.9,106100,0.0,1.0
2001-10-12,11.6,12.42,11.46,12.2,12.2,79600,0.0,1.0
2001-10-15,12.01,12.35,11.7,11.74,11.74,219500,0.0,1.0
2001-10-16,11.83,11.83,10.9,11.49,11.49,36800,0.0,1.0
2001-10-17,11.2,11.3,10.86,10.96,10.96,44200,0.0,1.0
2001-10-18,10.87,11.25,10.86,11.01,11.01,18300,0.0,1.0
2001-10-19,11.01,11.06,10.43,10.51,10.51,315800,0.0,1.0
2001-10-22,10.65,10.95,10.34,10.35,10.35,351900,0.0,1.0
2001-10-23,10.45,12.4,10.45,12.0,12.0,301600,0.0,1.0
2001-10-24,12.09,12.09,11.5,11.61,11.61,17600,0.0,1.0
2001-10-25,11.91,12.01,11.31,11.45,11.45,17000,0.0,1.0
2001-10-26,11.5,11.5,11.0,11.05,11.05,45500,0.0,1.0
2001-10-29,11.0,11.1,10.7,10.85,10.85,9200,0.0,1.0
2001-10-30,10.99,10.99,10.5,10.71,10.71,8700,0.0,1.0
2001-10-31,10.8,11.0,10.7,10.87,10.87,3900,0.0,1.0
2001-11-01,10.75,10.81,10.61,10.74,10.74,13400,0.0,1.0
2001-11-02,10.78,10.79,10.65,10.74,10.74,19800,0.0,1.0
2001-11-05,10.66,10.84,10.55,10.83,10.83,33600,0.0,1.0
2001-11-06,10.6,10.79,10.5,10.76,10.76,12900,0.0,1.0
2001-11-07,10.78,10.78,10.55,10.55,10.55,4800,0.0,1.0
2001-11-08,10.55,10.8,10.36,10.5,10.5,11400,0.0,1.0
2001-11-09,10.4,10.65,10.35,10.65,10.65,17700,0.0,1.0
2001-11-12,10.7,10.7,9.75,10.07,10.07,60200,0.0,1.0
2001-11-13,10.11,10.62,10.11,10.62,10.62,120500,0.0,1.0
2001-11-14,10.6,10.65,10.39,10.65,10.65,162200,0.0,1.0
2001-11-15,10.71,10.71,10.3,10.4,10.4,116100,0.0,1.0
2001-11-16,10.31,10.49,10.0,10.18,10.18,140800,0.0,1.0
2001-11-19,10.5,10.5,9.7,9.79,9.79,74500,0.0,1.0
2001-11-20,9.78,9.78,9.11,9.3,9.3,202700,0.0,1.0
2001-11-21,9.26,9.26,9.0,9.17,9.17,118000,0.0,1.0
2001-11-23,9.47,9.47,9.18,9.35,9.35,17000,0.0,1.0
2001-11-26,9.4,9.92,9.35,9.75,9.75,27300,0.0,1.0
2001-11-27,9.81,10.47,9.55,10.4,10.4,106700,0.0,1.0
2001-11-28,10.4,10.4,9.95,10.2,10.2,69900,0.0,1.0
2001-11-29,10.29,10.5,10.1,10.5,10.5,105000,0.0,1.0
2001-11-30,10.51,10.52,9.9,10.51,10.51,92300,0.0,1.0
2001-12-03,10.5,10.5,9.96,10.13,10.13,160200,0.0,1.0
2001-12-04,10.08,10.15,9.97,9.98,9.98,76000,0.0,1.0
2001-12-05,10.13,10.2,9.95,10.1,10.1,67300,0.0,1.0
2001-12-06,10.2,10.2,9.75,9.94,9.94,1021900,0.0,1.0
2001-12-07,10.06,10.06,9.75,10.03,10.03,60900,0.0,1.0
2001-12-10,9.81,10.06,9.47,9.66,9.66,61000,0.0,1.0
2001-12-11,9.68,9.709,8.96,9.32,9.32,150600,0.0,1.0
2001-12-12,9.32,9.52,9.19,9.34,9.34,48800,0.0,1.0
2001-12-13,9.31,9.5,9.06,9.15,9.15,32900,0.0,1.0
2001-12-14,9.24,9.33,8.9,9.0,9.0,55000,0.0,1.0
2001-12-17,9.1,9.25,9.0,9.05,9.05,57200,0.0,1.0
2001-12-18,9.15,9.58,9.15,9.5,9.5,45900,0.0,1.0
2001-12-19,9.5,9.7,9.25,9.51,9.51,48500,0.0,1.0
2001-12-20,9.6,9.79,9.31,9.65,9.65,40900,0.0,1.0
2001-12-21,9.72,9.9,9.3,9.55,9.55,127500,0.0,1.0
2001-12-24,9.53,9.6,9.46,9.49,9.49,26100,0.0,1.0
2001-12-26,9.6,9.69,9.35,9.45,9.45,144600,0.0,1.0
2001-12-27,9.59,9.94,9.57,9.8,9.8,234000,0.0,1.0
2001-12-28,9.65,10.0,9.45,9.88,9.88,257800,0.0,1.0
2001-12-31,9.7,10.2,9.65,10.19,10.19,62300,0.0,1.0
2002-01-02,10.06,10.15,9.84,10.0,10.0,53800,0.0,1.0
2002-01-03,10.15,10.15,9.35,9.5,9.5,122100,0.0,1.0
2002-01-04,10.1,10.1,9.41,9.95,9.95,148400,0.0,1.0
2002-01-07,9.94,10.19,9.94,10.04,10.04,122000,0.0,1.0
2002-01-08,10.09,10.15,10.04,10.14,10.14,46200,0.0,1.0
2002-01-09,10.15,10.2,9.95,10.0,10.0,72900,0.0,1.0
2002-01-10,10.0,10.08,9.96,10.08,10.08,15600,0.0,1.0
2002-01-11,10.0,10.1,9.95,10.08,10.08,46300,0.0,1.0
2002-01-14,10.1,10.11,9.95,10.01,10.01,195900,0.0,1.0
2002-01-15,10.01,10.38,10.0,10.38,10.38,71400,0.0,1.0
2002-01-16,10.39,10.4,10.08,10.32,10.32,60700,0.0,1.0
2002-01-17,10.36,10.55,10.25,10.42,10.42,89700,0.0,1.0
2002-01-18,10.39,10.6,10.3,10.45,10.45,112100,0.0,1.0
2002-01-22,10.6,10.79,10.5,10.5,10.5,60900,0.0,1.0
2002-01-23,10.6,10.6,10.41,10.46,10.46,34400,0.0,1.0
2002-01-24,10.64,10.64,10.45,10.54,10.54,18900,0.0,1.0
2002-01-25,10.57,11.05,10.5,10.75,10.75,64300,0.0,1.0
2002-01-28,11.25,11.25,10.87,11.15,11.15,76800,0.0,1.0
2002-01-29,11.29,11.85,11.15,11.15,11.15,175400,0.0,1.0
2002-01-30,11.17,11.34,10.35,10.53,10.53,62800,0.0,1.0
2002-01-31,10.6,10.6,9.98,10.15,10.15,170600,0.0,1.0
2002-02-01,9.51,9.51,4.2,4.96,4.96,244400,0.0,1.0
2002-02-04,4.96,4.96,4.96,4.96,4.96,0,0.0,1.0
2002-02-05,4.96,4.96,4.96,4.96,4.96,0,0.0,1.0
2002-02-06,4.96,4.96,4.96,4.96,4.96,0,0.0,1.0
2002-02-07,4.96,4.96,4.96,4.96,4.96,0,0.0,1.0
2002-02-08,4.96,4.96,4.96,4.96,4.96,0,0.0,1.0
2002-02-11,4.96,4.96,4.96,4.96,4.96,0,0.0,1.0
2002-02-12,4.96,4.96,4.96,4.96,4.96,0,0.0,1.0
2002-02-13,4.96,4.96,4.96,4.96,4.96,0,0.0,1.0
2002-02-14,4.96,4.96,4.96,4.96,4.96,0,0.0,1.0
2002-02-15,4.96,4.96,4.96,4.96,4.96,0,0.0,1.0
2002-02-19,4.96,4.96,4.96,4.96,4.96,0,0.0,1.0
2002-02-20,6.7,6.7,4.2,4.44,4.44,5058500,0.0,1.0
2002-02-21,4.54,5.25,4.42,5.1,5.1,1212100,0.0,1.0
2002-02-22,5.25,5.63,5.01,5.15,5.15,404500,0.0,1.0
2002-02-25,5.19,5.35,5.15,5.25,5.25,126700,0.0,1.0
2002-02-26,5.26,5.45,5.25,5.36,5.36,193800,0.0,1.0
2002-02-27,5.32,5.42,5.05,5.25,5.25,136300,0.0,1.0
2002-02-28,5.07,5.34,5.0,5.08,5.08,84900,0.0,1.0
2002-03-01,5.01,5.39,5.0,5.13,5.13,105600,0.0,1.0
2002-03-04,5.1,5.11,5.01,5.09,5.09,45600,0.0,1.0
2002-03-05,5.09,5.4,5.09,5.25,5.25,204900,0.0,1.0
2002-03-06,5.25,5.63,5.15,5.54,5.54,117600,0.0,1.0
2002-03-07,5.45,6.06,5.45,6.05,6.05,125300,0.0,1.0
2002-03-08,6.05,7.05,6.0,6.5,6.5,230800,0.0,1.0
2002-03-11,6.51,6.95,6.5,6.86,6.86,75600,0.0,1.0
2002-03-12,7.0,7.0,6.76,6.99,6.99,51000,0.0,1.0
2002-03-13,6.95,7.01,6.85,6.85,6.85,129900,0.0,1.0
2002-03-14,7.2,7.2,6.85,6.98,6.98,159800,0.0,1.0
2002-03-15,6.98,7.3,6.97,7.3,7.3,146900,0.0,1.0
2002-03-18,7.4,7.54,7.15,7.25,7.25,137700,0.0,1.0
2002-03-19,7.39,7.39,7.111,7.249,7.249,90400,0.0,1.0
2002-03-20,7.27,7.27,6.9,7.0,7.0,150900,0.0,1.0
2002-03-21,7.0,7.0,6.65,6.83,6.83,76900,0.0,1.0
2002-03-22,6.81,7.05,6.81,6.85,6.85,42100,0.0,1.0
2002-03-25,6.94,7.1,6.86,6.9,6.9,127300,0.0,1.0
2002-03-26,6.9,7.0,6.63,6.95,6.95,79000,0.0,1.0
2002-03-27,7.0,7.0,6.91,7.0,7.0,28500,0.0,1.0
2002-03-28,6.99,7.3,6.8,7.25,7.25,113200,0.0,1.0
2002-04-01,7.44,7.44,7.02,7.44,7.44,86900,0.0,1.0
2002-04-02,7.15,7.15,7.0,7.13,7.13,56600,0.0,1.0
2002-04-03,7.25,7.25,7.14,7.14,7.14,27700,0.0,1.0
2002-04-04,7.03,7.42,7.03,7.33,7.33,44800,0.0,1.0
2002-04-05,7.44,7.45,7.26,7.35,7.35,12400,0.0,1.0
2002-04-08,7.33,8.0,7.33,7.86,7.86,70300,0.0,1.0
2002-04-09,7.85,7.895,7.52,7.52,7.52,69300,0.0,1.0
2002-04-10,7.75,7.97,7.5,7.8,7.8,32900,0.0,1.0
2002-04-11,7.7,7.8,7.6,7.611,7.611,40900,0.0,1.0
2002-04-12,7.601,7.8,7.6,7.8,7.8,33200,0.0,1.0
2002-04-15,7.5,7.78,7.2,7.65,7.65,49500,0.0,1.0
2002-04-16,7.62,7.85,7.6,7.7,7.7,108400,0.0,1.0
2002-04-17,7.57,7.7,7.15,7.47,7.47,52900,0.0,1.0
2002-04-18,7.36,7.5,7.25,7.35,7.35,27700,0.0,1.0
2002-04-19,7.25,7.5,7.24,7.251,7.251,20500,0.0,1.0
2002-04-22,7.25,7.33,6.81,6.96,6.96,118400,0.0,1.0
2002-04-23,7.1,7.25,7.07,7.1,7.1,34900,0.0,1.0
2002-04-24,7.24,7.25,7.01,7.25,7.25,31000,0.0,1.0
2002-04-25,7.06,7.14,6.67,6.9,6.9,74500,0.0,1.0
2002-04-26,6.91,7.0,6.481,6.8,6.8,54800,0.0,1.0
2002-04-29,6.89,6.99,6.513,6.55,6.55,62900,0.0,1.0
2002-04-30,6.6,6.75,6.25,6.75,6.75,216000,0.0,1.0
2002-05-01,6.56,6.74,6.25,6.5,6.5,184100,0.0,1.0
2002-05-02,6.599,6.6,6.272,6.6,6.6,23800,0.0,1.0
2002-05-03,6.45,6.6,6.0,6.6,6.6,58900,0.0,1.0
2002-05-06,6.5,6.95,6.5,6.75,6.75,83400,0.0,1.0
2002-05-07,6.75,6.9,6.5,6.6,6.6,65200,0.0,1.0
2002-05-08,6.48,6.75,6.45,6.66,6.66,23100,0.0,1.0
2002-05-09,6.46,6.6,6.46,6.6,6.6,17000,0.0,1.0
2002-05-10,6.74,6.74,6.55,6.55,6.55,33200,0.0,1.0
2002-05-13,6.73,6.73,6.52,6.6,6.6,46800,0.0,1.0
2002-05-14,6.7,6.7,5.981,6.0,6.0,160300,0.0,1.0
2002-05-15,5.47,6.18,5.39,5.83,5.83,336900,0.0,1.0
2002-05-16,5.85,5.85,5.4,5.64,5.64,164600,0.0,1.0
2002-05-17,5.55,5.65,5.38,5.471,5.471,171300,0.0,1.0
2002-05-20,5.59,5.62,5.4,5.51,5.51,29500,0.0,1.0
2002-05-21,5.5,5.69,5.35,5.5,5.5,18800,0.0,1.0
2002-05-22,5.5,5.55,5.2,5.48,5.48,48600,0.0,1.0
2002-05-23,5.5,5.5,5.149,5.35,5.35,103500,0.0,1.0
2002-05-24,5.26,5.5,5.25,5.4,5.4,36700,0.0,1.0
2002-05-28,5.42,5.449,4.7,5.02,5.02,117400,0.0,1.0
2002-05-29,5.08,5.08,4.74,4.8,4.8,26300,0.0,1.0
2002-05-30,4.7,5.25,4.61,5.1,5.1,139600,0.0,1.0
2002-05-31,5.01,5.75,4.999,5.35,5.35,110000,0.0,1.0
2002-06-03,5.31,5.45,5.15,5.16,5.16,43700,0.0,1.0
2002-06-04,5.15,5.4,5.05,5.25,5.25,24300,0.0,1.0
2002-06-05,5.15,5.24,5.1,5.12,5.12,52900,0.0,1.0
2002-06-06,5.06,5.06,4.85,5.0,5.0,63700,0.0,1.0
2002-06-07,4.99,5.15,4.85,4.97,4.97,39200,0.0,1.0
2002-06-10,5.0,5.15,5.0,5.05,5.05,43700,0.0,1.0
2002-06-11,5.16,5.2,5.0,5.0,5.0,29300,0.0,1.0
2002-06-12,5.01,5.19,4.75,4.76,4.76,153900,0.0,1.0
2002-06-13,4.71,5.1,4.7,5.029,5.029,59100,0.0,1.0
2002-06-14,5.0,5.08,4.94,5.069,5.069,18500,0.0,1.0
2002-06-17,4.9,5.2,4.9,5.15,5.15,18700,0.0,1.0
2002-06-18,5.24,5.25,4.96,4.96,4.96,10100,0.0,1.0
2002-06-19,5.2,5.95,5.16,5.3,5.3,252000,0.0,1.0
2002-06-20,5.3,6.17,5.13,6.15,6.15,381800,0.0,1.0
2002-06-21,6.27,6.48,6.001,6.2,6.2,81200,0.0,1.0
2002-06-24,6.06,6.15,5.9,5.95,5.95,91900,0.0,1.0
2002-06-25,5.93,6.01,5.85,6.0,6.0,145900,0.0,1.0
2002-06-26,5.85,5.95,5.8,5.9,5.9,170500,0.0,1.0
2002-06-27,6.0,6.15,5.7,6.15,6.15,250200,0.0,1.0
2002-06-28,6.05,6.54,5.87,6.04,6.04,714600,0.0,1.0
2002-07-01,6.01,6.15,5.95,6.0,6.0,124100,0.0,1.0
2002-07-02,5.951,6.239,5.951,6.23,6.23,68300,0.0,1.0
2002-07-03,6.28,6.4,6.05,6.38,6.38,64900,0.0,1.0
2002-07-05,6.35,6.45,6.35,6.42,6.42,1300,0.0,1.0
2002-07-08,6.35,6.5,6.35,6.37,6.37,89000,0.0,1.0
2002-07-09,6.35,6.659,6.35,6.55,6.55,259800,0.0,1.0
2002-07-10,6.65,6.65,6.4,6.4,6.4,181300,0.0,1.0
2002-07-11,4.9,6.3,4.71,6.04,6.04,546900,0.0,1.0
2002-07-12,5.7,6.53,5.7,6.35,6.35,34100,0.0,1.0
2002-07-15,6.015,6.3,5.8,6.24,6.24,46500,0.0,1.0
2002-07-16,6.16,6.3,6.01,6.3,6.3,27300,0.0,1.0
2002-07-17,6.24,6.25,6.0,6.01,6.01,72000,0.0,1.0
2002-07-18,6.0,6.06,5.95,6.001,6.001,124400,0.0,1.0
2002-07-19,5.998,6.52,5.92,6.52,6.52,135400,0.0,1.0
2002-07-22,6.35,6.35,6.0,6.1,6.1,71300,0.0,1.0
2002-07-23,6.19,6.19,5.87,5.97,5.97,60800,0.0,1.0
2002-07-24,6.01,6.15,5.96,6.1,6.1,59500,0.0,1.0
2002-07-25,6.05,6.2,5.9,5.91,5.91,136400,0.0,1.0
2002-07-26,5.59,6.6,5.59,6.3,6.3,155900,0.0,1.0
2002-07-29,6.33,6.4,6.1,6.4,6.4,120200,0.0,1.0
2002-07-30,6.22,6.25,6.2,6.25,6.25,64600,0.0,1.0
2002-07-31,6.3,6.44,6.21,6.31,6.31,55700,0.0,1.0
2002-08-01,6.26,6.5,6.25,6.32,6.32,12700,0.0,1.0
2002-08-02,6.28,6.39,5.97,6.0,6.0,25200,0.0,1.0
2002-08-05,5.98,6.249,5.98,6.13,6.13,6400,0.0,1.0
2002-08-06,6.15,6.19,5.95,5.95,5.95,78100,0.0,1.0
2002-08-07,5.96,5.96,5.56,5.81,5.81,50500,0.0,1.0
2002-08-08,5.85,5.85,5.56,5.65,5.65,26400,0.0,1.0
2002-08-09,5.61,5.61,5.36,5.479,5.479,16700,0.0,1.0
2002-08-12,5.61,6.27,5.5,6.27,6.27,37600,0.0,1.0
2002-08-13,6.259,6.36,6.11,6.11,6.11,10700,0.0,1.0
2002-08-14,6.01,6.69,5.85,6.5,6.5,202600,0.0,1.0
2002-08-15,6.55,7.01,4.9,6.78,6.78,553400,0.0,1.0
2002-08-16,6.71,6.92,5.96,6.5,6.5,241000,0.0,1.0
2002-08-19,6.59,6.75,6.22,6.43,6.43,53000,0.0,1.0
2002-08-20,6.45,6.49,5.7,6.09,6.09,257700,0.0,1.0
2002-08-21,5.91,6.19,5.9,6.0,6.0,71900,0.0,1.0
2002-08-22,5.96,6.2,5.7,5.94,5.94,27100,0.0,1.0
2002-08-23,5.849,5.99,5.64,5.889,5.889,39300,0.0,1.0
2002-08-26,5.9,6.0,5.69,5.9,5.9,231900,0.0,1.0
2002-08-27,6.0,6.14,5.9,5.91,5.91,72200,0.0,1.0
2002-08-28,5.94,6.05,5.7,5.97,5.97,416800,0.0,1.0
2002-08-29,5.95,6.9,5.82,6.61,6.61,87100,0.0,1.0
2002-08-30,6.79,6.85,6.5,6.57,6.57,94800,0.0,1.0
2002-09-03,6.45,6.8,6.0,6.65,6.65,57400,0.0,1.0
2002-09-04,6.7,6.95,6.41,6.89,6.89,59100,0.0,1.0
2002-09-05,6.86,7.1,6.86,7.09,7.09,273900,0.0,1.0
2002-09-06,7.06,7.1,6.86,7.0,7.0,33600,0.0,1.0
2002-09-09,7.1,7.1,6.89,6.9,6.9,6400,0.0,1.0
2002-09-10,7.0,7.0,6.72,6.75,6.75,31000,0.0,1.0
2002-09-11,6.8,6.92,6.72,6.72,6.72,22800,0.0,1.0
2002-09-12,6.72,6.85,6.641,6.84,6.84,38300,0.0,1.0
2002-09-13,6.85,7.0,6.75,6.76,6.76,24800,0.0,1.0
2002-09-16,6.85,7.15,6.72,7.06,7.06,64200,0.0,1.0
2002-09-17,7.08,7.22,6.93,7.2,7.2,64400,0.0,1.0
2002-09-18,7.08,7.299,7.0,7.299,7.299,17000,0.0,1.0
2002-09-19,7.111,7.25,7.01,7.09,7.09,18800,0.0,1.0
2002-09-20,7.05,7.06,6.8,6.9,6.9,17000,0.0,1.0
2002-09-23,6.91,6.95,6.81,6.9,6.9,41000,0.0,1.0
2002-09-24,6.9,7.03,6.8,7.029,7.029,15100,0.0,1.0
2002-09-25,7.049,7.7,7.04,7.7,7.7,118500,0.0,1.0
2002-09-26,7.7,7.8,7.51,7.62,7.62,15500,0.0,1.0
2002-09-27,7.52,8.05,7.52,8.0,8.0,40600,0.0,1.0
2002-09-30,7.831,8.0,6.95,8.0,8.0,133500,0.0,1.0
2002-10-01,7.99,8.05,7.63,8.03,8.03,64400,0.0,1.0
2002-10-02,8.1,8.15,7.98,8.03,8.03,218800,0.0,1.0
2002-10-03,8.05,8.05,7.51,7.75,7.75,47500,0.0,1.0
2002-10-04,7.73,8.3,7.73,7.9,7.9,175200,0.0,1.0
2002-10-07,8.01,8.19,7.75,7.76,7.76,13500,0.0,1.0
2002-10-08,7.91,8.0,7.75,7.86,7.86,47200,0.0,1.0
2002-10-09,7.71,8.19,7.7,8.02,8.02,155200,0.0,1.0
2002-10-10,8.05,8.15,8.0,8.0,8.0,81400,0.0,1.0
2002-10-11,8.02,8.55,8.02,8.3,8.3,105600,0.0,1.0
2002-10-14,8.36,8.7,8.35,8.54,8.54,238500,0.0,1.0
2002-10-15,8.7,8.7,8.14,8.15,8.15,49000,0.0,1.0
2002-10-16,8.06,8.2,8.0,8.12,8.12,45200,0.0,1.0
2002-10-17,8.19,8.34,8.1,8.19,8.19,41700,0.0,1.0
2002-10-18,8.25,8.67,8.15,8.54,8.54,67300,0.0,1.0
2002-10-21,8.5,8.731,8.35,8.7,8.7,176000,0.0,1.0
2002-10-22,8.55,8.95,8.55,8.76,8.76,64200,0.0,1.0
2002-10-23,8.87,8.88,8.7,8.75,8.75,43400,0.0,1.0
2002-10-24,8.75,8.85,8.0,8.79,8.79,177300,0.0,1.0
2002-10-25,8.75,8.85,8.41,8.55,8.55,111500,0.0,1.0
2002-10-28,8.59,9.05,8.3,8.98,8.98,217000,0.0,1.0
2002-10-29,9.05,9.05,8.75,8.85,8.85,207700,0.0,1.0
2002-10-30,9.0,9.05,8.75,8.8,8.8,97900,0.0,1.0
2002-10-31,8.95,9.36,8.79,9.11,9.11,53700,0.0,1.0
2002-11-01,9.04,9.25,8.85,9.249,9.249,200900,0.0,1.0
2002-11-04,9.24,9.25,8.77,9.06,9.06,96100,0.0,1.0
2002-11-05,9.01,9.2,9.01,9.17,9.17,21800,0.0,1.0
2002-11-06,9.3,9.3,9.05,9.15,9.15,36700,0.0,1.0
2002-11-07,9.15,9.15,8.8,8.939,8.939,20800,0.0,1.0
2002-11-08,9.0,9.09,8.8,9.09,9.09,17100,0.0,1.0
2002-11-11,9.08,9.08,8.5,8.79,8.79,112400,0.0,1.0
2002-11-12,8.71,8.83,8.2,8.38,8.38,70400,0.0,1.0
2002-11-13,8.29,8.29,7.61,7.89,7.89,72000,0.0,1.0
2002-11-14,7.89,8.05,7.58,7.81,7.81,22900,0.0,1.0
2002-11-15,7.89,8.05,7.75,7.86,7.86,263000,0.0,1.0
2002-11-18,7.96,8.3,7.65,7.999,7.999,61500,0.0,1.0
2002-11-19,7.97,7.97,7.3,7.33,7.33,50300,0.0,1.0
2002-11-20,7.31,7.7,7.07,7.43,7.43,77400,0.0,1.0
2002-11-21,7.59,7.59,7.4,7.51,7.51,35200,0.0,1.0
2002-11-22,7.539,8.0,7.51,7.6,7.6,85700,0.0,1.0
2002-11-25,7.55,8.14,7.55,7.7,7.7,94500,0.0,1.0
2002-11-26,8.05,8.14,7.76,8.01,8.01,52800,0.0,1.0
2002-11-27,7.99,8.65,7.9,8.65,8.65,165500,0.0,1.0
2002-11-29,8.75,9.55,8.29,9.55,9.55,110700,0.0,1.0
2002-12-02,9.6,9.6,8.81,9.23,9.23,147000,0.0,1.0
2002-12-03,9.0,9.24,9.0,9.24,9.24,151400,0.0,1.0
2002-12-04,9.23,9.3,9.071,9.15,9.15,26600,0.0,1.0
2002-12-05,9.28,9.5,9.06,9.349,9.349,45800,0.0,1.0
2002-12-06,9.16,9.44,9.16,9.36,9.36,31600,0.0,1.0
2002-12-09,9.45,9.979,9.36,9.87,9.87,176900,0.0,1.0
2002-12-10,9.89,9.89,9.6,9.69,9.69,36200,0.0,1.0
2002-12-11,9.94,9.94,9.35,9.44,9.44,22100,0.0,1.0
2002-12-12,9.35,9.5,9.15,9.5,9.5,47400,0.0,1.0
2002-12-13,9.25,9.639,9.25,9.36,9.36,16100,0.0,1.0
2002-12-16,9.3,9.4,9.25,9.35,9.35,75400,0.0,1.0
2002-12-17,9.25,9.49,9.15,9.32,9.32,28400,0.0,1.0
2002-12-18,9.25,9.3,8.999,9.27,9.27,105500,0.0,1.0
2002-12-19,9.3,9.3,9.0,9.0,9.0,34200,0.0,1.0
2002-12-20,9.17,9.17,8.92,9.04,9.04,70700,0.0,1.0
2002-12-23,8.93,9.1,8.84,9.1,9.1,83300,0.0,1.0
2002-12-24,9.0,9.2,8.96,9.039,9.039,80600,0.0,1.0
2002-12-26,9.07,9.38,9.07,9.2,9.2,48800,0.0,1.0
2002-12-27,9.2,9.4,9.05,9.19,9.19,78300,0.0,1.0
2002-12-30,9.2,9.78,9.01,9.72,9.72,81600,0.0,1.0
2002-12-31,9.8,10.14,9.5,10.12,10.12,219300,0.0,1.0
2003-01-02,9.76,9.9,9.07,9.58,9.58,126100,0.0,1.0
2003-01-03,9.7,9.7,9.45,9.49,9.49,25200,0.0,1.0
2003-01-06,9.74,9.74,9.45,9.5,9.5,100300,0.0,1.0
2003-01-07,9.49,9.54,9.33,9.41,9.41,22600,0.0,1.0
2003-01-08,9.45,9.6,9.25,9.47,9.47,140500,0.0,1.0
2003-01-09,9.65,9.75,9.46,9.59,9.59,57300,0.0,1.0
2003-01-10,9.59,9.59,9.45,9.5,9.5,27000,0.0,1.0
2003-01-13,9.51,9.61,9.46,9.5,9.5,24800,0.0,1.0
2003-01-14,9.59,9.59,9.23,9.26,9.26,25600,0.0,1.0
2003-01-15,9.2,9.29,9.02,9.17,9.17,57100,0.0,1.0
2003-01-16,9.12,9.31,9.0,9.0,9.0,64300,0.0,1.0
2003-01-17,9.14,9.3,9.081,9.15,9.15,248600,0.0,1.0
2003-01-21,9.2,9.2,8.91,9.0,9.0,150700,0.0,1.0
2003-01-22,9.0,9.06,8.85,8.86,8.86,110200,0.0,1.0
2003-01-23,8.95,9.25,8.95,9.24,9.24,171800,0.0,1.0
2003-01-24,9.21,9.21,9.0,9.05,9.05,15700,0.0,1.0
2003-01-27,9.01,9.01,8.71,8.88,8.88,50900,0.0,1.0
2003-01-28,8.99,9.09,8.8,9.01,9.01,15900,0.0,1.0
2003-01-29,8.99,9.09,8.8,9.01,9.01,54400,0.0,1.0
2003-01-30,9.06,9.17,8.58,8.99,8.99,120200,0.0,1.0
2003-01-31,9.05,9.84,8.88,9.7,9.7,272900,0.0,1.0
2003-02-03,9.55,9.6,9.32,9.5,9.5,58400,0.0,1.0
2003-02-04,9.5,9.62,9.31,9.55,9.55,22900,0.0,1.0
2003-02-05,9.5,9.75,9.35,9.45,9.45,69400,0.0,1.0
2003-02-06,9.5,9.629,9.31,9.439,9.439,119800,0.0,1.0
2003-02-07,9.64,9.65,9.35,9.5,9.5,9800,0.0,1.0
2003-02-10,9.471,9.55,9.3,9.341,9.341,29500,0.0,1.0
2003-02-11,9.73,9.73,8.95,9.29,9.29,14800,0.0,1.0
2003-02-12,9.29,9.42,9.2,9.26,9.26,341400,0.0,1.0
2003-02-13,9.25,9.37,9.11,9.16,9.16,34500,0.0,1.0
2003-02-14,9.24,9.24,8.81,8.88,8.88,32100,0.0,1.0
2003-02-18,8.8,9.1,8.8,9.03,9.03,53100,0.0,1.0
2003-02-19,9.04,9.05,8.82,8.94,8.94,66600,0.0,1.0
2003-02-20,8.95,9.05,8.82,8.99,8.99,65500,0.0,1.0
2003-02-21,9.001,9.01,8.9,8.99,8.99,48900,0.0,1.0
2003-02-24,8.98,8.99,8.39,8.43,8.43,129900,0.0,1.0
2003-02-25,8.62,8.74,7.48,8.44,8.44,205400,0.0,1.0
2003-02-26,8.33,8.62,8.32,8.62,8.62,13100,0.0,1.0
2003-02-27,8.51,8.62,8.37,8.49,8.49,34100,0.0,1.0
2003-02-28,8.25,8.95,8.25,8.91,8.91,136700,0.0,1.0
2003-03-03,8.9,8.98,8.63,8.78,8.78,52100,0.0,1.0
2003-03-04,8.9,8.95,8.85,8.85,8.85,69900,0.0,1.0
2003-03-05,8.91,8.91,8.59,8.6,8.6,40700,0.0,1.0
2003-03-06,8.7,8.75,8.07,8.49,8.49,171100,0.0,1.0
2003-03-07,8.43,8.95,8.39,8.6,8.6,91700,0.0,1.0
2003-03-10,8.85,8.85,8.25,8.36,8.36,50200,0.0,1.0
2003-03-11,8.5,8.87,8.49,8.65,8.65,29700,0.0,1.0
2003-03-12,8.77,8.81,8.51,8.68,8.68,10900,0.0,1.0
2003-03-13,8.68,8.859,8.51,8.65,8.65,78200,0.0,1.0
2003-03-14,8.65,9.0,8.65,8.96,8.96,49900,0.0,1.0
2003-03-17,8.96,8.97,8.47,8.8,8.8,66200,0.0,1.0
2003-03-18,9.0,9.0,8.7,8.96,8.96,55200,0.0,1.0
2003-03-19,9.0,9.0,8.96,9.0,9.0,51700,0.0,1.0
2003-03-20,8.98,9.0,8.851,8.98,8.98,37600,0.0,1.0
2003-03-21,9.0,9.0,8.75,8.85,8.85,51100,0.0,1.0
2003-03-24,8.75,8.85,8.6,8.65,8.65,48300,0.0,1.0
2003-03-25,8.69,8.85,8.56,8.66,8.66,68500,0.0,1.0
2003-03-26,8.85,8.85,8.22,8.28,8.28,83300,0.0,1.0
2003-03-27,8.4,8.93,8.4,8.93,8.93,115500,0.0,1.0
2003-03-28,8.75,9.0,8.75,8.85,8.85,172400,0.0,1.0
2003-03-31,8.79,9.0,8.79,8.99,8.99,178200,0.0,1.0
2003-04-01,8.75,9.0,8.75,8.83,8.83,109300,0.0,1.0
2003-04-02,8.69,9.0,8.69,8.97,8.97,119600,0.0,1.0
2003-04-03,9.0,9.2,9.0,9.11,9.11,114200,0.0,1.0
2003-04-04,9.05,9.2,8.92,9.1,9.1,48100,0.0,1.0
2003-04-07,9.17,9.56,9.1,9.4,9.4,311900,0.0,1.0
2003-04-08,9.4,9.5,9.2,9.28,9.28,166000,0.0,1.0
2003-04-09,9.28,9.43,9.28,9.4,9.4,120600,0.0,1.0
2003-04-10,9.35,9.49,9.21,9.49,9.49,112400,0.0,1.0
2003-04-11,9.28,9.48,9.28,9.42,9.42,151600,0.0,1.0
2003-04-14,9.4,9.5,9.4,9.48,9.48,149400,0.0,1.0
2003-04-15,9.5,9.55,9.45,9.47,9.47,220500,0.0,1.0
2003-04-16,9.5,9.5,9.34,9.37,9.37,63100,0.0,1.0
2003-04-17,9.34,9.37,9.3,9.32,9.32,57800,0.0,1.0
2003-04-21,9.35,9.5,9.25,9.301,9.301,100700,0.0,1.0
2003-04-22,9.31,9.55,9.2,9.38,9.38,185200,0.0,1.0
2003-04-23,9.3,9.5,9.29,9.42,9.42,151800,0.0,1.0
2003-04-24,9.53,9.53,9.3,9.35,9.35,91900,0.0,1.0
2003-04-25,9.4,9.4,9.2,9.21,9.21,187800,0.0,1.0
2003-04-28,9.2,9.38,9.2,9.33,9.33,72600,0.0,1.0
2003-04-29,9.45,9.98,9.29,9.72,9.72,163600,0.0,1.0
2003-04-30,9.9,10.05,9.56,10.0,10.0,175000,0.0,1.0
2003-05-01,9.95,10.24,9.8,10.07,10.07,575600,0.0,1.0
2003-05-02,10.25,10.25,9.9,10.02,10.02,190100,0.0,1.0
2003-05-05,10.1,10.24,9.95,10.07,10.07,191600,0.0,1.0
2003-05-06,10.16,10.17,10.0,10.14,10.14,195400,0.0,1.0
2003-05-07,10.14,10.15,9.96,10.14,10.14,226300,0.0,1.0
2003-05-08,10.15,10.6,10.02,10.46,10.46,382600,0.0,1.0
2003-05-09,10.5,10.689,10.3,10.48,10.48,218300,0.0,1.0
2003-05-12,10.59,10.72,10.42,10.45,10.45,165500,0.0,1.0
2003-05-13,10.68,10.87,10.5,10.84,10.84,276900,0.0,1.0
2003-05-14,10.88,10.95,10.75,10.8,10.8,225600,0.0,1.0
2003-05-15,10.8,11.0,10.8,10.98,10.98,249900,0.0,1.0
2003-05-16,11.0,11.0,10.94,10.99,10.99,43500,0.0,1.0
2003-05-19,11.0,11.03,10.86,10.88,10.88,67800,0.0,1.0
2003-05-20,10.9,10.9,10.02,10.4,10.4,128800,0.0,1.0
2003-05-21,10.45,11.0,10.42,10.8,10.8,326700,0.0,1.0
2003-05-22,10.86,11.2,10.75,11.0,11.0,220400,0.0,1.0
2003-05-23,11.2,11.28,10.99,11.25,11.25,432500,0.0,1.0
2003-05-27,11.1,11.3,11.04,11.23,11.23,247700,0.0,1.0
2003-05-28,11.3,11.3,11.15,11.29,11.29,218300,0.0,1.0
2003-05-29,11.3,11.4,11.2,11.35,11.35,204600,0.0,1.0
2003-05-30,11.44,11.44,10.74,11.24,11.24,372000,0.0,1.0
2003-06-02,11.25,11.25,11.0,11.17,11.17,126500,0.0,1.0
2003-06-03,11.15,11.21,11.0,11.16,11.16,81100,0.0,1.0
2003-06-04,11.25,11.25,11.06,11.19,11.19,148000,0.0,1.0
2003-06-05,11.25,12.0,11.23,11.98,11.98,509700,0.0,1.0
2003-06-06,11.95,12.75,11.9,12.75,12.75,914400,0.0,1.0
2003-06-09,12.8,12.85,12.41,12.7,12.7,358400,0.0,1.0
2003-06-10,12.76,12.8,12.35,12.8,12.8,215100,0.0,1.0
2003-06-11,12.6,12.96,12.6,12.9,12.9,211400,0.0,1.0
2003-06-12,12.8,12.98,12.8,12.9,12.9,548600,0.0,1.0
2003-06-13,12.67,12.98,12.52,12.75,12.75,214900,0.0,1.0
2003-06-16,12.73,13.2,12.71,13.15,13.15,341900,0.0,1.0
2003-06-17,13.2,14.05,13.06,13.77,13.77,846200,0.0,1.0
2003-06-18,13.95,13.95,13.2,13.4,13.4,343100,0.0,1.0
2003-06-19,13.55,13.55,12.25,12.55,12.55,373100,0.0,1.0
2003-06-20,12.45,12.76,12.19,12.64,12.64,390600,0.0,1.0
2003-06-23,12.79,12.79,11.175,12.0,12.0,385300,0.0,1.0
2003-06-24,12.15,12.7,11.97,12.65,12.65,597200,0.0,1.0
2003-06-25,12.7,13.17,12.55,13.1,13.1,511600,0.0,1.0
2003-06-26,12.95,13.15,12.76,13.03,13.03,195000,0.0,1.0
2003-06-27,13.01,13.2,12.9,13.13,13.13,220900,0.0,1.0
2003-06-30,13.1,13.5,12.9,13.29,13.29,1319900,0.0,1.0
2003-07-01,13.5,13.5,12.11,12.96,12.96,328500,0.0,1.0
2003-07-02,13.0,13.51,13.0,13.48,13.48,256400,0.0,1.0
2003-07-03,13.5,13.54,13.3,13.5,13.5,86300,0.0,1.0
2003-07-07,13.55,13.65,13.36,13.6,13.6,171800,0.0,1.0
2003-07-08,13.59,13.65,13.14,13.28,13.28,419900,0.0,1.0
2003-07-09,13.25,14.01,13.0,13.92,13.92,690100,0.0,1.0
2003-07-10,13.83,13.99,13.63,13.98,13.98,158400,0.0,1.0
2003-07-11,13.99,14.38,13.41,13.83,13.83,500600,0.0,1.0
2003-07-14,13.92,14.36,13.8,14.1,14.1,175100,0.0,1.0
2003-07-15,14.03,14.18,13.38,13.95,13.95,97200,0.0,1.0
2003-07-16,14.11,14.39,13.85,13.85,13.85,96300,0.0,1.0
2003-07-17,13.85,14.0,12.5,13.06,13.06,195700,0.0,1.0
2003-07-18,13.21,13.78,12.75,13.59,13.59,94000,0.0,1.0
2003-07-21,13.75,13.75,13.3,13.35,13.35,81800,0.0,1.0
2003-07-22,13.35,13.75,13.35,13.62,13.62,140500,0.0,1.0
2003-07-23,13.8,14.28,13.55,14.219,14.219,164900,0.0,1.0
2003-07-24,14.26,14.59,13.929,13.97,13.97,161400,0.0,1.0
2003-07-25,14.12,15.0,14.0,15.0,15.0,279100,0.0,1.0
2003-07-28,15.05,15.25,14.5,15.07,15.07,268200,0.0,1.0
2003-07-29,15.26,15.78,15.0,15.31,15.31,227600,0.0,1.0
2003-07-30,15.3,15.4,14.47,14.66,14.66,106300,0.0,1.0
2003-07-31,14.86,15.0,14.2,15.0,15.0,185200,0.0,1.0
2003-08-01,15.0,15.1,14.76,15.0,15.0,223400,0.0,1.0
2003-08-04,15.0,15.25,14.85,15.15,15.15,218500,0.0,1.0
2003-08-05,15.27,15.27,14.4,14.97,14.97,124900,0.0,1.0
2003-08-06,14.69,15.1,14.65,15.0,15.0,229000,0.0,1.0
2003-08-07,15.05,15.05,14.03,14.64,14.64,56400,0.0,1.0
2003-08-08,14.6,15.05,14.6,14.99,14.99,101700,0.0,1.0
2003-08-11,14.99,15.1,14.75,14.78,14.78,131500,0.0,1.0
2003-08-12,14.91,15.1,14.91,15.05,15.05,108800,0.0,1.0
2003-08-13,15.15,15.2,14.75,14.82,14.82,225600,0.0,1.0
2003-08-14,14.89,15.0,14.15,14.15,14.15,326300,0.0,1.0
2003-08-15,14.2,14.89,14.16,14.2,14.2,177200,0.0,1.0
2003-08-18,14.3,14.75,14.3,14.75,14.75,259400,0.0,1.0
2003-08-19,14.79,14.95,14.6,14.95,14.95,182900,0.0,1.0
2003-08-20,15.01,15.1,14.6,14.79,14.79,81700,0.0,1.0
2003-08-21,14.9,15.05,14.8,15.05,15.05,104900,0.0,1.0
2003-08-22,15.05,16.31,15.02,15.21,15.21,655900,0.0,1.0
2003-08-25,15.49,15.49,15.2,15.24,15.24,84200,0.0,1.0
2003-08-26,15.2,15.43,14.8,15.23,15.23,73900,0.0,1.0
2003-08-27,15.11,15.5,15.0,15.39,15.39,89100,0.0,1.0
2003-08-28,15.39,15.54,15.1,15.54,15.54,140900,0.0,1.0
2003-08-29,15.25,15.55,15.25,15.3,15.3,514700,0.0,1.0
2003-09-02,15.4,15.55,15.3,15.44,15.44,152000,0.0,1.0
2003-09-03,15.4,16.15,15.4,16.04,16.04,349300,0.0,1.0
2003-09-04,16.22,16.53,16.081,16.4,16.4,484700,0.0,1.0
2003-09-05,15.97,16.35,15.4,15.7,15.7,196400,0.0,1.0
2003-09-08,15.88,15.9,15.43,15.69,15.69,107000,0.0,1.0
2003-09-09,15.89,15.99,15.29,15.55,15.55,131300,0.0,1.0
2003-09-10,15.5,16.0,15.28,15.78,15.78,211300,0.0,1.0
2003-09-11,16.0,16.0,15.67,15.8,15.8,80500,0.0,1.0
2003-09-12,15.99,16.39,15.45,15.98,15.98,128100,0.0,1.0
2003-09-15,16.15,16.7,16.14,16.26,16.26,141000,0.0,1.0
2003-09-16,16.41,16.6,15.7,16.3,16.3,187600,0.0,1.0
2003-09-17,16.5,16.9,15.9,16.53,16.53,150900,0.0,1.0
2003-09-18,16.45,16.72,16.18,16.5,16.5,105400,0.0,1.0
2003-09-19,16.45,16.85,16.43,16.789,16.789,130500,0.0,1.0
2003-09-22,16.73,16.9,16.0,16.77,16.77,129200,0.0,1.0
2003-09-23,16.79,17.05,16.6,16.96,16.96,100200,0.0,1.0
2003-09-24,17.25,17.25,16.25,16.41,16.41,92800,0.0,1.0
2003-09-25,16.39,16.45,15.44,15.74,15.74,189900,0.0,1.0
2003-09-26,15.64,15.75,14.11,14.84,14.84,420500,0.0,1.0
2003-09-29,14.74,15.05,12.8,13.52,13.52,884700,0.0,1.0
2003-09-30,10.3,10.34,8.771,9.0,9.0,8415900,0.0,1.0
2003-10-01,9.3,9.43,8.9,8.99,8.99,1917100,0.0,1.0
2003-10-02,9.08,9.43,9.03,9.25,9.25,1281900,0.0,1.0
2003-10-03,9.49,9.75,9.35,9.48,9.48,840200,0.0,1.0
2003-10-06,9.65,9.72,9.19,9.28,9.28,648200,0.0,1.0
2003-10-07,9.3,9.3,9.03,9.12,9.12,516200,0.0,1.0
2003-10-08,9.2,9.2,8.4,8.75,8.75,962900,0.0,1.0
2003-10-09,8.95,9.37,8.76,9.23,9.23,489500,0.0,1.0
2003-10-10,9.3,10.0,9.2,9.9,9.9,1048800,0.0,1.0
2003-10-13,9.94,10.26,9.92,10.2,10.2,979800,0.0,1.0
2003-10-14,10.25,10.59,9.85,10.5,10.5,515200,0.0,1.0
2003-10-15,10.58,10.71,10.0,10.03,10.03,469500,0.0,1.0
2003-10-16,10.02,10.12,9.54,9.99,9.99,487300,0.0,1.0
2003-10-17,10.1,10.2,9.8,9.95,9.95,244600,0.0,1.0
2003-10-20,10.1,10.1,9.85,9.91,9.91,282400,0.0,1.0
2003-10-21,10.0,10.11,8.02,9.04,9.04,4055100,0.0,1.0
2003-10-22,8.99,9.85,8.89,9.41,9.41,1145300,0.0,1.0
2003-10-23,9.36,9.71,9.1,9.1,9.1,322100,0.0,1.0
2003-10-24,9.19,10.4,9.12,10.19,10.19,1748900,0.0,1.0
2003-10-27,10.34,10.35,9.88,10.25,10.25,1370000,0.0,1.0
2003-10-28,10.28,11.4,10.22,10.99,10.99,976600,0.0,1.0
2003-10-29,11.1,11.1,10.55,11.0,11.0,491100,0.0,1.0
2003-10-30,11.04,12.12,11.01,12.11,12.11,1258400,0.0,1.0
2003-10-31,12.02,12.2,11.65,12.04,12.04,476600,0.0,1.0
2003-11-03,12.19,12.2,11.67,12.04,12.04,340000,0.0,1.0
2003-11-04,12.05,12.06,11.7,11.9,11.9,326800,0.0,1.0
2003-11-05,11.9,11.95,11.36,11.91,11.91,459200,0.0,1.0
2003-11-06,11.43,12.0,11.3,11.82,11.82,336800,0.0,1.0
2003-11-07,11.85,11.87,11.43,11.47,11.47,298500,0.0,1.0
2003-11-10,11.41,11.75,10.8,11.1,11.1,588300,0.0,1.0
2003-11-11,11.0,11.07,10.51,10.75,10.75,314400,0.0,1.0
2003-11-12,10.69,11.3,10.69,11.23,11.23,175800,0.0,1.0
2003-11-13,11.1,11.47,10.91,11.09,11.09,192400,0.0,1.0
2003-11-14,11.12,11.39,11.0,11.21,11.21,117200,0.0,1.0
2003-11-17,11.17,11.28,10.8,10.88,10.88,189100,0.0,1.0
2003-11-18,10.91,11.2,10.72,10.9,10.9,157600,0.0,1.0
2003-11-19,10.9,11.0,10.56,10.85,10.85,185900,0.0,1.0
2003-11-20,10.91,11.05,10.821,10.98,10.98,88900,0.0,1.0
2003-11-21,11.08,11.08,10.6,10.66,10.66,111900,0.0,1.0
2003-11-24,10.6,10.65,9.61,10.44,10.44,568900,0.0,1.0
2003-11-25,10.39,10.71,10.16,10.44,10.44,391100,0.0,1.0
2003-11-26,10.33,10.46,10.07,10.14,10.14,209500,0.0,1.0
2003-11-28,10.14,10.51,10.14,10.4,10.4,56600,0.0,1.0
2003-12-01,10.51,10.61,10.25,10.38,10.38,174200,0.0,1.0
2003-12-02,10.37,10.5,10.14,10.15,10.15,169600,0.0,1.0
2003-12-03,10.23,10.45,10.16,10.41,10.41,222000,0.0,1.0
2003-12-04,10.32,10.54,10.1,10.37,10.37,97400,0.0,1.0
2003-12-05,10.38,10.4,10.03,10.05,10.05,97300,0.0,1.0
2003-12-08,10.02,10.22,9.95,10.2,10.2,78600,0.0,1.0
2003-12-09,10.26,10.5,10.07,10.47,10.47,189800,0.0,1.0
2003-12-10,10.35,10.6,10.29,10.39,10.39,420700,0.0,1.0
2003-12-11,10.5,10.95,10.42,10.8,10.8,207200,0.0,1.0
2003-12-12,10.8,10.95,10.48,10.55,10.55,218800,0.0,1.0
2003-12-15,10.64,10.73,10.0,10.01,10.01,517800,0.0,1.0
2003-12-16,10.02,10.14,9.85,10.12,10.12,181500,0.0,1.0
2003-12-17,10.04,10.15,9.81,10.031,10.031,233600,0.0,1.0
2003-12-18,10.0,10.56,9.98,10.46,10.46,150200,0.0,1.0
2003-12-19,10.6,10.73,10.26,10.7,10.7,198100,0.0,1.0
2003-12-22,10.74,11.13,10.63,11.0,11.0,199700,0.0,1.0
2003-12-23,11.0,11.0,10.68,10.94,10.94,217600,0.0,1.0
2003-12-24,11.0,11.0,10.86,10.9,10.9,29800,0.0,1.0
2003-12-26,10.8,10.85,10.78,10.8,10.8,37200,0.0,1.0
2003-12-29,10.78,11.11,10.74,10.99,10.99,117300,0.0,1.0
2003-12-30,10.76,11.07,10.76,10.98,10.98,164200,0.0,1.0
2003-12-31,10.97,11.0,10.62,10.96,10.96,74900,0.0,1.0
2004-01-02,10.99,11.05,10.66,10.8,10.8,167800,0.0,1.0
2004-01-05,10.86,10.95,10.74,10.85,10.85,100300,0.0,1.0
2004-01-06,10.9,11.0,10.8,10.87,10.87,98700,0.0,1.0
2004-01-07,10.87,10.87,10.72,10.79,10.79,127300,0.0,1.0
2004-01-08,10.8,10.8,10.5,10.73,10.73,141400,0.0,1.0
2004-01-09,10.74,10.74,10.2,10.22,10.22,221500,0.0,1.0
2004-01-12,10.21,10.73,10.21,10.73,10.73,140100,0.0,1.0
2004-01-13,10.73,10.75,10.5,10.75,10.75,89700,0.0,1.0
2004-01-14,10.75,10.75,10.51,10.64,10.64,56800,0.0,1.0
2004-01-15,10.7,10.75,10.25,10.33,10.33,182000,0.0,1.0
2004-01-16,10.28,10.49,10.22,10.34,10.34,116500,0.0,1.0
2004-01-20,10.21,10.4,10.17,10.24,10.24,75000,0.0,1.0
2004-01-21,10.28,10.3,10.0,10.09,10.09,114100,0.0,1.0
2004-01-22,10.17,10.24,9.95,9.95,9.95,136800,0.0,1.0
2004-01-23,9.96,10.11,9.9,9.97,9.97,177500,0.0,1.0
2004-01-26,10.0,10.0,9.87,9.88,9.88,145500,0.0,1.0
2004-01-27,9.84,10.02,9.84,9.96,9.96,148700,0.0,1.0
2004-01-28,9.93,10.0,9.75,9.83,9.83,158700,0.0,1.0
2004-01-29,9.84,10.07,9.25,10.05,10.05,219900,0.0,1.0
2004-01-30,10.0,10.08,9.84,10.0,10.0,125200,0.0,1.0
2004-02-02,10.04,10.05,9.82,9.98,9.98,104500,0.0,1.0
2004-02-03,10.01,10.07,9.87,10.04,10.04,80700,0.0,1.0
2004-02-04,10.0,10.05,9.75,10.0,10.0,114400,0.0,1.0
2004-02-05,10.03,10.05,9.55,9.68,9.68,356500,0.0,1.0
2004-02-06,10.73,11.37,10.31,11.05,11.05,1109600,0.0,1.0
2004-02-09,11.57,11.89,11.35,11.76,11.76,429900,0.0,1.0
2004-02-10,11.74,11.77,11.46,11.66,11.66,286400,0.0,1.0
2004-02-11,11.66,11.93,11.65,11.85,11.85,216800,0.0,1.0
2004-02-12,11.84,11.84,11.41,11.41,11.41,110500,0.0,1.0
2004-02-13,11.42,11.42,10.95,11.27,11.27,142400,0.0,1.0
2004-02-17,11.35,11.45,11.25,11.4,11.4,156700,0.0,1.0
2004-02-18,11.48,11.5,11.16,11.16,11.16,122200,0.0,1.0
2004-02-19,11.15,11.22,10.81,10.82,10.82,150400,0.0,1.0
2004-02-20,10.94,11.04,10.551,10.85,10.85,138000,0.0,1.0
2004-02-23,10.85,11.12,10.65,10.65,10.65,118600,0.0,1.0
2004-02-24,10.76,10.98,10.4,10.65,10.65,163000,0.0,1.0
2004-02-25,10.7,11.06,10.655,11.0,11.0,272900,0.0,1.0
2004-02-26,11.11,11.14,10.95,10.98,10.98,212700,0.0,1.0
2004-02-27,10.98,11.25,10.97,11.05,11.05,381300,0.0,1.0
2004-03-01,11.01,11.059,10.89,10.89,10.89,128800,0.0,1.0
2004-03-02,10.96,11.13,10.69,11.0,11.0,329400,0.0,1.0
2004-03-03,10.97,10.98,10.76,10.9,10.9,132100,0.0,1.0
2004-03-04,10.91,11.11,10.55,11.1,11.1,270400,0.0,1.0
2004-03-05,12.1,12.25,11.435,12.07,12.07,780700,0.0,1.0
2004-03-08,12.13,12.78,12.07,12.55,12.55,456500,0.0,1.0
2004-03-09,12.8,13.45,12.61,12.8,12.8,483100,0.0,1.0
2004-03-10,12.87,12.99,11.89,11.99,11.99,250300,0.0,1.0
2004-03-11,12.05,12.41,11.76,11.81,11.81,283500,0.0,1.0
2004-03-12,11.8,12.07,11.62,11.8,11.8,181200,0.0,1.0
2004-03-15,11.76,11.78,11.43,11.48,11.48,118500,0.0,1.0
2004-03-16,11.52,11.73,11.22,11.59,11.59,159000,0.0,1.0
2004-03-17,11.635,11.98,11.6,11.79,11.79,146900,0.0,1.0
2004-03-18,11.77,11.77,10.95,11.5,11.5,150500,0.0,1.0
2004-03-19,11.66,11.66,10.98,10.98,10.98,255900,0.0,1.0
2004-03-22,10.99,11.31,10.68,10.96,10.96,165600,0.0,1.0
2004-03-23,10.92,11.1,10.62,10.69,10.69,179100,0.0,1.0
2004-03-24,10.63,11.08,10.63,10.88,10.88,97500,0.0,1.0
2004-03-25,10.9,11.46,10.9,11.42,11.42,239300,0.0,1.0
2004-03-26,11.43,11.48,11.24,11.37,11.37,163600,0.0,1.0
2004-03-29,11.4,11.71,11.3,11.48,11.48,203100,0.0,1.0
2004-03-30,11.4,11.67,11.31,11.46,11.46,211700,0.0,1.0
2004-03-31,11.46,11.48,11.2,11.35,11.35,218000,0.0,1.0
2004-04-01,11.44,11.6,11.02,11.23,11.23,214800,0.0,1.0
2004-04-02,11.34,11.45,10.83,11.2,11.2,348100,0.0,1.0
2004-04-05,11.025,11.52,10.93,11.52,11.52,78100,0.0,1.0
2004-04-06,11.61,11.61,10.92,10.99,10.99,187100,0.0,1.0
2004-04-07,10.99,11.01,10.34,10.46,10.46,526500,0.0,1.0
2004-04-08,10.495,10.7,10.16,10.16,10.16,341900,0.0,1.0
2004-04-12,10.25,10.38,9.45,9.5,9.5,1037600,0.0,1.0
2004-04-13,9.72,9.76,8.5,8.7,8.7,1413600,0.0,1.0
2004-04-14,8.71,9.5,8.67,9.14,9.14,655100,0.0,1.0
2004-04-15,9.26,10.12,8.95,9.27,9.27,1053900,0.0,1.0
2004-04-16,9.3,9.77,9.3,9.72,9.72,499000,0.0,1.0
2004-04-19,9.745,10.1,9.55,10.05,10.05,419500,0.0,1.0
2004-04-20,10.14,10.15,9.85,9.96,9.96,342200,0.0,1.0
2004-04-21,10.0,10.25,9.81,10.23,10.23,486100,0.0,1.0
2004-04-22,10.21,10.3,10.05,10.15,10.15,223000,0.0,1.0
2004-04-23,10.4,10.43,9.76,9.95,9.95,707300,0.0,1.0
2004-04-26,10.09,10.24,10.0,10.04,10.04,107700,0.0,1.0
2004-04-27,10.05,10.5,10.0,10.38,10.38,241700,0.0,1.0
2004-04-28,10.35,10.35,9.55,9.55,9.55,355400,0.0,1.0
2004-04-29,9.575,9.98,9.51,9.58,9.58,170500,0.0,1.0
2004-04-30,9.6,9.73,9.31,9.52,9.52,125800,0.0,1.0
2004-05-03,9.54,9.68,9.38,9.5,9.5,80200,0.0,1.0
2004-05-04,9.54,9.59,9.15,9.44,9.44,141400,0.0,1.0
2004-05-05,9.49,9.79,9.45,9.52,9.52,130500,0.0,1.0
2004-05-06,9.5,9.58,9.01,9.251,9.251,130200,0.0,1.0
2004-05-07,9.31,9.61,9.17,9.17,9.17,89400,0.0,1.0
2004-05-10,9.2,9.4,9.0,9.01,9.01,99500,0.0,1.0
2004-05-11,9.15,9.37,9.09,9.35,9.35,46400,0.0,1.0
2004-05-12,9.25,9.36,8.3,9.02,9.02,393800,0.0,1.0
2004-05-13,9.02,9.1,8.86,9.01,9.01,67600,0.0,1.0
2004-05-14,9.0045,9.08,8.56,8.56,8.56,126200,0.0,1.0
2004-05-17,8.65,8.65,8.44,8.45,8.45,106900,0.0,1.0
2004-05-18,8.55,8.9,8.55,8.9,8.9,228400,0.0,1.0
2004-05-19,9.0,9.16,8.97,9.07,9.07,285700,0.0,1.0
2004-05-20,9.2,10.0,9.0,9.05,9.05,272600,0.0,1.0
2004-05-21,9.18,9.38,9.11,9.36,9.36,83400,0.0,1.0
2004-05-24,9.41,9.51,9.0,9.0,9.0,72600,0.0,1.0
2004-05-25,9.17,9.2,8.95,9.1,9.1,146300,0.0,1.0
2004-05-26,9.06,9.45,9.03,9.35,9.35,108500,0.0,1.0
2004-05-27,9.43,9.49,9.06,9.15,9.15,75900,0.0,1.0
2004-05-28,9.12,9.32,9.08,9.18,9.18,139000,0.0,1.0
2004-06-01,9.15,9.25,9.0,9.22,9.22,124700,0.0,1.0
2004-06-02,9.3,9.47,9.08,9.39,9.39,132900,0.0,1.0
2004-06-03,9.38,9.49,9.25,9.26,9.26,100500,0.0,1.0
2004-06-04,9.4,9.61,9.26,9.4,9.4,95800,0.0,1.0
2004-06-07,9.45,9.7,9.33,9.69,9.69,70900,0.0,1.0
2004-06-08,9.6,9.66,8.95,9.07,9.07,535000,0.0,1.0
2004-06-09,9.1,9.25,9.0,9.04,9.04,200400,0.0,1.0
2004-06-10,9.01,9.25,8.99,9.02,9.02,95900,0.0,1.0
2004-06-14,9.1,9.1,8.84,8.86,8.86,188200,0.0,1.0
2004-06-15,8.91,9.25,8.91,9.0,9.0,215100,0.0,1.0
2004-06-16,9.08,10.01,8.96,9.41,9.41,577700,0.0,1.0
2004-06-17,9.81,10.0,9.65,9.68,9.68,675500,0.0,1.0
2004-06-18,9.61,9.8,9.52,9.75,9.75,162500,0.0,1.0
2004-06-21,9.75,9.86,9.68,9.68,9.68,90000,0.0,1.0
2004-06-22,9.68,9.8,9.57,9.7,9.7,198600,0.0,1.0
2004-06-23,9.73,9.85,9.7,9.75,9.75,105300,0.0,1.0
2004-06-24,9.75,9.85,9.65,9.68,9.68,169600,0.0,1.0
2004-06-25,9.7,10.015,9.69,10.0,10.0,281300,0.0,1.0
2004-06-28,9.81,10.0,9.71,9.75,9.75,205100,0.0,1.0
2004-06-29,9.78,10.87,9.78,10.77,10.77,599400,0.0,1.0
2004-06-30,10.82,10.85,10.25,10.73,10.73,294000,0.0,1.0
2004-07-01,10.76,10.95,10.25,10.31,10.31,171900,0.0,1.0
2004-07-02,10.31,10.7,10.26,10.66,10.66,66100,0.0,1.0
2004-07-06,10.45,10.5,9.96,10.33,10.33,100200,0.0,1.0
2004-07-07,10.35,10.42,10.19,10.23,10.23,96700,0.0,1.0
2004-07-08,10.23,10.32,9.84,9.88,9.88,71200,0.0,1.0
2004-07-09,9.94,10.27,9.94,10.15,10.15,90100,0.0,1.0
2004-07-12,10.11,10.18,9.78,9.96,9.96,154400,0.0,1.0
2004-07-13,9.95,9.96,9.7,9.77,9.77,96600,0.0,1.0
2004-07-14,9.69,9.75,9.46,9.65,9.65,282100,0.0,1.0
2004-07-15,9.72,9.9,9.5,9.8,9.8,77400,0.0,1.0
2004-07-16,9.91,9.92,9.7,9.75,9.75,102100,0.0,1.0
2004-07-19,9.85,10.18,9.8,10.101,10.101,214000,0.0,1.0
2004-07-20,10.16,10.54,10.07,10.5,10.5,162300,0.0,1.0
2004-07-21,10.45,10.75,9.96,10.0,10.0,110400,0.0,1.0
2004-07-22,10.0,10.3,9.71,9.79,9.79,163900,0.0,1.0
2004-07-23,9.95,9.95,8.78,8.99,8.99,459800,0.0,1.0
2004-07-26,9.08,9.17,8.73,8.83,8.83,114000,0.0,1.0
2004-07-27,8.75,8.97,8.11,8.44,8.44,621400,0.0,1.0
2004-07-28,8.45,9.07,8.0,9.0,9.0,496700,0.0,1.0
2004-07-29,9.06,9.54,9.05,9.54,9.54,230500,0.0,1.0
2004-07-30,9.55,9.76,9.49,9.72,9.72,129400,0.0,1.0
2004-08-02,9.72,9.72,9.72,9.72,9.72,90400,0.0,1.0
2004-08-03,9.8,9.8,9.35,9.35,9.35,53400,0.0,1.0
2004-08-04,9.32,9.6,9.17,9.24,9.24,64000,0.0,1.0
2004-08-05,9.32,9.56,9.08,9.08,9.08,114600,0.0,1.0
2004-08-06,9.06,9.12,8.75,8.75,8.75,94200,0.0,1.0
2004-08-09,8.8,9.53,8.74,9.18,9.18,138700,0.0,1.0
2004-08-10,9.12,9.59,9.12,9.34,9.34,69100,0.0,1.0
2004-08-11,9.2,9.6,9.13,9.25,9.25,77700,0.0,1.0
2004-08-12,9.21,9.5,9.15,9.22,9.22,57000,0.0,1.0
2004-08-13,9.24,9.65,9.1,9.11,9.11,100000,0.0,1.0
2004-08-16,9.19,9.55,9.19,9.315,9.315,45600,0.0,1.0
2004-08-17,9.45,9.45,9.15,9.24,9.24,72800,0.0,1.0
2004-08-18,9.14,9.44,9.14,9.44,9.44,71700,0.0,1.0
2004-08-19,9.29,9.82,9.2,9.69,9.69,120200,0.0,1.0
2004-08-20,9.91,9.95,9.75,9.91,9.91,108000,0.0,1.0
2004-08-23,9.9,9.94,9.22,9.4,9.4,49900,0.0,1.0
2004-08-24,9.45,9.85,9.44,9.74,9.74,85100,0.0,1.0
2004-08-25,9.73,10.11,9.64,9.95,9.95,356600,0.0,1.0
2004-08-26,9.99,10.0,9.75,9.82,9.82,123400,0.0,1.0
2004-08-27,9.82,10.2,9.76,10.18,10.18,44300,0.0,1.0
2004-08-30,10.15,10.15,9.53,9.62,9.62,101300,0.0,1.0
2004-08-31,9.63,10.1,9.52,9.93,9.93,99900,0.0,1.0
2004-09-01,9.95,10.5,9.65,9.72,9.72,130700,0.0,1.0
2004-09-02,9.75,10.05,9.65,9.93,9.93,56300,0.0,1.0
2004-09-03,10.04,10.08,9.8,9.99,9.99,55900,0.0,1.0
2004-09-07,9.94,10.03,9.73,9.87,9.87,117100,0.0,1.0
2004-09-08,9.85,9.95,9.6,9.77,9.77,44900,0.0,1.0
2004-09-09,9.7,9.9,9.63,9.81,9.81,45900,0.0,1.0
2004-09-10,9.8,10.0,9.75,10.0,10.0,99900,0.0,1.0
2004-09-13,9.95,9.95,9.25,9.26,9.26,504000,0.0,1.0
2004-09-14,9.21,9.25,8.85,9.0,9.0,573500,0.0,1.0
2004-09-15,9.05,9.05,8.85,8.94,8.94,90800,0.0,1.0
2004-09-16,9.05,9.34,8.99,9.24,9.24,97600,0.0,1.0
2004-09-17,9.44,9.51,9.1,9.1,9.1,146100,0.0,1.0
2004-09-20,9.1,9.18,8.99,9.0,9.0,119100,0.0,1.0
2004-09-21,9.15,9.15,8.89,8.97,8.97,196400,0.0,1.0
2004-09-22,8.96,9.05,8.75,8.77,8.77,151500,0.0,1.0
2004-09-23,8.9,9.05,8.73,8.73,8.73,186000,0.0,1.0
2004-09-24,8.79,8.87,8.6,8.71,8.71,180200,0.0,1.0
2004-09-27,8.71,8.89,8.57,8.57,8.57,89400,0.0,1.0
2004-09-28,8.74,8.8,8.35,8.61,8.61,296000,0.0,1.0
2004-09-29,8.53,8.66,8.25,8.26,8.26,398700,0.0,1.0
2004-09-30,8.25,8.4,7.85,8.02,8.02,935700,0.0,1.0
2004-10-01,7.849,8.3,7.849,8.09,8.09,196000,0.0,1.0
2004-10-04,8.12,8.47,7.98,8.03,8.03,346600,0.0,1.0
2004-10-05,8.04,8.19,7.97,8.02,8.02,251600,0.0,1.0
2004-10-06,8.1,8.17,7.76,7.91,7.91,731900,0.0,1.0
2004-10-07,8.0,8.02,7.82,7.93,7.93,401900,0.0,1.0
2004-10-08,7.95,8.19,7.85,8.01,8.01,657900,0.0,1.0
2004-10-11,8.0,8.18,7.95,8.12,8.12,335700,0.0,1.0
2004-10-12,8.07,8.15,7.95,7.95,7.95,499800,0.0,1.0
2004-10-13,8.1,8.14,7.85,7.87,7.87,117900,0.0,1.0
2004-10-14,7.9,7.94,7.711,7.75,7.75,78900,0.0,1.0
2004-10-15,7.75,7.94,7.73,7.88,7.88,99600,0.0,1.0
2004-10-18,7.91,8.1,7.7,8.07,8.07,310600,0.0,1.0
2004-10-19,8.1,8.1,7.77,7.8,7.8,110800,0.0,1.0
2004-10-20,7.77,7.89,7.7,7.81,7.81,85000,0.0,1.0
2004-10-21,7.85,7.86,7.62,7.69,7.69,131000,0.0,1.0
2004-10-22,7.78,7.78,7.26,7.29,7.29,189400,0.0,1.0
2004-10-25,7.25,7.55,7.07,7.34,7.34,245300,0.0,1.0
2004-10-26,7.35,7.44,7.18,7.21,7.21,309600,0.0,1.0
2004-10-27,7.2,7.4,6.95,7.25,7.25,548400,0.0,1.0
2004-10-28,7.26,7.85,7.24,7.6,7.6,218700,0.0,1.0
2004-10-29,7.625,7.77,7.55,7.75,7.75,96700,0.0,1.0
2004-11-01,7.72,7.81,7.51,7.56,7.56,239600,0.0,1.0
2004-11-02,7.6,7.7,7.55,7.62,7.62,172600,0.0,1.0
2004-11-03,7.62,7.74,7.4,7.6,7.6,184300,0.0,1.0
2004-11-04,7.56,7.65,7.47,7.54,7.54,201600,0.0,1.0
2004-11-05,7.5,7.53,7.41,7.47,7.47,119100,0.0,1.0
2004-11-08,7.41,7.65,7.25,7.29,7.29,119800,0.0,1.0
2004-11-09,7.25,7.3,7.12,7.2,7.2,210500,0.0,1.0
2004-11-10,7.24,7.75,7.2,7.72,7.72,267400,0.0,1.0
2004-11-11,7.72,7.76,7.55,7.71,7.71,152300,0.0,1.0
2004-11-12,7.75,7.78,7.52,7.77,7.77,166300,0.0,1.0
2004-11-15,7.83,7.83,7.61,7.71,7.71,129000,0.0,1.0
2004-11-16,8.15,9.96,8.01,9.72,9.72,2307900,0.0,1.0
2004-11-17,9.65,9.67,8.8,9.01,9.01,1276700,0.0,1.0
2004-11-18,8.91,9.19,8.91,9.17,9.17,225200,0.0,1.0
2004-11-19,9.15,9.15,8.95,9.0,9.0,221300,0.0,1.0
2004-11-22,9.0,9.1,8.74,8.95,8.95,189400,0.0,1.0
2004-11-23,9.09,9.43,9.02,9.38,9.38,393700,0.0,1.0
2004-11-24,9.35,9.6,9.25,9.38,9.38,96400,0.0,1.0
2004-11-26,9.3,9.43,8.989,9.16,9.16,52500,0.0,1.0
2004-11-29,9.25,9.47,9.15,9.43,9.43,162600,0.0,1.0
2004-11-30,9.48,9.54,9.3,9.3,9.3,162400,0.0,1.0
2004-12-01,9.38,9.66,9.37,9.6,9.6,260800,0.0,1.0
2004-12-02,9.67,10.08,9.65,9.81,9.81,225400,0.0,1.0
2004-12-03,9.8,9.9,9.7,9.75,9.75,137700,0.0,1.0
2004-12-06,9.7,10.0,9.7,9.79,9.79,184200,0.0,1.0
2004-12-07,9.84,10.1,9.74,9.76,9.76,260200,0.0,1.0
2004-12-08,9.83,10.0,9.78,9.845,9.845,194100,0.0,1.0
2004-12-09,9.83,9.88,9.43,9.59,9.59,155600,0.0,1.0
2004-12-10,9.72,9.74,9.441,9.74,9.74,268800,0.0,1.0
2004-12-13,9.85,10.04,9.74,9.95,9.95,174000,0.0,1.0
2004-12-14,9.99,10.45,9.91,10.27,10.27,227500,0.0,1.0
2004-12-15,10.3,10.42,10.15,10.27,10.27,171400,0.0,1.0
2004-12-16,10.26,10.4,10.14,10.25,10.25,139900,0.0,1.0
2004-12-17,10.32,10.39,10.08,10.17,10.17,132300,0.0,1.0
2004-12-20,10.17,10.45,10.04,10.1,10.1,159600,0.0,1.0
2004-12-21,10.15,10.35,10.07,10.25,10.25,135100,0.0,1.0
2004-12-22,10.2,10.3,9.79,9.95,9.95,212100,0.0,1.0
2004-12-23,10.02,10.21,9.96,10.18,10.18,109100,0.0,1.0
2004-12-27,10.26,10.48,10.13,10.32,10.32,219300,0.0,1.0
2004-12-28,10.35,10.63,10.34,10.46,10.46,154200,0.0,1.0
2004-12-29,10.42,10.53,10.37,10.41,10.41,95500,0.0,1.0
2004-12-30,10.29,10.68,10.27,10.41,10.41,132900,0.0,1.0
2004-12-31,10.46,10.61,10.4,10.48,10.48,130500,0.0,1.0
2005-01-03,10.56,10.61,10.12,10.25,10.25,168900,0.0,1.0
2005-01-04,10.39,10.45,9.98,10.07,10.07,156900,0.0,1.0
2005-01-05,10.12,10.12,9.65,9.77,9.77,190000,0.0,1.0
2005-01-06,9.75,9.88,9.65,9.81,9.81,108100,0.0,1.0
2005-01-07,9.9,9.9,9.6,9.74,9.74,62600,0.0,1.0
2005-01-10,9.69,10.22,9.69,9.96,9.96,127200,0.0,1.0
2005-01-11,9.89,10.3,9.86,10.25,10.25,121300,0.0,1.0
2005-01-12,10.24,10.34,9.81,10.05,10.05,102100,0.0,1.0
2005-01-13,10.25,10.25,10.004,10.09,10.09,102900,0.0,1.0
2005-01-14,10.12,10.25,10.05,10.095,10.095,67600,0.0,1.0
2005-01-18,10.12,10.4,9.85,10.24,10.24,131400,0.0,1.0
2005-01-19,10.23,10.4,10.1,10.18,10.18,152800,0.0,1.0
2005-01-20,10.11,10.31,10.0,10.06,10.06,59400,0.0,1.0
2005-01-21,10.11,10.15,9.92,10.05,10.05,82400,0.0,1.0
2005-01-24,10.1,10.28,10.05,10.06,10.06,134100,0.0,1.0
2005-01-25,10.13,10.28,10.06,10.14,10.14,71800,0.0,1.0
2005-01-26,10.27,10.38,10.18,10.35,10.35,118700,0.0,1.0
2005-01-27,10.39,10.4,10.2,10.32,10.32,92900,0.0,1.0
2005-01-28,10.25,10.25,10.049,10.2,10.2,53200,0.0,1.0
2005-01-31,9.99,10.3,9.99,10.285,10.285,128200,0.0,1.0
2005-02-01,10.33,11.13,10.25,11.13,11.13,319000,0.0,1.0
2005-02-02,11.12,11.15,10.75,10.91,10.91,208700,0.0,1.0
2005-02-03,10.91,11.07,10.91,10.98,10.98,132600,0.0,1.0
2005-02-04,10.92,11.35,10.85,11.19,11.19,236700,0.0,1.0
2005-02-07,11.19,11.23,10.98,11.166,11.166,98100,0.0,1.0
2005-02-08,11.06,11.17,10.92,11.03,11.03,89500,0.0,1.0
2005-02-09,10.95,11.01,10.55,10.7,10.7,123500,0.0,1.0
2005-02-10,10.7,10.72,10.25,10.41,10.41,154100,0.0,1.0
2005-02-11,10.4,10.53,10.25,10.46,10.46,99800,0.0,1.0
2005-02-14,10.48,10.85,10.35,10.68,10.68,151600,0.0,1.0
2005-02-15,10.8,10.89,10.4,10.51,10.51,141000,0.0,1.0
2005-02-16,10.5,10.94,10.5,10.8,10.8,115700,0.0,1.0
2005-02-17,10.7,10.83,10.0,10.0,10.0,208800,0.0,1.0
2005-02-18,9.91,10.52,9.81,10.04,10.04,577500,0.0,1.0
2005-02-22,10.0,10.8,10.0,10.19,10.19,267100,0.0,1.0
2005-02-23,10.31,10.59,10.17,10.55,10.55,148400,0.0,1.0
2005-02-24,10.43,10.92,10.35,10.84,10.84,149900,0.0,1.0
2005-02-25,10.74,10.84,10.74,10.82,10.82,31800,0.0,1.0
2005-02-28,10.78,10.8,10.5,10.74,10.74,73800,0.0,1.0
2005-03-01,10.67,11.5,10.67,11.45,11.45,233400,0.0,1.0
2005-03-02,11.31,11.724,11.0,11.09,11.09,310400,0.0,1.0
2005-03-03,11.17,11.57,11.01,11.39,11.39,240000,0.0,1.0
2005-03-04,11.55,11.57,11.14,11.26,11.26,168800,0.0,1.0
2005-03-07,11.26,11.34,11.17,11.2,11.2,110900,0.0,1.0
2005-03-08,11.05,11.24,11.05,11.08,11.08,79800,0.0,1.0
2005-03-09,11.04,11.07,10.95,11.05,11.05,158000,0.0,1.0
2005-03-10,11.07,11.07,10.84,11.02,11.02,91800,0.0,1.0
2005-03-11,11.0,11.37,10.91,11.0,11.0,101400,0.0,1.0
2005-03-14,10.94,11.0,10.75,10.95,10.95,63100,0.0,1.0
2005-03-15,11.05,11.07,10.66,10.83,10.83,58300,0.0,1.0
2005-03-16,10.71,11.0,10.7,10.75,10.75,140800,0.0,1.0
2005-03-17,10.67,10.89,10.53,10.61,10.61,89300,0.0,1.0
2005-03-18,10.69,10.8,10.21,10.55,10.55,226100,0.0,1.0
2005-03-21,10.61,10.83,10.45,10.58,10.58,90800,0.0,1.0
2005-03-22,10.49,10.75,10.46,10.53,10.53,154700,0.0,1.0
2005-03-23,10.48,10.5,10.14,10.18,10.18,154900,0.0,1.0
2005-03-24,10.25,10.68,10.1,10.14,10.14,145900,0.0,1.0
2005-03-28,10.22,10.28,10.1,10.18,10.18,141200,0.0,1.0
2005-03-29,10.19,10.28,9.97,10.01,10.01,68900,0.0,1.0
2005-03-30,10.09,10.37,10.05,10.36,10.36,60900,0.0,1.0
2005-03-31,10.32,10.37,10.05,10.31,10.31,64600,0.0,1.0
2005-04-01,10.28,10.62,10.21,10.22,10.22,60600,0.0,1.0
2005-04-04,10.27,10.34,10.05,10.29,10.29,112000,0.0,1.0
2005-04-05,10.36,10.38,10.02,10.05,10.05,33200,0.0,1.0
2005-04-06,10.01,10.55,10.01,10.43,10.43,84800,0.0,1.0
2005-04-07,10.45,10.45,10.27,10.385,10.385,47600,0.0,1.0
2005-04-08,10.38,10.38,10.05,10.12,10.12,58900,0.0,1.0
2005-04-11,10.09,10.23,10.0,10.0,10.0,56000,0.0,1.0
2005-04-12,10.0,10.1,9.85,9.97,9.97,126000,0.0,1.0
2005-04-13,9.92,10.2,9.9,9.99,9.99,87600,0.0,1.0
2005-04-14,9.93,10.02,9.84,9.84,9.84,42900,0.0,1.0
2005-04-15,9.84,9.95,9.71,9.71,9.71,32500,0.0,1.0
2005-04-18,9.8,10.11,9.77,9.9,9.9,66800,0.0,1.0
2005-04-19,10.01,10.14,9.6,9.67,9.67,91900,0.0,1.0
2005-04-20,9.68,9.73,9.33,9.33,9.33,114300,0.0,1.0
2005-04-21,9.43,9.57,9.38,9.45,9.45,70000,0.0,1.0
2005-04-22,9.39,9.52,9.35,9.38,9.38,100800,0.0,1.0
2005-04-25,9.37,9.75,9.29,9.36,9.36,124100,0.0,1.0
2005-04-26,9.37,9.49,9.13,9.15,9.15,120600,0.0,1.0
2005-04-27,9.09,9.2,9.09,9.17,9.17,362800,0.0,1.0
2005-04-28,9.09,9.14,8.88,8.88,8.88,176800,0.0,1.0
2005-04-29,9.12,9.28,8.96,9.19,9.19,118100,0.0,1.0
2005-05-02,9.28,9.29,9.05,9.23,9.23,48700,0.0,1.0
2005-05-03,9.25,9.25,8.98,9.0,9.0,68000,0.0,1.0
2005-05-04,9.06,9.391,9.01,9.36,9.36,83800,0.0,1.0
2005-05-05,9.3,9.3,9.01,9.14,9.14,51700,0.0,1.0
2005-05-06,9.23,9.23,9.05,9.09,9.09,43000,0.0,1.0
2005-05-09,9.02,9.15,8.93,9.0,9.0,166400,0.0,1.0
2005-05-10,5.92,6.4,5.6,6.22,6.22,3634700,0.0,1.0
2005-05-11,6.26,6.75,6.11,6.65,6.65,852000,0.0,1.0
2005-05-12,6.7,7.09,6.52,7.0,7.0,643600,0.0,1.0
2005-05-13,7.0,7.23,6.9,6.96,6.96,507800,0.0,1.0
2005-05-16,6.96,7.39,6.96,7.29,7.29,246300,0.0,1.0
2005-05-17,7.35,7.42,7.31,7.39,7.39,140900,0.0,1.0
2005-05-18,7.46,7.62,7.254,7.43,7.43,224400,0.0,1.0
2005-05-19,7.47,7.75,7.45,7.52,7.52,337900,0.0,1.0
2005-05-20,7.51,7.65,7.25,7.6,7.6,132200,0.0,1.0
2005-05-23,7.68,7.68,7.12,7.2,7.2,162800,0.0,1.0
2005-05-24,7.1,7.3,7.054,7.21,7.21,116800,0.0,1.0
2005-05-25,7.26,7.28,7.15,7.16,7.16,125600,0.0,1.0
2005-05-26,7.18,7.78,7.18,7.44,7.44,225100,0.0,1.0
2005-05-27,7.37,7.42,7.17,7.17,7.17,78600,0.0,1.0
2005-05-31,7.17,7.51,6.73,6.73,6.73,303900,0.0,1.0
2005-06-01,6.7,7.19,6.68,6.78,6.78,187300,0.0,1.0
2005-06-02,6.65,7.2,6.65,6.86,6.86,99000,0.0,1.0
2005-06-03,6.85,7.09,6.59,6.65,6.65,104800,0.0,1.0
2005-06-06,6.66,6.66,6.32,6.33,6.33,140100,0.0,1.0
2005-06-07,6.3,6.39,6.07,6.15,6.15,337600,0.0,1.0
2005-06-08,6.14,6.59,6.05,6.44,6.44,313700,0.0,1.0
2005-06-09,6.36,6.67,6.06,6.29,6.29,268800,0.0,1.0
2005-06-10,6.27,6.36,6.22,6.22,6.22,102000,0.0,1.0
2005-06-13,6.18,6.29,6.04,6.08,6.08,187600,0.0,1.0
2005-06-14,6.04,6.34,6.04,6.25,6.25,193000,0.0,1.0
2005-06-15,6.26,7.23,6.22,7.05,7.05,678600,0.0,1.0
2005-06-16,7.04,7.129,6.97,7.06,7.06,143600,0.0,1.0
2005-06-17,7.11,7.15,6.89,6.97,6.97,189500,0.0,1.0
2005-06-20,6.94,7.15,6.75,6.96,6.96,92400,0.0,1.0
2005-06-21,6.99,6.99,6.68,6.79,6.79,182300,0.0,1.0
2005-06-22,6.79,6.87,6.43,6.63,6.63,117200,0.0,1.0
2005-06-23,6.61,6.85,6.55,6.61,6.61,146300,0.0,1.0
2005-06-24,6.55,6.81,6.55,6.58,6.58,1070800,0.0,1.0
2005-06-27,6.58,6.59,6.12,6.18,6.18,231800,0.0,1.0
2005-06-28,6.2,6.41,6.1,6.11,6.11,132900,0.0,1.0
2005-06-29,6.18,6.28,6.12,6.25,6.25,85200,0.0,1.0
2005-06-30,6.19,6.35,6.09,6.26,6.26,137400,0.0,1.0
2005-07-01,6.33,6.42,6.32,6.36,6.36,74500,0.0,1.0
2005-07-05,6.45,6.63,6.35,6.6,6.6,131800,0.0,1.0
2005-07-06,6.59,6.64,6.5,6.57,6.57,102000,0.0,1.0
2005-07-07,6.62,6.72,6.55,6.7,6.7,64500,0.0,1.0
2005-07-08,6.69,7.24,6.64,7.15,7.15,267900,0.0,1.0
2005-07-11,7.15,7.47,7.11,7.43,7.43,116300,0.0,1.0
2005-07-12,7.4,7.44,7.08,7.25,7.25,346400,0.0,1.0
2005-07-13,7.2,7.32,7.2,7.27,7.27,131500,0.0,1.0
2005-07-14,7.35,7.35,7.09,7.1,7.1,169800,0.0,1.0
2005-07-15,7.11,7.2,7.1,7.11,7.11,101300,0.0,1.0
2005-07-18,7.06,7.1,6.71,6.75,6.75,181800,0.0,1.0
2005-07-19,6.76,6.9,6.68,6.84,6.84,161900,0.0,1.0
2005-07-20,6.82,7.45,6.82,7.37,7.37,134600,0.0,1.0
2005-07-21,7.43,7.43,7.18,7.3,7.3,123700,0.0,1.0
2005-07-22,7.3,7.45,7.3,7.35,7.35,80500,0.0,1.0
2005-07-25,7.36,7.87,7.35,7.76,7.76,114400,0.0,1.0
2005-07-26,7.74,7.8399,7.7,7.7,7.7,71400,0.0,1.0
2005-07-27,7.735,7.75,6.99,7.13,7.13,196800,0.0,1.0
2005-07-28,7.33,7.52,7.19,7.31,7.31,150400,0.0,1.0
2005-07-29,7.36,7.63,7.25,7.62,7.62,181800,0.0,1.0
2005-08-01,7.63,7.65,7.1,7.2,7.2,119000,0.0,1.0
2005-08-02,7.25,7.78,7.25,7.59,7.59,132100,0.0,1.0
2005-08-03,7.59,7.73,7.25,7.43,7.43,151200,0.0,1.0
2005-08-04,7.5,8.24,7.12,7.81,7.81,410300,0.0,1.0
2005-08-05,7.65,7.84,7.41,7.43,7.43,189000,0.0,1.0
2005-08-08,7.39,7.63,7.39,7.42,7.42,184400,0.0,1.0
2005-08-09,7.54,7.699,7.4,7.69,7.69,86500,0.0,1.0
2005-08-10,7.7,7.75,7.65,7.73,7.73,68200,0.0,1.0
2005-08-11,8.0,9.2,7.74,9.09,9.09,1369600,0.0,1.0
2005-08-12,8.95,9.34,8.94,9.03,9.03,707100,0.0,1.0
2005-08-15,9.05,9.08,8.91,9.0,9.0,135400,0.0,1.0
2005-08-16,8.9,9.21,8.9,9.1,9.1,112600,0.0,1.0
2005-08-17,9.1,9.54,9.05,9.37,9.37,531100,0.0,1.0
2005-08-18,9.51,9.65,9.4,9.56,9.56,424800,0.0,1.0
2005-08-19,9.56,9.65,9.2,9.55,9.55,232100,0.0,1.0
2005-08-22,9.6,9.6,9.35,9.52,9.52,151900,0.0,1.0
2005-08-23,9.5,9.5,9.36,9.43,9.43,83300,0.0,1.0
2005-08-24,9.44,9.55,9.433,9.55,9.55,77600,0.0,1.0
2005-08-25,9.3,9.55,9.11,9.51,9.51,347400,0.0,1.0
2005-08-26,9.44,9.58,9.44,9.5,9.5,108100,0.0,1.0
2005-08-29,9.46,9.55,9.28,9.32,9.32,215000,0.0,1.0
2005-08-30,9.31,9.4,9.19,9.24,9.24,175500,0.0,1.0
2005-08-31,9.22,9.39,9.18,9.25,9.25,82800,0.0,1.0
2005-09-01,9.32,9.44,9.18,9.44,9.44,73100,0.0,1.0
2005-09-02,9.45,9.45,9.2,9.28,9.28,54200,0.0,1.0
2005-09-06,9.3,9.31,9.16,9.17,9.17,63600,0.0,1.0
2005-09-07,9.15,9.48,9.15,9.41,9.41,167400,0.0,1.0
2005-09-08,9.3,9.42,9.2,9.28,9.28,87400,0.0,1.0
2005-09-09,9.35,9.5,9.25,9.42,9.42,94700,0.0,1.0
2005-09-12,9.38,9.5,9.21,9.22,9.22,156900,0.0,1.0
2005-09-13,9.22,9.26,8.99,9.07,9.07,80400,0.0,1.0
2005-09-14,9.08,9.19,8.87,8.93,8.93,49300,0.0,1.0
2005-09-15,8.92,8.9399,8.78,8.82,8.82,33200,0.0,1.0
2005-09-16,8.79,8.93,8.56,8.7,8.7,27400,0.0,1.0
2005-09-19,8.68,8.9,8.65,8.75,8.75,65400,0.0,1.0
2005-09-20,8.77,8.83,8.31,8.46,8.46,79700,0.0,1.0
2005-09-21,8.33,8.37,8.18,8.25,8.25,70400,0.0,1.0
2005-09-22,8.25,8.52,8.25,8.5,8.5,50400,0.0,1.0
2005-09-23,8.4,8.57,8.29,8.5,8.5,41600,0.0,1.0
2005-09-26,8.53,8.73,8.53,8.71,8.71,72900,0.0,1.0
2005-09-27,8.64,8.64,8.28,8.3,8.3,88200,0.0,1.0
2005-09-28,8.4,8.56,7.97,8.3,8.3,129500,0.0,1.0
2005-09-29,8.26,8.43,8.15,8.2,8.2,139700,0.0,1.0
2005-09-30,8.16,8.29,8.01,8.17,8.17,126500,0.0,1.0
2005-10-03,8.11,8.24,8.08,8.12,8.12,72300,0.0,1.0
2005-10-04,8.12,8.17,7.98,8.0,8.0,81000,0.0,1.0
2005-10-05,8.0,8.11,7.99,8.1,8.1,117700,0.0,1.0
2005-10-06,8.06,8.06,7.91,7.94,7.94,108300,0.0,1.0
2005-10-07,7.9,7.94,7.25,7.36,7.36,528000,0.0,1.0
2005-10-10,7.48,7.63,7.36,7.61,7.61,171400,0.0,1.0
2005-10-11,7.62,7.65,7.19,7.2,7.2,130900,0.0,1.0
2005-10-12,7.25,7.25,6.99,7.06,7.06,82800,0.0,1.0
2005-10-13,7.08,7.26,6.97,7.22,7.22,22100,0.0,1.0
2005-10-14,6.9,7.38,6.75,7.33,7.33,126700,0.0,1.0
2005-10-17,7.23,7.33,7.15,7.15,7.15,55100,0.0,1.0
2005-10-18,7.16,7.45,7.16,7.43,7.43,58100,0.0,1.0
2005-10-19,7.39,7.39,7.22,7.3,7.3,55400,0.0,1.0
2005-10-20,7.26,7.4,7.23,7.26,7.26,110500,0.0,1.0
2005-10-21,7.29,7.29,6.82,7.09,7.09,115500,0.0,1.0
2005-10-24,7.12,7.61,7.09,7.52,7.52,74600,0.0,1.0
2005-10-25,7.55,7.62,7.25,7.32,7.32,88400,0.0,1.0
2005-10-26,7.34,7.5,7.3,7.37,7.37,137600,0.0,1.0
2005-10-27,7.33,7.44,7.25,7.25,7.25,49800,0.0,1.0
2005-10-28,7.28,7.38,7.28,7.35,7.35,40700,0.0,1.0
2005-10-31,7.36,7.4,7.2,7.23,7.23,94500,0.0,1.0
2005-11-01,7.2,7.39,7.2,7.27,7.27,142000,0.0,1.0
2005-11-02,7.23,7.3,6.96,7.0,7.0,92600,0.0,1.0
2005-11-03,7.1,7.151,6.97,7.0,7.0,103800,0.0,1.0
2005-11-04,6.98,7.02,6.5,6.605,6.605,164700,0.0,1.0
2005-11-07,6.62,6.96,6.6,6.88,6.88,60500,0.0,1.0
2005-11-08,6.96,7.14,6.91,7.1,7.1,65400,0.0,1.0
2005-11-09,7.0,7.27,7.0,7.25,7.25,103400,0.0,1.0
2005-11-10,7.21,7.71,7.16,7.47,7.47,495700,0.0,1.0
2005-11-11,7.5,7.67,7.49,7.65,7.65,182700,0.0,1.0
2005-11-14,7.54,7.61,7.5,7.54,7.54,45900,0.0,1.0
2005-11-15,7.54,7.84,7.5,7.74,7.74,326700,0.0,1.0
2005-11-16,7.85,7.94,7.35,7.86,7.86,333400,0.0,1.0
2005-11-17,7.9,7.94,7.81,7.94,7.94,77100,0.0,1.0
2005-11-18,7.95,8.17,7.91,8.17,8.17,55300,0.0,1.0
2005-11-21,8.21,8.25,8.06,8.25,8.25,121400,0.0,1.0
2005-11-22,8.25,8.3,8.12,8.25,8.25,85400,0.0,1.0
2005-11-23,8.23,8.38,8.23,8.29,8.29,90300,0.0,1.0
2005-11-25,8.19,8.48,8.19,8.4,8.4,42000,0.0,1.0
2005-11-28,8.48,8.48,7.93,8.0,8.0,94400,0.0,1.0
2005-11-29,8.02,8.04,7.91,7.96,7.96,28900,0.0,1.0
2005-11-30,7.92,8.26,7.92,8.21,8.21,38000,0.0,1.0
2005-12-01,8.23,8.29,8.19,8.2,8.2,47500,0.0,1.0
2005-12-02,8.19,8.22,8.17,8.21,8.21,17600,0.0,1.0
2005-12-05,8.11,8.11,7.92,8.03,8.03,90600,0.0,1.0
2005-12-06,8.07,8.07,7.89,7.94,7.94,147800,0.0,1.0
2005-12-07,7.87,7.87,7.68,7.72,7.72,128500,0.0,1.0
2005-12-08,7.65,7.87,7.55,7.63,7.63,143000,0.0,1.0
2005-12-09,7.66,7.88,7.53,7.81,7.81,83200,0.0,1.0
2005-12-12,7.75,7.95,7.75,7.9,7.9,64900,0.0,1.0
2005-12-13,7.87,7.99,7.83,7.88,7.88,20800,0.0,1.0
2005-12-14,7.9,7.9,7.65,7.755,7.755,43900,0.0,1.0
2005-12-15,7.74,7.87,7.6,7.64,7.64,47600,0.0,1.0
2005-12-16,7.6,7.74,7.51,7.54,7.54,32300,0.0,1.0
2005-12-19,7.5,7.81,7.3901,7.64,7.64,87600,0.0,1.0
2005-12-20,7.71,7.88,7.51,7.61,7.61,72800,0.0,1.0
2005-12-21,7.65,7.65,7.13,7.15,7.15,162500,0.0,1.0
2005-12-22,7.13,7.23,6.92,6.95,6.95,189600,0.0,1.0
2005-12-23,6.95,7.05,6.9,7.01,7.01,140200,0.0,1.0
2005-12-27,7.0,7.19,6.98,7.13,7.13,60300,0.0,1.0
2005-12-28,7.12,7.64,7.05,7.59,7.59,118200,0.0,1.0
2005-12-29,7.65,7.666,7.4,7.4,7.4,80400,0.0,1.0
2005-12-30,7.3,7.35,7.12,7.15,7.15,95600,0.0,1.0
2006-01-03,7.15,7.31,7.15,7.25,7.25,44000,0.0,1.0
2006-01-04,7.2,7.28,7.12,7.19,7.19,101900,0.0,1.0
2006-01-05,7.12,7.18,7.07,7.15,7.15,27100,0.0,1.0
2006-01-06,7.15,7.42,7.15,7.31,7.31,150800,0.0,1.0
2006-01-09,7.3,7.35,7.26,7.31,7.31,110100,0.0,1.0
2006-01-10,7.33,7.49,7.26,7.46,7.46,105300,0.0,1.0
2006-01-11,7.51,7.62,7.37,7.6,7.6,81700,0.0,1.0
2006-01-12,7.49,7.81,7.4,7.7,7.7,66400,0.0,1.0
2006-01-13,7.69,7.69,7.56,7.67,7.67,26900,0.0,1.0
2006-01-17,7.52,7.69,7.43,7.66,7.66,60100,0.0,1.0
2006-01-18,7.49,7.69,7.49,7.61,7.61,38300,0.0,1.0
2006-01-19,7.66,7.66,7.48,7.5,7.5,31400,0.0,1.0
2006-01-20,7.54,8.0,7.54,7.98,7.98,301500,0.0,1.0
2006-01-23,7.99,8.25,7.98,8.13,8.13,217000,0.0,1.0
2006-01-24,8.1,8.13,8.06,8.1,8.1,34600,0.0,1.0
2006-01-25,8.06,8.13,7.75,7.85,7.85,77800,0.0,1.0
2006-01-26,7.85,7.9705,7.82,7.9,7.9,70800,0.0,1.0
2006-01-27,7.91,8.0,7.9,7.93,7.93,31800,0.0,1.0
2006-01-30,7.9,7.95,7.578,7.86,7.86,103800,0.0,1.0
2006-01-31,7.82,8.09,7.82,7.9,7.9,97200,0.0,1.0
2006-02-01,7.93,7.95,7.8,7.83,7.83,54800,0.0,1.0
2006-02-02,7.9,8.09,7.8,7.82,7.82,31200,0.0,1.0
2006-02-03,7.86,7.99,7.8,7.82,7.82,211700,0.0,1.0
2006-02-06,7.87,7.94,7.76,7.78,7.78,43800,0.0,1.0
2006-02-07,7.79,7.8,7.59,7.65,7.65,68000,0.0,1.0
2006-02-08,7.69,7.83,7.57,7.75,7.75,63200,0.0,1.0
2006-02-09,7.48,7.72,7.26,7.51,7.51,595500,0.0,1.0
2006-02-10,7.55,7.9,7.55,7.77,7.77,173400,0.0,1.0
2006-02-13,7.72,7.95,7.72,7.81,7.81,122900,0.0,1.0
2006-02-14,7.75,7.76,7.35,7.68,7.68,91300,0.0,1.0
2006-02-15,7.61,7.7,7.55,7.69,7.69,22300,0.0,1.0
2006-02-16,7.67,8.01,7.6,7.94,7.94,361400,0.0,1.0
2006-02-17,7.94,8.22,7.84,8.0,8.0,143500,0.0,1.0
2006-02-21,8.05,8.05,7.76,7.76,7.76,38500,0.0,1.0
2006-02-22,7.75,7.76,7.63,7.72,7.72,34200,0.0,1.0
2006-02-23,7.75,7.75,7.3,7.4,7.4,57300,0.0,1.0
2006-02-24,7.36,7.47,7.27,7.47,7.47,25900,0.0,1.0
2006-02-27,7.44,7.57,7.42,7.49,7.49,21900,0.0,1.0
2006-02-28,7.45,7.47,7.34,7.35,7.35,41300,0.0,1.0
2006-03-01,7.35,7.54,7.35,7.51,7.51,34400,0.0,1.0
2006-03-02,7.55,7.63,7.5,7.56,7.56,29900,0.0,1.0
2006-03-03,7.58,7.62,7.4,7.55,7.55,118100,0.0,1.0
2006-03-06,7.51,7.56,7.31,7.33,7.33,27300,0.0,1.0
2006-03-07,7.33,7.4,7.25,7.28,7.28,54800,0.0,1.0
2006-03-08,7.3,7.3,7.0,7.13,7.13,43000,0.0,1.0
2006-03-09,7.09,7.23,7.07,7.19,7.19,43200,0.0,1.0
2006-03-10,7.111,7.22,6.94,7.03,7.03,70100,0.0,1.0
2006-03-13,7.06,7.12,7.03,7.06,7.06,20200,0.0,1.0
2006-03-14,7.06,7.21,7.05,7.18,7.18,21000,0.0,1.0
2006-03-15,7.14,7.199,7.06,7.08,7.08,34500,0.0,1.0
2006-03-16,7.05,7.1244,6.89,7.01,7.01,87400,0.0,1.0
2006-03-17,6.99,7.02,6.86,6.99,6.99,166400,0.0,1.0
2006-03-20,7.0,7.51,6.99,7.39,7.39,154400,0.0,1.0
2006-03-21,7.43,7.47,7.28,7.37,7.37,57200,0.0,1.0
2006-03-22,7.3,7.64,7.29,7.37,7.37,56300,0.0,1.0
2006-03-23,7.33,7.65,7.33,7.46,7.46,62700,0.0,1.0
2006-03-24,7.48,7.5,7.23,7.25,7.25,60500,0.0,1.0
2006-03-27,7.27,7.45,7.16,7.44,7.44,157500,0.0,1.0
2006-03-28,7.46,8.14,7.45,7.86,7.86,313300,0.0,1.0
2006-03-29,7.88,8.17,7.84,7.86,7.86,197400,0.0,1.0
2006-03-30,7.969,7.98,7.84,7.9,7.9,134200,0.0,1.0
2006-03-31,7.83,7.95,7.74,7.81,7.81,227400,0.0,1.0
2006-04-03,7.89,7.89,7.73,7.77,7.77,111600,0.0,1.0
2006-04-04,7.75,8.0,7.71,7.94,7.94,84100,0.0,1.0
2006-04-05,7.96,8.0,7.83,8.0,8.0,112400,0.0,1.0
2006-04-06,7.999,8.237,7.98,8.15,8.15,241200,0.0,1.0
2006-04-07,8.14,8.22,7.94,8.03,8.03,202700,0.0,1.0
2006-04-10,8.05,8.15,8.006,8.05,8.05,160100,0.0,1.0
2006-04-11,8.159,8.22,8.0,8.12,8.12,106900,0.0,1.0
2006-04-12,8.0,8.099,7.76,7.76,7.76,145500,0.0,1.0
2006-04-13,7.78,7.91,7.78,7.9,7.9,118800,0.0,1.0
2006-04-17,7.88,7.9,7.78,7.78,7.78,64600,0.0,1.0
2006-04-18,7.77,7.84,7.66,7.67,7.67,92400,0.0,1.0
2006-04-19,7.66,7.9,7.47,7.58,7.58,241400,0.0,1.0
2006-04-20,7.6,7.69,7.52,7.53,7.53,107500,0.0,1.0
2006-04-21,7.57,7.68,7.45,7.48,7.48,130600,0.0,1.0
2006-04-24,7.46,7.51,7.36,7.37,7.37,82100,0.0,1.0
2006-04-25,7.35,7.55,7.32,7.45,7.45,86300,0.0,1.0
2006-04-26,7.47,7.56,7.42,7.43,7.43,76600,0.0,1.0
2006-04-27,7.43,7.46,7.31,7.32,7.32,103500,0.0,1.0
2006-04-28,7.31,7.77,7.17,7.63,7.63,206900,0.0,1.0
2006-05-01,7.71,7.88,7.65,7.72,7.72,148200,0.0,1.0
2006-05-02,7.7,7.85,7.56,7.6,7.6,191500,0.0,1.0
2006-05-03,7.6,7.6,7.49,7.55,7.55,78800,0.0,1.0
2006-05-04,7.52,7.75,7.49,7.59,7.59,89800,0.0,1.0
2006-05-05,7.57,7.57,7.36,7.41,7.41,98200,0.0,1.0
2006-05-08,7.41,7.46,7.3,7.34,7.34,101700,0.0,1.0
2006-05-09,7.27,7.27,6.9,7.05,7.05,138200,0.0,1.0
2006-05-10,7.0,7.1,6.95,7.04,7.04,64300,0.0,1.0
2006-05-11,7.0,7.19,6.95,7.0,7.0,163600,0.0,1.0
2006-05-12,7.0,7.26,6.9,7.16,7.16,111700,0.0,1.0
2006-05-15,7.18,7.2,6.81,6.83,6.83,80600,0.0,1.0
2006-05-16,6.8,6.875,6.65,6.72,6.72,82500,0.0,1.0
2006-05-17,6.7,6.95,6.65,6.75,6.75,135900,0.0,1.0
2006-05-18,6.75,7.3,6.75,7.06,7.06,123000,0.0,1.0
2006-05-19,7.1,7.25,6.97,7.19,7.19,58000,0.0,1.0
2006-05-22,7.21,7.34,7.08,7.28,7.28,83700,0.0,1.0
2006-05-23,7.26,7.42,7.22,7.24,7.24,96000,0.0,1.0
2006-05-24,7.26,7.26,7.06,7.18,7.18,231000,0.0,1.0
2006-05-25,7.136,7.2,7.08,7.14,7.14,51500,0.0,1.0
2006-05-26,7.09,7.18,7.05,7.1,7.1,136600,0.0,1.0
2006-05-30,7.13,7.24,7.0101,7.24,7.24,96100,0.0,1.0
2006-05-31,7.21,7.21,6.98,7.09,7.09,94400,0.0,1.0
2006-06-01,7.14,7.14,6.95,7.0,7.0,125000,0.0,1.0
2006-06-02,6.95,7.12,6.94,7.0,7.0,39600,0.0,1.0
2006-06-05,6.93,7.05,6.87,7.05,7.05,80600,0.0,1.0
2006-06-06,7.02,7.02,6.8,6.82,6.82,97600,0.0,1.0
2006-06-07,6.85,6.91,6.8,6.85,6.85,27400,0.0,1.0
2006-06-08,6.88,6.88,6.69,6.83,6.83,44500,0.0,1.0
2006-06-09,6.78,6.84,6.78,6.84,6.84,30200,0.0,1.0
2006-06-12,6.86,6.96,6.76,6.84,6.84,37500,0.0,1.0
2006-06-13,6.87,6.87,6.66,6.8,6.8,37200,0.0,1.0
2006-06-14,6.83,6.89,6.76,6.77,6.77,71100,0.0,1.0
2006-06-15,6.81,7.03,6.8,6.93,6.93,105100,0.0,1.0
2006-06-16,6.911,6.99,6.87,6.9,6.9,70400,0.0,1.0
2006-06-19,6.87,7.0,6.64,6.77,6.77,63800,0.0,1.0
2006-06-20,6.73,6.74,6.68,6.68,6.68,21800,0.0,1.0
2006-06-21,6.65,6.97,6.65,6.9,6.9,193600,0.0,1.0
2006-06-22,6.85,6.94,6.81,6.93,6.93,79900,0.0,1.0
2006-06-23,6.96,6.96,6.71,6.73,6.73,137600,0.0,1.0
2006-06-26,6.81,6.81,6.69,6.75,6.75,37600,0.0,1.0
2006-06-27,6.7,6.71,6.51,6.51,6.51,34100,0.0,1.0
2006-06-28,6.5,6.52,6.1,6.2,6.2,102900,0.0,1.0
2006-06-29,6.17,6.46,6.16,6.24,6.24,115700,0.0,1.0
2006-06-30,6.19,6.45,6.18,6.4,6.4,58700,0.0,1.0
2006-07-03,6.37,6.4,6.27,6.3,6.3,10100,0.0,1.0
2006-07-05,6.31,6.42,6.23,6.25,6.25,103000,0.0,1.0
2006-07-06,6.25,6.31,5.96,5.96,5.96,244500,0.0,1.0
2006-07-07,5.95,6.039,5.84,5.84,5.84,90200,0.0,1.0
2006-07-10,5.83,5.89,5.81,5.84,5.84,173200,0.0,1.0
2006-07-11,5.85,6.02,5.81,5.95,5.95,57600,0.0,1.0
2006-07-12,5.92,6.09,5.88,5.98,5.98,191500,0.0,1.0
2006-07-13,5.98,6.01,5.95,5.99,5.99,36600,0.0,1.0
2006-07-14,5.96,6.0,5.91,5.95,5.95,52000,0.0,1.0
2006-07-17,6.0,6.0,5.843,5.8701,5.8701,82800,0.0,1.0
2006-07-18,5.92,6.02,5.85,6.0,6.0,27300,0.0,1.0
2006-07-19,5.97,6.1,5.95,6.03,6.03,203900,0.0,1.0
2006-07-20,6.03,6.07,5.71,5.75,5.75,190000,0.0,1.0
2006-07-21,5.78,5.79,5.66,5.74,5.74,113400,0.0,1.0
2006-07-24,5.71,5.89,5.7,5.79,5.79,44300,0.0,1.0
2006-07-25,5.6999,5.96,5.66,5.82,5.82,131700,0.0,1.0
2006-07-26,5.86,5.87,5.76,5.82,5.82,56900,0.0,1.0
2006-07-27,5.79,5.85,5.74,5.78,5.78,13900,0.0,1.0
2006-07-28,5.75,5.86,5.71,5.78,5.78,49100,0.0,1.0
2006-07-31,5.78,5.9,5.78,5.84,5.84,146700,0.0,1.0
2006-08-01,5.8,5.87,5.76,5.83,5.83,120800,0.0,1.0
2006-08-02,5.85,5.85,5.5,5.69,5.69,91000,0.0,1.0
2006-08-03,5.65,5.88,5.64,5.76,5.76,47600,0.0,1.0
2006-08-04,5.71,5.879,5.71,5.81,5.81,16900,0.0,1.0
2006-08-07,5.85,5.89,5.75,5.86,5.86,44800,0.0,1.0
2006-08-08,5.7,5.78,5.36,5.38,5.38,169700,0.0,1.0
2006-08-09,5.38,5.5,5.18,5.19,5.19,94000,0.0,1.0
2006-08-10,5.22,5.33,5.21,5.25,5.25,90300,0.0,1.0
2006-08-11,5.22,5.26,5.21,5.25,5.25,48500,0.0,1.0
2006-08-14,5.16,5.24,4.96,5.0,5.0,184100,0.0,1.0
2006-08-15,4.98,5.18,4.87,5.18,5.18,211800,0.0,1.0
2006-08-16,5.21,5.25,4.95,4.95,4.95,105400,0.0,1.0
2006-08-17,4.91,5.181,4.89,5.08,5.08,50500,0.0,1.0
2006-08-18,5.12,5.13,4.97,5.09,5.09,72400,0.0,1.0
2006-08-21,5.05,5.17,5.05,5.13,5.13,51800,0.0,1.0
2006-08-22,5.16,5.2,5.05,5.14,5.14,228300,0.0,1.0
2006-08-23,5.14,5.18,5.1,5.17,5.17,52900,0.0,1.0
2006-08-24,5.21,5.31,5.1,5.3,5.3,117800,0.0,1.0
2006-08-25,5.25,5.25,5.13,5.13,5.13,35400,0.0,1.0
2006-08-28,5.13,5.18,5.03,5.03,5.03,35700,0.0,1.0
2006-08-29,5.01,5.15,5.0,5.0,5.0,66800,0.0,1.0
2006-08-30,5.0,5.51,5.0,5.32,5.32,1238400,0.0,1.0
2006-08-31,5.32,5.44,5.2032,5.38,5.38,85400,0.0,1.0
2006-09-01,5.44,5.44,5.23,5.32,5.32,41900,0.0,1.0
2006-09-05,5.36,5.44,5.31,5.4,5.4,35400,0.0,1.0
2006-09-06,5.42,5.44,5.34,5.42,5.42,122000,0.0,1.0
2006-09-07,5.44,5.53,5.3401,5.48,5.48,81900,0.0,1.0
2006-09-08,5.46,5.73,5.46,5.7,5.7,43900,0.0,1.0
2006-09-11,5.72,6.0,5.69,5.85,5.85,54000,0.0,1.0
2006-09-12,5.82,5.9,5.76,5.77,5.77,25400,0.0,1.0
2006-09-13,5.79,6.43,5.79,6.25,6.25,135600,0.0,1.0
2006-09-14,6.27,6.5,6.2516,6.43,6.43,97300,0.0,1.0
2006-09-15,6.48,6.55,6.27,6.41,6.41,114300,0.0,1.0
2006-09-18,6.41,6.69,6.29,6.59,6.59,189000,0.0,1.0
2006-09-19,6.61,6.69,6.5,6.66,6.66,39900,0.0,1.0
2006-09-20,6.73,6.76,6.58,6.68,6.68,115200,0.0,1.0
2006-09-21,6.75,6.94,6.71,6.9,6.9,125100,0.0,1.0
2006-09-22,6.92,6.94,6.65,6.86,6.86,191900,0.0,1.0
2006-09-25,6.97,7.05,6.71,6.91,6.91,177000,0.0,1.0
2006-09-26,6.94,6.94,6.58,6.85,6.85,45700,0.0,1.0
2006-09-27,6.87,7.0,6.66,6.94,6.94,51500,0.0,1.0
2006-09-28,7.04,7.11,6.9401,7.0,7.0,213400,0.0,1.0
2006-09-29,6.99,7.18,6.955,7.02,7.02,419200,0.0,1.0
2006-10-02,7.02,7.05,6.86,6.91,6.91,103800,0.0,1.0
2006-10-03,6.93,6.93,6.87,6.9,6.9,42800,0.0,1.0
2006-10-04,6.86,7.02,6.6,6.6,6.6,75200,0.0,1.0
2006-10-05,6.63,6.8,6.58,6.69,6.69,62300,0.0,1.0
2006-10-06,6.65,6.68,6.35,6.4,6.4,57000,0.0,1.0
2006-10-09,6.35,6.49,6.2,6.35,6.35,55300,0.0,1.0
2006-10-10,6.33,6.52,6.33,6.5,6.5,48900,0.0,1.0
2006-10-11,6.44,6.48,6.27,6.29,6.29,28300,0.0,1.0
2006-10-12,6.27,6.38,6.11,6.29,6.29,409500,0.0,1.0
2006-10-13,6.29,6.4,6.25,6.28,6.28,155300,0.0,1.0
2006-10-16,6.34,6.34,6.26,6.34,6.34,44200,0.0,1.0
2006-10-17,6.349,6.35,6.28,6.3,6.3,20800,0.0,1.0
2006-10-18,6.29,6.39,6.26,6.38,6.38,25700,0.0,1.0
2006-10-19,6.35,6.56,6.35,6.53,6.53,56500,0.0,1.0
2006-10-20,6.5,6.52,6.43,6.43,6.43,21000,0.0,1.0
2006-10-23,6.43,6.52,6.21,6.33,6.33,45800,0.0,1.0
2006-10-24,6.34,6.45,6.25,6.32,6.32,33700,0.0,1.0
2006-10-25,6.29,6.39,6.2766,6.29,6.29,29600,0.0,1.0
2006-10-26,6.29,6.39,6.25,6.35,6.35,22100,0.0,1.0
2006-10-27,6.33,6.44,6.27,6.3,6.3,27200,0.0,1.0
2006-10-30,6.31,6.57,6.29,6.44,6.44,568100,0.0,1.0
2006-10-31,6.46,6.46,6.29,6.37,6.37,18000,0.0,1.0
2006-11-01,6.3,6.41,6.3,6.32,6.32,21500,0.0,1.0
2006-11-02,6.33,6.35,6.21,6.3,6.3,26100,0.0,1.0
2006-11-03,6.3,6.53,6.29,6.49,6.49,396300,0.0,1.0
2006-11-06,6.55,6.87,6.51,6.86,6.86,76000,0.0,1.0
2006-11-07,6.88,7.19,6.68,6.95,6.95,101000,0.0,1.0
2006-11-08,6.91,7.08,6.7,6.9,6.9,41200,0.0,1.0
2006-11-09,6.88,7.03,5.68,6.75,6.75,92000,0.0,1.0
2006-11-10,6.8899,7.04,6.67,6.85,6.85,38300,0.0,1.0
2006-11-13,6.85,6.9,6.82,6.86,6.86,19900,0.0,1.0
2006-11-14,6.89,6.93,6.59,6.67,6.67,33800,0.0,1.0
2006-11-15,6.64,6.68,6.41,6.48,6.48,44700,0.0,1.0
2006-11-16,6.44,6.54,6.36,6.5,6.5,40200,0.0,1.0
2006-11-17,6.42,6.42,6.1,6.17,6.17,48800,0.0,1.0
2006-11-20,6.17,6.24,6.0,6.18,6.18,45900,0.0,1.0
2006-11-21,6.12,6.25,5.87,6.02,6.02,97800,0.0,1.0
2006-11-22,5.99,6.19,5.97,6.04,6.04,81600,0.0,1.0
2006-11-24,5.99,6.02,5.95,5.98,5.98,20500,0.0,1.0
2006-11-27,6.0,6.04,5.85,5.92,5.92,44600,0.0,1.0
2006-11-28,5.88,6.09,5.88,5.99,5.99,64000,0.0,1.0
2006-11-29,6.08,6.08,5.95,6.0,6.0,27600,0.0,1.0
2006-11-30,6.03,6.1,5.9,5.97,5.97,36400,0.0,1.0
2006-12-01,6.02,6.09,5.98,6.05,6.05,43700,0.0,1.0
2006-12-04,6.01,6.27,6.01,6.27,6.27,35900,0.0,1.0
2006-12-05,6.23,6.44,6.22,6.25,6.25,30100,0.0,1.0
2006-12-06,6.21,6.33,6.18,6.22,6.22,27000,0.0,1.0
2006-12-07,6.2501,6.2501,6.03,6.04,6.04,38600,0.0,1.0
2006-12-08,6.03,6.25,6.01,6.01,6.01,28900,0.0,1.0
2006-12-11,6.02,6.04,5.87,6.0,6.0,89000,0.0,1.0
2006-12-12,5.97,6.0,5.961,5.97,5.97,26500,0.0,1.0
2006-12-13,6.01,6.05,5.99,6.0,6.0,44500,0.0,1.0
2006-12-14,5.98,6.05,5.9,5.97,5.97,47000,0.0,1.0
2006-12-15,5.93,5.95,5.9,5.9,5.9,25100,0.0,1.0
2006-12-18,5.96,5.96,5.9,5.94,5.94,14000,0.0,1.0
2006-12-19,6.0,6.03,5.92,5.94,5.94,68800,0.0,1.0
2006-12-20,5.92,6.01,5.74,5.77,5.77,70000,0.0,1.0
2006-12-21,5.82,5.95,5.78,5.85,5.85,120400,0.0,1.0
2006-12-22,5.8,5.99,5.8,5.91,5.91,68700,0.0,1.0
2006-12-26,5.82,5.95,5.59,5.6,5.6,79800,0.0,1.0
2006-12-27,5.63,5.8,5.63,5.74,5.74,93800,0.0,1.0
2006-12-28,5.71,5.85,5.71,5.75,5.75,66000,0.0,1.0
2006-12-29,5.75,5.91,5.75,5.86,5.86,85100,0.0,1.0
2007-01-03,5.99,6.0,5.37,5.46,5.46,129600,0.0,1.0
2007-01-04,5.5,5.58,5.48,5.56,5.56,96300,0.0,1.0
2007-01-05,5.6,5.65,5.42,5.59,5.59,136100,0.0,1.0
2007-01-08,5.6,5.65,5.57,5.57,5.57,39900,0.0,1.0
2007-01-09,5.62,5.62,5.4,5.45,5.45,52700,0.0,1.0
2007-01-10,5.5,5.51,5.26,5.31,5.31,92600,0.0,1.0
2007-01-11,5.3,5.44,5.26,5.37,5.37,80700,0.0,1.0
2007-01-12,5.4,5.4,5.33,5.33,5.33,68600,0.0,1.0
2007-01-16,5.39,5.409,5.25,5.29,5.29,92400,0.0,1.0
2007-01-17,5.31,5.42,5.31,5.41,5.41,93600,0.0,1.0
2007-01-18,5.4,5.42,5.29,5.3,5.3,44400,0.0,1.0
2007-01-19,5.4,5.4,5.19,5.2,5.2,110600,0.0,1.0
2007-01-22,5.25,5.31,5.22,5.22,5.22,42800,0.0,1.0
2007-01-23,5.27,5.31,5.12,5.18,5.18,94500,0.0,1.0
2007-01-24,5.2,5.2,5.12,5.15,5.15,41200,0.0,1.0
2007-01-25,5.15,5.1756,5.14,5.16,5.16,31600,0.0,1.0
2007-01-26,5.2,5.28,5.18,5.2,5.2,86700,0.0,1.0
2007-01-29,5.23,5.38,5.15,5.2,5.2,76700,0.0,1.0
2007-01-30,5.2,5.65,5.19,5.61,5.61,117200,0.0,1.0
2007-01-31,5.64,5.76,5.57,5.75,5.75,129800,0.0,1.0
2007-02-01,5.74,6.0,5.7,5.9,5.9,87300,0.0,1.0
2007-02-02,5.98,6.33,5.9,6.3,6.3,233800,0.0,1.0
2007-02-05,6.26,6.46,6.1,6.46,6.46,193500,0.0,1.0
2007-02-06,6.24,6.45,5.92,5.96,5.96,282300,0.0,1.0
2007-02-07,6.08,6.82,5.8,6.59,6.59,297500,0.0,1.0
2007-02-08,6.5,7.0,6.37,6.95,6.95,266400,0.0,1.0
2007-02-09,6.85,7.1,6.72,7.04,7.04,205300,0.0,1.0
2007-02-12,6.95,7.71,6.94,7.46,7.46,264600,0.0,1.0
2007-02-13,7.48,7.48,7.23,7.28,7.28,118800,0.0,1.0
2007-02-14,7.25,7.51,7.19,7.42,7.42,137900,0.0,1.0
2007-02-15,7.4799,7.48,7.24,7.24,7.24,99200,0.0,1.0
2007-02-16,7.24,7.44,7.24,7.41,7.41,24500,0.0,1.0
2007-02-20,7.45,7.45,7.15,7.15,7.15,70200,0.0,1.0
2007-02-21,7.17,7.38,7.17,7.32,7.32,71100,0.0,1.0
2007-02-22,7.36,7.4,7.28,7.34,7.34,25600,0.0,1.0
2007-02-23,7.41,7.41,7.16,7.309,7.309,23300,0.0,1.0
2007-02-26,7.31,7.31,7.08,7.17,7.17,57100,0.0,1.0
2007-02-27,7.16,7.42,7.01,7.19,7.19,71200,0.0,1.0
2007-02-28,7.22,7.25,7.0,7.07,7.07,49100,0.0,1.0
2007-03-01,7.02,7.35,6.96,7.26,7.26,49500,0.0,1.0
2007-03-02,7.22,7.39,7.16,7.25,7.25,65800,0.0,1.0
2007-03-05,7.24,7.49,7.08,7.45,7.45,64000,0.0,1.0
2007-03-06,7.48,7.649,7.42,7.61,7.61,122300,0.0,1.0
2007-03-07,7.55,7.74,7.55,7.62,7.62,75100,0.0,1.0
2007-03-08,7.7,7.84,7.67,7.73,7.73,65500,0.0,1.0
2007-03-09,7.73,7.73,7.59,7.65,7.65,33300,0.0,1.0
2007-03-12,7.65,7.87,7.6,7.8,7.8,155100,0.0,1.0
2007-03-13,7.8,7.89,7.55,7.62,7.62,138700,0.0,1.0
2007-03-14,7.7,7.8,7.5,7.58,7.58,104700,0.0,1.0
2007-03-15,7.58,7.65,7.39,7.4,7.4,126800,0.0,1.0
2007-03-16,7.38,7.53,7.38,7.5,7.5,90200,0.0,1.0
2007-03-19,7.48,7.78,7.48,7.76,7.76,41900,0.0,1.0
2007-03-20,7.73,7.73,7.54,7.7,7.7,96300,0.0,1.0
2007-03-21,7.74,7.78,7.6,7.66,7.66,53500,0.0,1.0
2007-03-22,7.66,7.86,7.65,7.71,7.71,132900,0.0,1.0
2007-03-23,7.74,7.83,7.64,7.72,7.72,28000,0.0,1.0
2007-03-26,7.73,7.74,7.23,7.27,7.27,96100,0.0,1.0
2007-03-27,7.22,7.44,7.22,7.43,7.43,62300,0.0,1.0
2007-03-28,7.44,7.44,7.15,7.19,7.19,25700,0.0,1.0
2007-03-29,7.19,7.29,7.12,7.21,7.21,71100,0.0,1.0
2007-03-30,7.19,7.25,7.17,7.25,7.25,27400,0.0,1.0
2007-04-02,7.2,7.389,7.1301,7.24,7.24,31200,0.0,1.0
2007-04-03,7.12,7.31,7.12,7.31,7.31,19600,0.0,1.0
2007-04-04,7.41,7.85,7.41,7.69,7.69,62400,0.0,1.0
2007-04-05,7.74,7.8999,7.74,7.78,7.78,108300,0.0,1.0
2007-04-09,7.82,7.93,7.812,7.88,7.88,71700,0.0,1.0
2007-04-10,7.9,7.95,7.81,7.92,7.92,64000,0.0,1.0
2007-04-11,7.94,7.95,7.835,7.95,7.95,78800,0.0,1.0
2007-04-12,7.95,8.0,7.77,8.0,8.0,130400,0.0,1.0
2007-04-13,8.03,8.1,7.98,8.06,8.06,59700,0.0,1.0
2007-04-16,8.01,8.12,8.01,8.12,8.12,54300,0.0,1.0
2007-04-17,8.09,8.18,8.01,8.18,8.18,107400,0.0,1.0
2007-04-18,8.18,8.18,8.0,8.1,8.1,56700,0.0,1.0
2007-04-19,8.05,8.24,8.05,8.22,8.22,99400,0.0,1.0
2007-04-20,8.19,8.37,8.07,8.32,8.32,107800,0.0,1.0
2007-04-23,8.32,8.4,8.15,8.38,8.38,136600,0.0,1.0
2007-04-24,8.4,8.45,8.08,8.45,8.45,102600,0.0,1.0
2007-04-25,8.39,8.47,8.35,8.36,8.36,143100,0.0,1.0
2007-04-26,8.41,8.5,8.35,8.48,8.48,44500,0.0,1.0
2007-04-27,8.5,8.64,8.42,8.58,8.58,136300,0.0,1.0
2007-04-30,8.63,8.63,8.23,8.47,8.47,77400,0.0,1.0
2007-05-01,8.44,8.53,8.32,8.4,8.4,490400,0.0,1.0
2007-05-02,8.4,8.49,8.3,8.3,8.3,51700,0.0,1.0
2007-05-03,8.34,8.4,8.05,8.1,8.1,76000,0.0,1.0
2007-05-04,8.09,8.25,8.0,8.24,8.24,330100,0.0,1.0
2007-05-07,8.19,8.26,7.93,8.19,8.19,134500,0.0,1.0
2007-05-08,8.19,8.75,8.16,8.75,8.75,200100,0.0,1.0
2007-05-09,8.7,9.16,8.56,9.07,9.07,291900,0.0,1.0
2007-05-10,8.9,9.45,8.9,9.28,9.28,503800,0.0,1.0
2007-05-11,9.26,9.37,8.97,9.17,9.17,241700,0.0,1.0
2007-05-14,9.22,9.57,9.19,9.57,9.57,252200,0.0,1.0
2007-05-15,9.71,9.84,9.62,9.81,9.81,182900,0.0,1.0
2007-05-16,10.09,10.21,9.82,10.0,10.0,305900,0.0,1.0
2007-05-17,10.0,10.94,9.99,10.75,10.75,465200,0.0,1.0
2007-05-18,10.85,10.9,10.47,10.51,10.51,237800,0.0,1.0
2007-05-21,10.57,10.72,10.38,10.5,10.5,227600,0.0,1.0
2007-05-22,10.5,10.62,10.391,10.43,10.43,215600,0.0,1.0
2007-05-23,10.41,10.68,10.41,10.44,10.44,146400,0.0,1.0
2007-05-24,10.4,10.52,10.05,10.231,10.231,94300,0.0,1.0
2007-05-25,10.21,10.44,10.15,10.35,10.35,55800,0.0,1.0
2007-05-29,10.28,10.52,10.28,10.4,10.4,90000,0.0,1.0
2007-05-30,10.3,10.3,10.17,10.27,10.27,80300,0.0,1.0
2007-05-31,10.26,10.3,10.0,10.05,10.05,155600,0.0,1.0
2007-06-01,10.01,10.21,9.85,10.01,10.01,139800,0.0,1.0
2007-06-04,10.08,10.55,10.01,10.5,10.5,654200,0.0,1.0
2007-06-05,10.51,10.64,10.24,10.5,10.5,383800,0.0,1.0
2007-06-06,10.42,10.5,10.25,10.47,10.47,250500,0.0,1.0
2007-06-07,10.4,10.9,10.4,10.84,10.84,307500,0.0,1.0
2007-06-08,10.85,11.25,10.85,11.0,11.0,195800,0.0,1.0
2007-06-11,10.96,11.28,10.9,11.11,11.11,219900,0.0,1.0
2007-06-12,11.2,11.23,11.1,11.15,11.15,246900,0.0,1.0
2007-06-13,11.1,11.3,11.1,11.22,11.22,128900,0.0,1.0
2007-06-14,11.26,11.5,11.25,11.34,11.34,181800,0.0,1.0
2007-06-15,11.42,11.58,11.36,11.55,11.55,364700,0.0,1.0
2007-06-18,11.56,11.94,11.48,11.77,11.77,338400,0.0,1.0
2007-06-19,11.8,11.8,11.59,11.61,11.61,180700,0.0,1.0
2007-06-20,11.64,11.69,11.5,11.5,11.5,165600,0.0,1.0
2007-06-21,11.53,11.53,10.91,10.95,10.95,167700,0.0,1.0
2007-06-22,10.93,11.3,10.51,10.81,10.81,2505800,0.0,1.0
2007-06-25,10.81,10.86,10.44,10.62,10.62,339900,0.0,1.0
2007-06-26,10.66,11.23,10.45,11.09,11.09,231600,0.0,1.0
2007-06-27,10.96,11.402,10.83,11.38,11.38,120100,0.0,1.0
2007-06-28,11.41,11.76,11.39,11.56,11.56,191100,0.0,1.0
2007-06-29,11.53,11.67,11.2,11.25,11.25,144200,0.0,1.0
2007-07-02,11.28,11.67,11.27,11.5,11.5,309400,0.0,1.0
2007-07-03,11.63,11.83,11.34,11.8,11.8,146000,0.0,1.0
2007-07-05,11.84,11.86,11.5,11.86,11.86,87600,0.0,1.0
2007-07-06,11.75,11.91,11.65,11.89,11.89,136400,0.0,1.0
2007-07-09,11.95,11.95,11.78,11.9,11.9,197300,0.0,1.0
2007-07-10,11.96,11.99,11.77,11.84,11.84,159600,0.0,1.0
2007-07-11,11.8,11.91,11.5,11.67,11.67,75700,0.0,1.0
2007-07-12,11.71,11.89,11.48,11.89,11.89,164600,0.0,1.0
2007-07-13,11.89,11.89,11.61,11.75,11.75,53000,0.0,1.0
2007-07-16,11.82,11.96,11.56,11.61,11.61,71400,0.0,1.0
2007-07-17,11.61,11.63,11.38,11.42,11.42,114500,0.0,1.0
2007-07-18,11.45,11.66,11.34,11.65,11.65,143100,0.0,1.0
2007-07-19,11.75,11.78,11.43,11.51,11.51,74900,0.0,1.0
2007-07-20,11.48,11.66,10.82,11.02,11.02,145800,0.0,1.0
2007-07-23,10.97,11.46,10.97,11.15,11.15,86600,0.0,1.0
2007-07-24,11.07,11.35,10.55,10.59,10.59,155200,0.0,1.0
2007-07-25,10.56,10.85,10.16,10.61,10.61,202700,0.0,1.0
2007-07-26,10.52,10.52,10.07,10.28,10.28,198700,0.0,1.0
2007-07-27,10.2,10.416,10.0,10.08,10.08,126000,0.0,1.0
2007-07-30,10.03,10.06,9.26,9.87,9.87,244400,0.0,1.0
2007-07-31,9.98,11.02,9.97,10.72,10.72,400800,0.0,1.0
2007-08-01,10.77,11.48,10.55,11.0,11.0,297900,0.0,1.0
2007-08-02,11.0,11.26,10.77,11.26,11.26,195400,0.0,1.0
2007-08-03,11.27,11.27,10.43,10.47,10.47,139300,0.0,1.0
2007-08-06,10.5,10.5,9.642,9.92,9.92,318600,0.0,1.0
2007-08-07,9.89,10.0,9.654,9.74,9.74,170000,0.0,1.0
2007-08-08,9.77,9.95,9.26,9.41,9.41,1382300,0.0,1.0
2007-08-09,9.39,9.58,9.05,9.5,9.5,561700,0.0,1.0
2007-08-10,9.46,11.45,9.42,11.41,11.41,506900,0.0,1.0
2007-08-13,11.44,11.85,10.97,10.98,10.98,242200,0.0,1.0
2007-08-14,11.12,11.36,10.72,10.75,10.75,92800,0.0,1.0
2007-08-15,10.72,11.38,10.69,10.7,10.7,107500,0.0,1.0
2007-08-16,10.75,11.25,10.6,11.23,11.23,192400,0.0,1.0
2007-08-17,11.62,11.71,10.69,11.63,11.63,278300,0.0,1.0
2007-08-20,11.65,11.65,10.08,10.48,10.48,256500,0.0,1.0
2007-08-21,10.43,11.4,10.35,11.24,11.24,173700,0.0,1.0
2007-08-22,11.28,11.58,10.8,11.0,11.0,217000,0.0,1.0
2007-08-23,11.05,11.24,10.85,11.06,11.06,114400,0.0,1.0
2007-08-24,11.02,11.25,10.85,11.18,11.18,132700,0.0,1.0
2007-08-27,11.15,11.25,10.89,11.03,11.03,86200,0.0,1.0
2007-08-28,11.0,11.03,10.49,10.61,10.61,105000,0.0,1.0
2007-08-29,10.64,11.12,10.35,11.09,11.09,116900,0.0,1.0
2007-08-30,11.05,11.2,10.8,11.02,11.02,84200,0.0,1.0
2007-08-31,11.08,11.2,10.66,10.83,10.83,95500,0.0,1.0
2007-09-04,10.83,10.94,10.74,10.84,10.84,74700,0.0,1.0
2007-09-05,10.83,10.95,10.76,10.91,10.91,153000,0.0,1.0
2007-09-06,10.9,10.98,10.58,10.7,10.7,112000,0.0,1.0
2007-09-07,10.63,10.65,10.29,10.38,10.38,64400,0.0,1.0
2007-09-10,10.41,10.59,10.021,10.13,10.13,64300,0.0,1.0
2007-09-11,10.16,10.69,9.91,10.64,10.64,91300,0.0,1.0
2007-09-12,10.61,10.9,10.61,10.7,10.7,70800,0.0,1.0
2007-09-13,10.71,10.78,10.19,10.75,10.75,90200,0.0,1.0
2007-09-14,10.7,10.9,10.49,10.87,10.87,117700,0.0,1.0
2007-09-17,10.86,10.87,10.2,10.22,10.22,66100,0.0,1.0
2007-09-18,10.25,11.07,10.2,11.0,11.0,199400,0.0,1.0
2007-09-19,11.1,11.1,10.77,10.99,10.99,176600,0.0,1.0
2007-09-20,11.0,11.04,10.69,10.97,10.97,56800,0.0,1.0
2007-09-21,10.99,11.0,10.53,10.56,10.56,197400,0.0,1.0
2007-09-24,10.6,10.68,10.26,10.55,10.55,199700,0.0,1.0
2007-09-25,10.45,10.66,10.12,10.52,10.52,70400,0.0,1.0
2007-09-26,10.62,11.03,10.53,10.88,10.88,97000,0.0,1.0
2007-09-27,10.92,11.03,10.75,10.88,10.88,47400,0.0,1.0
2007-09-28,10.84,10.86,10.61,10.72,10.72,79600,0.0,1.0
2007-10-01,10.61,11.07,10.61,11.03,11.03,181200,0.0,1.0
2007-10-02,11.07,11.21,10.87,11.15,11.15,147800,0.0,1.0
2007-10-03,11.04,11.09,10.8,10.84,10.84,69100,0.0,1.0
2007-10-04,10.86,11.03,10.79,10.98,10.98,42600,0.0,1.0
2007-10-05,11.13,11.29,10.94,11.11,11.11,343400,0.0,1.0
2007-10-08,11.11,11.19,10.85,11.0,11.0,71700,0.0,1.0
2007-10-09,10.92,11.35,10.92,11.3,11.3,177900,0.0,1.0
2007-10-10,11.33,11.4,11.15,11.4,11.4,74100,0.0,1.0
2007-10-11,11.4,11.4,11.11,11.24,11.24,72500,0.0,1.0
2007-10-12,11.23,11.4,11.01,11.35,11.35,67200,0.0,1.0
2007-10-15,11.31,11.31,10.46,10.51,10.51,261900,0.0,1.0
2007-10-16,10.51,10.98,10.5,10.78,10.78,110400,0.0,1.0
2007-10-17,10.95,11.0,10.67,10.78,10.78,81600,0.0,1.0
2007-10-18,10.76,10.98,10.65,10.9,10.9,36700,0.0,1.0
2007-10-19,10.9,10.9,10.27,10.31,10.31,106300,0.0,1.0
2007-10-22,10.24,10.66,10.0301,10.63,10.63,72300,0.0,1.0
2007-10-23,10.8,10.96,10.33,10.53,10.53,173900,0.0,1.0
2007-10-24,10.43,10.72,10.09,10.62,10.62,114200,0.0,1.0
2007-10-25,10.65,10.94,10.53,10.9,10.9,101300,0.0,1.0
2007-10-26,10.99,11.15,10.83,10.9,10.9,219200,0.0,1.0
2007-10-29,10.99,11.0,10.79,10.91,10.91,85300,0.0,1.0
2007-10-30,10.84,11.0,10.64,10.66,10.66,89200,0.0,1.0
2007-10-31,10.69,10.74,10.18,10.61,10.61,201100,0.0,1.0
2007-11-01,10.42,10.8,10.05,10.2,10.2,236600,0.0,1.0
2007-11-02,10.37,10.6,10.15,10.6,10.6,171500,0.0,1.0
2007-11-05,10.49,10.66,10.25,10.51,10.51,149500,0.0,1.0
2007-11-06,10.51,10.75,10.07,10.72,10.72,111900,0.0,1.0
2007-11-07,10.61,10.73,10.0,10.3,10.3,210600,0.0,1.0
2007-11-08,10.39,10.57,9.84,10.56,10.56,133500,0.0,1.0
2007-11-09,10.44,10.7,10.38,10.69,10.69,94200,0.0,1.0
2007-11-12,10.65,10.93,10.48,10.54,10.54,71100,0.0,1.0
2007-11-13,10.45,10.5,9.06,10.0,10.0,830500,0.0,1.0
2007-11-14,10.05,10.15,9.81,10.0,10.0,317900,0.0,1.0
2007-11-15,9.97,10.1,9.35,9.4,9.4,292900,0.0,1.0
2007-11-16,9.36,9.67,9.36,9.58,9.58,279800,0.0,1.0
2007-11-19,9.5,9.5,8.76,8.94,8.94,404500,0.0,1.0
2007-11-20,8.96,8.96,8.59,8.71,8.71,240800,0.0,1.0
2007-11-21,8.71,8.72,8.41,8.52,8.52,210700,0.0,1.0
2007-11-23,8.58,8.96,8.46,8.82,8.82,61600,0.0,1.0
2007-11-26,8.81,8.81,8.23,8.6,8.6,200000,0.0,1.0
2007-11-27,8.61,8.61,8.39,8.44,8.44,134600,0.0,1.0
2007-11-28,8.55,8.87,8.52,8.84,8.84,159700,0.0,1.0
2007-11-29,8.84,8.91,8.73,8.79,8.79,88200,0.0,1.0
2007-11-30,8.96,9.1,8.63,8.88,8.88,127500,0.0,1.0
2007-12-03,8.9,9.01,8.67,8.82,8.82,137400,0.0,1.0
2007-12-04,8.75,8.81,8.48,8.55,8.55,118900,0.0,1.0
2007-12-05,8.72,8.72,8.45,8.51,8.51,69300,0.0,1.0
2007-12-06,8.5,8.85,8.45,8.85,8.85,149000,0.0,1.0
2007-12-07,8.89,9.21,8.76,9.21,9.21,435900,0.0,1.0
2007-12-10,9.26,9.7,9.12,9.31,9.31,228700,0.0,1.0
2007-12-11,9.38,9.46,8.98,9.0,9.0,287500,0.0,1.0
2007-12-12,9.18,9.34,8.75,8.97,8.97,259700,0.0,1.0
2007-12-13,8.86,9.04,8.73,9.0,9.0,200000,0.0,1.0
2007-12-14,8.76,9.14,8.72,8.77,8.77,187200,0.0,1.0
2007-12-17,8.7,8.82,8.55,8.56,8.56,132300,0.0,1.0
2007-12-18,8.68,8.68,8.25,8.55,8.55,230600,0.0,1.0
2007-12-19,8.5,8.65,8.49,8.6,8.6,312300,0.0,1.0
2007-12-20,8.73,8.73,8.44,8.71,8.71,249200,0.0,1.0
2007-12-21,8.9,8.9,8.5,8.75,8.75,470200,0.0,1.0
2007-12-24,8.78,8.85,8.57,8.76,8.76,148600,0.0,1.0
2007-12-26,8.68,9.33,8.68,9.06,9.06,175300,0.0,1.0
2007-12-27,9.06,9.21,8.81,8.81,8.81,169200,0.0,1.0
2007-12-28,8.94,9.2,8.65,8.79,8.79,64300,0.0,1.0
2007-12-31,8.7,9.05,8.44,8.68,8.68,204500,0.0,1.0
2008-01-02,8.7,9.03,8.6,8.72,8.72,179900,0.0,1.0
2008-01-03,8.76,8.89,8.61,8.65,8.65,87200,0.0,1.0
2008-01-04,8.52,8.89,8.31,8.38,8.38,179600,0.0,1.0
2008-01-07,8.45,8.86,8.45,8.57,8.57,151500,0.0,1.0
2008-01-08,8.66,8.75,8.27,8.37,8.37,169700,0.0,1.0
2008-01-09,8.32,8.51,8.05,8.45,8.45,118000,0.0,1.0
2008-01-10,8.34,8.44,8.12,8.36,8.36,77500,0.0,1.0
2008-01-11,8.26,8.48,8.11,8.13,8.13,95300,0.0,1.0
2008-01-14,8.2,8.38,7.84,7.86,7.86,110500,0.0,1.0
2008-01-15,7.76,7.98,7.76,7.85,7.85,215300,0.0,1.0
2008-01-16,7.84,8.08,7.71,7.98,7.98,199600,0.0,1.0
2008-01-17,8.02,8.13,7.9,8.1,8.1,125200,0.0,1.0
2008-01-18,8.02,8.45,7.6,7.68,7.68,360500,0.0,1.0
2008-01-22,7.5,7.89,7.3,7.51,7.51,290400,0.0,1.0
2008-01-23,7.35,7.71,7.07,7.64,7.64,220400,0.0,1.0
2008-01-24,7.7,7.71,7.02,7.4,7.4,304700,0.0,1.0
2008-01-25,7.52,7.57,7.21,7.47,7.47,1415900,0.0,1.0
2008-01-28,7.44,7.5,7.25,7.45,7.45,333200,0.0,1.0
2008-01-29,7.55,7.89,7.41,7.81,7.81,347000,0.0,1.0
2008-01-30,7.74,7.88,7.71,7.81,7.81,268300,0.0,1.0
2008-01-31,7.7,8.06,7.66,8.0,8.0,325600,0.0,1.0
2008-02-01,8.02,8.59,8.02,8.56,8.56,217400,0.0,1.0
2008-02-04,8.63,8.9,8.63,8.89,8.89,177300,0.0,1.0
2008-02-05,8.93,8.93,8.6,8.68,8.68,186500,0.0,1.0
2008-02-06,8.77,8.77,8.28,8.67,8.67,457500,0.0,1.0
2008-02-07,8.49,8.71,8.13,8.7,8.7,458900,0.0,1.0
2008-02-08,8.57,8.73,8.51,8.73,8.73,287000,0.0,1.0
2008-02-11,8.72,8.83,8.46,8.62,8.62,583600,0.0,1.0
2008-02-12,8.71,8.8,8.5,8.78,8.78,190700,0.0,1.0
2008-02-13,8.83,8.93,8.66,8.76,8.76,186600,0.0,1.0
2008-02-14,8.77,8.79,8.51,8.68,8.68,199100,0.0,1.0
2008-02-15,8.61,8.71,8.39,8.61,8.61,161100,0.0,1.0
2008-02-19,8.71,8.75,8.48,8.51,8.51,143600,0.0,1.0
2008-02-20,8.43,8.66,8.43,8.66,8.66,145400,0.0,1.0
2008-02-21,8.67,8.74,8.02,8.05,8.05,227600,0.0,1.0
2008-02-22,8.08,8.17,7.81,7.94,7.94,176000,0.0,1.0
2008-02-25,7.96,8.23,7.8,7.95,7.95,161000,0.0,1.0
2008-02-26,7.86,8.25,7.85,8.18,8.18,214500,0.0,1.0
2008-02-27,8.19,8.37,8.17,8.2,8.2,326900,0.0,1.0
2008-02-28,8.3,8.84,8.08,8.08,8.08,1692300,0.0,1.0
2008-02-29,8.11,8.63,8.0,8.6,8.6,654200,0.0,1.0
2008-03-03,8.6,9.81,8.5,9.76,9.76,534700,0.0,1.0
2008-03-04,9.63,9.63,9.03,9.41,9.41,407900,0.0,1.0
2008-03-05,9.5,10.2,9.5,10.0,10.0,900300,0.0,1.0
2008-03-06,10.0,10.01,9.53,9.57,9.57,574500,0.0,1.0
2008-03-07,9.52,9.9,9.27,9.37,9.37,505100,0.0,1.0
2008-03-10,9.45,9.53,8.9,9.0,9.0,576000,0.0,1.0
2008-03-11,9.05,9.25,8.85,8.91,8.91,491900,0.0,1.0
2008-03-12,8.93,9.01,8.54,8.56,8.56,327400,0.0,1.0
2008-03-13,8.58,8.58,8.06,8.39,8.39,444200,0.0,1.0
2008-03-14,8.48,8.51,7.97,8.19,8.19,430100,0.0,1.0
2008-03-17,7.8,8.28,7.8,8.01,8.01,280100,0.0,1.0
2008-03-18,8.19,8.24,7.9,8.23,8.23,268500,0.0,1.0
2008-03-19,8.11,8.31,7.91,7.91,7.91,253300,0.0,1.0
2008-03-20,8.3,8.45,8.1,8.33,8.33,918600,0.0,1.0
2008-03-24,8.35,8.79,8.27,8.75,8.75,226200,0.0,1.0
2008-03-25,8.89,9.22,8.63,9.05,9.05,363600,0.0,1.0
2008-03-26,8.99,9.04,8.84,8.87,8.87,477200,0.0,1.0
2008-03-27,8.91,9.09,8.72,8.87,8.87,296800,0.0,1.0
2008-03-28,8.92,9.65,8.81,9.19,9.19,712400,0.0,1.0
2008-03-31,9.27,9.45,9.01,9.45,9.45,495500,0.0,1.0
2008-04-01,9.43,9.66,9.2,9.5,9.5,466000,0.0,1.0
2008-04-02,9.5,9.54,9.11,9.34,9.34,582000,0.0,1.0
2008-04-03,9.25,9.47,9.22,9.32,9.32,272900,0.0,1.0
2008-04-04,9.3,9.44,9.24,9.39,9.39,190000,0.0,1.0
2008-04-07,9.6,10.08,9.51,10.02,10.02,732200,0.0,1.0
2008-04-08,9.92,10.27,9.8,10.25,10.25,428700,0.0,1.0
2008-04-09,10.24,10.24,9.93,10.03,10.03,342000,0.0,1.0
2008-04-10,10.0,10.23,9.96,10.22,10.22,181700,0.0,1.0
2008-04-11,10.1,10.1,9.61,9.79,9.79,398000,0.0,1.0
2008-04-14,9.75,9.81,9.55,9.64,9.64,230700,0.0,1.0
2008-04-15,9.46,10.08,9.46,10.0,10.0,378000,0.0,1.0
2008-04-16,10.09,10.2,9.83,10.15,10.15,232700,0.0,1.0
2008-04-17,10.09,10.19,9.89,9.99,9.99,165700,0.0,1.0
2008-04-18,10.18,10.2,9.99,10.18,10.18,273600,0.0,1.0
2008-04-21,10.12,10.32,10.0,10.29,10.29,230300,0.0,1.0
2008-04-22,10.22,10.35,10.04,10.3,10.3,257900,0.0,1.0
2008-04-23,10.33,10.47,10.22,10.39,10.39,116800,0.0,1.0
2008-04-24,10.3,10.5,10.23,10.41,10.41,244200,0.0,1.0
2008-04-25,10.47,10.47,10.25,10.31,10.31,256500,0.0,1.0
2008-04-28,10.27,10.47,10.25,10.4,10.4,319900,0.0,1.0
2008-04-29,10.43,10.43,10.22,10.24,10.24,216800,0.0,1.0
2008-04-30,10.28,10.42,10.12,10.14,10.14,630100,0.0,1.0
2008-05-01,10.15,10.37,10.12,10.34,10.34,304700,0.0,1.0
2008-05-02,10.42,10.51,10.07,10.15,10.15,431700,0.0,1.0
2008-05-05,10.03,10.31,10.0,10.16,10.16,284100,0.0,1.0
2008-05-06,10.22,10.44,9.53,10.2,10.2,713200,0.0,1.0
2008-05-07,10.25,10.35,9.99,10.04,10.04,261500,0.0,1.0
2008-05-08,10.09,10.34,9.95,10.3,10.3,296100,0.0,1.0
2008-05-09,10.21,10.21,10.0,10.04,10.04,153600,0.0,1.0
2008-05-12,10.08,10.18,9.96,10.08,10.08,169200,0.0,1.0
2008-05-13,10.07,10.29,9.96,10.25,10.25,361200,0.0,1.0
2008-05-14,10.25,10.35,10.02,10.04,10.04,545900,0.0,1.0
2008-05-15,10.02,10.13,9.95,10.0,10.0,220800,0.0,1.0
2008-05-16,10.01,10.01,9.63,9.74,9.74,258800,0.0,1.0
2008-05-19,9.74,9.93,9.74,9.83,9.83,285700,0.0,1.0
2008-05-20,9.8,9.8101,9.67,9.79,9.79,268200,0.0,1.0
2008-05-21,9.83,10.05,9.75,9.84,9.84,225800,0.0,1.0
2008-05-22,9.86,9.96,9.58,9.83,9.83,375200,0.0,1.0
2008-05-23,9.78,9.78,9.35,9.56,9.56,233900,0.0,1.0
2008-05-27,9.39,9.72,9.37,9.67,9.67,269300,0.0,1.0
2008-05-28,9.69,9.72,9.56,9.64,9.64,114100,0.0,1.0
2008-05-29,9.59,10.0,9.42,9.97,9.97,338300,0.0,1.0
2008-05-30,9.97,10.17,9.77,9.95,9.95,608000,0.0,1.0
2008-06-02,9.91,10.08,9.67,10.08,10.08,332900,0.0,1.0
2008-06-03,10.11,10.13,9.92,10.02,10.02,304900,0.0,1.0
2008-06-04,9.96,10.12,9.92,10.0,10.0,297000,0.0,1.0
2008-06-05,9.99,10.43,9.93,10.4,10.4,360400,0.0,1.0
2008-06-06,10.31,10.4,10.09,10.12,10.12,223300,0.0,1.0
2008-06-09,10.12,10.19,9.75,9.92,9.92,208200,0.0,1.0
2008-06-10,9.82,9.98,9.62,9.87,9.87,164000,0.0,1.0
2008-06-11,9.82,9.82,9.54,9.72,9.72,218900,0.0,1.0
2008-06-12,9.81,9.89,9.72,9.72,9.72,173800,0.0,1.0
2008-06-13,9.83,10.22,9.72,10.19,10.19,221200,0.0,1.0
2008-06-16,10.17,10.34,9.94,10.3,10.3,273500,0.0,1.0
2008-06-17,10.31,10.5,9.99,10.03,10.03,717800,0.0,1.0
2008-06-18,10.0,10.0,9.4,9.42,9.42,406800,0.0,1.0
2008-06-19,9.44,9.47,9.0,9.01,9.01,925300,0.0,1.0
2008-06-20,8.8,9.0,8.59,8.85,8.85,1054500,0.0,1.0
2008-06-23,8.92,9.15,8.73,9.11,9.11,463900,0.0,1.0
2008-06-24,9.1,9.18,9.06,9.07,9.07,435100,0.0,1.0
2008-06-25,9.06,9.18,9.01,9.1,9.1,361700,0.0,1.0
2008-06-26,8.99,9.12,8.75,8.82,8.82,220300,0.0,1.0
2008-06-27,8.78,8.87,8.65,8.87,8.87,1680900,0.0,1.0
2008-06-30,8.86,8.99,8.74,8.75,8.75,437900,0.0,1.0
2008-07-01,8.64,8.77,8.22,8.22,8.22,602800,0.0,1.0
2008-07-02,8.2,8.32,7.82,7.84,7.84,761600,0.0,1.0
2008-07-03,7.91,8.08,7.8,7.95,7.95,243500,0.0,1.0
2008-07-07,8.01,8.1,7.65,7.66,7.66,501200,0.0,1.0
2008-07-08,7.7,7.93,7.61,7.93,7.93,628000,0.0,1.0
2008-07-09,7.95,8.09,7.76,7.76,7.76,469900,0.0,1.0
2008-07-10,7.74,7.87,7.68,7.82,7.82,491600,0.0,1.0
2008-07-11,7.74,7.93,7.64,7.89,7.89,308600,0.0,1.0
2008-07-14,7.74,7.92,7.7,7.76,7.76,201200,0.0,1.0
2008-07-15,7.69,7.96,7.68,7.91,7.91,309800,0.0,1.0
2008-07-16,7.95,8.17,7.85,8.15,8.15,300200,0.0,1.0
2008-07-17,8.15,8.3,7.8905,8.15,8.15,361400,0.0,1.0
2008-07-18,8.11,8.15,8.02,8.11,8.11,332500,0.0,1.0
2008-07-21,8.16,8.26,8.11,8.11,8.11,558000,0.0,1.0
2008-07-22,8.1,8.25,8.06,8.17,8.17,740800,0.0,1.0
2008-07-23,8.09,8.09,7.65,7.68,7.68,1246700,0.0,1.0
2008-07-24,7.8,8.51,7.8,7.99,7.99,1242700,0.0,1.0
2008-07-25,8.51,8.59,8.04,8.41,8.41,1222300,0.0,1.0
2008-07-28,8.32,8.4,8.1,8.2,8.2,482700,0.0,1.0
2008-07-29,8.24,8.44,8.14,8.26,8.26,407400,0.0,1.0
2008-07-30,8.33,8.4,8.21,8.38,8.38,344900,0.0,1.0
2008-07-31,8.27,8.42,8.19,8.29,8.29,343000,0.0,1.0
2008-08-01,8.3,8.3,8.1,8.29,8.29,257000,0.0,1.0
2008-08-04,8.3,8.3,7.83,8.15,8.15,315500,0.0,1.0
2008-08-05,8.24,8.31,7.86,8.2,8.2,440200,0.0,1.0
2008-08-06,8.2,8.34,8.06,8.3,8.3,271900,0.0,1.0
2008-08-07,8.21,8.33,8.02,8.33,8.33,356200,0.0,1.0
2008-08-08,8.36,8.79,8.31,8.65,8.65,326100,0.0,1.0
2008-08-11,8.59,9.04,8.57,9.0,9.0,286400,0.0,1.0
2008-08-12,8.95,9.08,8.89,9.08,9.08,328500,0.0,1.0
2008-08-13,9.06,9.37,9.06,9.3,9.3,255400,0.0,1.0
2008-08-14,9.23,9.68,9.23,9.39,9.39,229500,0.0,1.0
2008-08-15,9.53,9.7,9.33,9.62,9.62,367800,0.0,1.0
2008-08-18,9.6,9.88,9.43,9.71,9.71,241900,0.0,1.0
2008-08-19,9.64,9.75,9.53,9.71,9.71,216400,0.0,1.0
2008-08-20,9.73,9.76,9.15,9.29,9.29,271200,0.0,1.0
2008-08-21,9.22,9.34,9.08,9.21,9.21,117900,0.0,1.0
2008-08-22,9.23,9.54,9.1,9.47,9.47,183500,0.0,1.0
2008-08-25,9.47,9.494,9.01,9.13,9.13,121500,0.0,1.0
2008-08-26,9.15,9.26,8.91,9.07,9.07,93700,0.0,1.0
2008-08-27,9.09,9.29,8.87,9.25,9.25,192000,0.0,1.0
2008-08-28,9.25,9.68,9.16,9.68,9.68,169300,0.0,1.0
2008-08-29,9.67,9.67,9.29,9.38,9.38,153700,0.0,1.0
2008-09-02,9.52,9.71,9.25,9.49,9.49,246400,0.0,1.0
2008-09-03,9.06,9.74,9.0,9.64,9.64,1094400,0.0,1.0
2008-09-04,9.61,9.64,9.25,9.42,9.42,537600,0.0,1.0
2008-09-05,9.4,9.4,8.96,9.1,9.1,203700,0.0,1.0
2008-09-08,9.29,9.44,8.97,9.1,9.1,262600,0.0,1.0
2008-09-09,9.08,9.34,8.83,8.83,8.83,332700,0.0,1.0
2008-09-10,9.01,9.05,8.6001,8.92,8.92,346100,0.0,1.0
2008-09-11,8.88,9.15,8.66,9.15,9.15,496600,0.0,1.0
2008-09-12,9.08,9.4,9.0,9.32,9.32,292300,0.0,1.0
2008-09-15,9.17,9.4,8.81,9.18,9.18,355000,0.0,1.0
2008-09-16,8.92,9.8,8.69,9.8,9.8,511300,0.0,1.0
2008-09-17,9.64,9.64,9.25,9.35,9.35,532300,0.0,1.0
2008-09-18,9.54,10.03,9.0,9.88,9.88,1033300,0.0,1.0
2008-09-19,10.13,10.38,9.52,10.0,10.0,1138100,0.0,1.0
2008-09-22,9.95,10.0,9.46,9.62,9.62,199400,0.0,1.0
2008-09-23,9.61,9.8,9.52,9.64,9.64,251700,0.0,1.0
2008-09-24,9.65,9.78,9.495,9.5,9.5,371400,0.0,1.0
2008-09-25,9.5,9.89,9.5,9.61,9.61,570500,0.0,1.0
2008-09-26,9.56,9.75,9.55,9.71,9.71,219200,0.0,1.0
2008-09-29,9.53,9.69,9.19,9.19,9.19,343400,0.0,1.0
2008-09-30,9.26,9.59,9.09,9.35,9.35,504100,0.0,1.0
2008-10-01,9.28,9.45,9.2,9.3,9.3,394800,0.0,1.0
2008-10-02,9.24,9.35,8.98,9.0,9.0,355900,0.0,1.0
2008-10-03,9.08,9.38,8.75,8.95,8.95,1074200,0.0,1.0
2008-10-06,8.78,9.1,8.14,8.95,8.95,557800,0.0,1.0
2008-10-07,8.73,8.99,8.27,8.35,8.35,678900,0.0,1.0
2008-10-08,8.14,8.35,7.82,7.99,7.99,616900,0.0,1.0
2008-10-09,8.09,8.27,7.15,7.15,7.15,619900,0.0,1.0
2008-10-10,7.0,7.72,6.55,7.49,7.49,691800,0.0,1.0
2008-10-13,7.58,8.13,7.45,8.12,8.12,498900,0.0,1.0
2008-10-14,8.29,8.29,7.28,7.49,7.49,328600,0.0,1.0
2008-10-15,7.4,7.44,6.3,6.3,6.3,429400,0.0,1.0
2008-10-16,6.37,6.54,5.88,6.26,6.26,624200,0.0,1.0
2008-10-17,6.04,6.21,5.6,5.8,5.8,1317300,0.0,1.0
2008-10-20,5.95,6.05,5.82,5.95,5.95,579900,0.0,1.0
2008-10-21,5.89,6.15,5.8,5.81,5.81,447500,0.0,1.0
2008-10-22,5.69,5.69,5.03,5.09,5.09,565400,0.0,1.0
2008-10-23,5.1,5.1,4.52,4.68,4.68,863000,0.0,1.0
2008-10-24,4.39,4.65,4.25,4.42,4.42,404700,0.0,1.0
2008-10-27,4.32,4.32,4.0,4.04,4.04,436200,0.0,1.0
2008-10-28,4.05,4.33,2.15,2.85,2.85,2567700,0.0,1.0
2008-10-29,2.87,3.75,2.86,3.04,3.04,899500,0.0,1.0
2008-10-30,3.12,3.12,2.75,2.86,2.86,458300,0.0,1.0
2008-10-31,2.84,3.06,2.79,3.05,3.05,945200,0.0,1.0
2008-11-03,3.13,3.26,3.098,3.15,3.15,601300,0.0,1.0
2008-11-04,3.25,3.33,3.02,3.04,3.04,490800,0.0,1.0
2008-11-05,3.02,3.0201,2.73,2.74,2.74,724900,0.0,1.0
2008-11-06,2.82,3.07,2.72,2.89,2.89,892500,0.0,1.0
2008-11-07,2.92,3.0,2.86,2.92,2.92,351800,0.0,1.0
2008-11-10,2.97,2.97,2.77,2.77,2.77,360700,0.0,1.0
2008-11-11,2.76,2.77,2.58,2.62,2.62,292100,0.0,1.0
2008-11-12,2.59,2.67,2.33,2.33,2.33,359000,0.0,1.0
2008-11-13,2.34,2.71,2.28,2.7,2.7,490500,0.0,1.0
2008-11-14,2.66,2.67,2.42,2.43,2.43,223800,0.0,1.0
2008-11-17,2.42,2.58,2.36,2.52,2.52,235000,0.0,1.0
2008-11-18,2.52,2.57,1.79,1.98,1.98,713300,0.0,1.0
2008-11-19,1.97,2.25,1.95,1.96,1.96,615400,0.0,1.0
2008-11-20,1.9,1.9,1.3,1.55,1.55,1835800,0.0,1.0
2008-11-21,1.57,1.88,1.57,1.88,1.88,600200,0.0,1.0
2008-11-24,1.96,2.15,1.72,2.09,2.09,866400,0.0,1.0
2008-11-25,2.11,2.26,1.92,2.15,2.15,439700,0.0,1.0
2008-11-26,2.1,2.6,2.06,2.59,2.59,647100,0.0,1.0
2008-11-28,2.58,2.73,2.45,2.72,2.72,227200,0.0,1.0
2008-12-01,2.73,2.73,1.89,1.93,1.93,356400,0.0,1.0
2008-12-02,2.0,2.48,2.0,2.47,2.47,238400,0.0,1.0
2008-12-03,2.36,2.45,2.15,2.25,2.25,375000,0.0,1.0
2008-12-04,2.23,2.39,2.1,2.18,2.18,140900,0.0,1.0
2008-12-05,2.15,2.25,2.09,2.25,2.25,323600,0.0,1.0
2008-12-08,2.28,2.88,2.11,2.81,2.81,1258000,0.0,1.0
2008-12-09,2.8,2.83,2.5,2.6,2.6,258500,0.0,1.0
2008-12-10,2.63,2.65,2.47,2.61,2.61,109600,0.0,1.0
2008-12-11,2.57,2.65,2.36,2.48,2.48,467300,0.0,1.0
2008-12-12,2.48,2.76,2.46,2.75,2.75,327800,0.0,1.0
2008-12-15,2.77,2.85,2.55,2.6,2.6,209000,0.0,1.0
2008-12-16,2.63,2.8,2.52,2.73,2.73,218300,0.0,1.0
2008-12-17,2.71,2.72,2.63,2.67,2.67,299600,0.0,1.0
2008-12-18,2.67,2.77,2.4,2.48,2.48,426600,0.0,1.0
2008-12-19,2.89,2.94,2.51,2.91,2.91,546900,0.0,1.0
2008-12-22,2.99,2.99,2.58,2.8,2.8,153400,0.0,1.0
2008-12-23,2.81,3.12,2.81,3.04,3.04,263000,0.0,1.0
2008-12-24,3.03,3.35,3.0,3.27,3.27,126000,0.0,1.0
2008-12-26,3.28,3.44,3.2082,3.43,3.43,119400,0.0,1.0
2008-12-29,3.36,3.38,2.68,2.88,2.88,289500,0.0,1.0
2008-12-30,2.91,2.99,2.75,2.97,2.97,579000,0.0,1.0
2008-12-31,2.89,2.89,2.42,2.76,2.76,741100,0.0,1.0
2009-01-02,2.76,2.89,2.62,2.77,2.77,235500,0.0,1.0
2009-01-05,2.78,2.8,2.69,2.8,2.8,211200,0.0,1.0
2009-01-06,2.82,3.11,2.82,2.95,2.95,189500,0.0,1.0
2009-01-07,2.89,3.0,2.86,2.94,2.94,212200,0.0,1.0
2009-01-08,2.95,3.38,2.95,3.36,3.36,409800,0.0,1.0
2009-01-09,3.36,3.36,3.02,3.04,3.04,224300,0.0,1.0
2009-01-12,3.04,3.11,2.92,2.92,2.92,168700,0.0,1.0
2009-01-13,2.91,3.05,2.89,2.95,2.95,110100,0.0,1.0
2009-01-14,2.89,2.9,2.53,2.54,2.54,181900,0.0,1.0
2009-01-15,2.54,2.72,2.42,2.72,2.72,279200,0.0,1.0
2009-01-16,2.99,3.19,2.51,2.6,2.6,341700,0.0,1.0
2009-01-20,2.55,2.64,2.43,2.43,2.43,327700,0.0,1.0
2009-01-21,2.48,2.61,2.4,2.55,2.55,269600,0.0,1.0
2009-01-22,2.49,2.51,2.36,2.44,2.44,119500,0.0,1.0
2009-01-23,2.29,2.46,2.29,2.4,2.4,189600,0.0,1.0
2009-01-26,2.35,2.53,2.35,2.48,2.48,162800,0.0,1.0
2009-01-27,2.49,2.63,2.37,2.5,2.5,214800,0.0,1.0
2009-01-28,2.54,2.65,2.48,2.56,2.56,174100,0.0,1.0
2009-01-29,2.45,2.57,2.45,2.5,2.5,93500,0.0,1.0
2009-01-30,2.52,2.57,2.45,2.45,2.45,181400,0.0,1.0
2009-02-02,2.47,2.65,2.45,2.61,2.61,174500,0.0,1.0
2009-02-03,2.64,2.87,2.58,2.81,2.81,213500,0.0,1.0
2009-02-04,2.82,2.88,2.65,2.75,2.75,275000,0.0,1.0
2009-02-05,2.72,2.94,2.65,2.7,2.7,475300,0.0,1.0
2009-02-06,2.68,2.92,2.66,2.89,2.89,226100,0.0,1.0
2009-02-09,2.92,3.12,2.9,3.02,3.02,215600,0.0,1.0
2009-02-10,2.99,3.08,2.78,2.98,2.98,180800,0.0,1.0
2009-02-11,3.01,3.0199,2.837,3.0,3.0,116000,0.0,1.0
2009-02-12,2.93,3.25,2.91,3.06,3.06,175800,0.0,1.0
2009-02-13,3.07,3.27,3.05,3.25,3.25,136600,0.0,1.0
2009-02-17,3.14,3.21,3.04,3.19,3.19,152000,0.0,1.0
2009-02-18,3.25,3.35,3.0,3.08,3.08,172900,0.0,1.0
2009-02-19,3.12,3.18,2.74,2.89,2.89,333800,0.0,1.0
2009-02-20,2.84,2.92,2.67,2.71,2.71,449000,0.0,1.0
2009-02-23,2.75,2.97,2.47,2.66,2.66,267500,0.0,1.0
2009-02-24,2.72,2.84,2.21,2.35,2.35,1057600,0.0,1.0
2009-02-25,2.35,2.69,2.32,2.58,2.58,544500,0.0,1.0
2009-02-26,2.6,3.09,2.57,2.75,2.75,508300,0.0,1.0
2009-02-27,2.69,2.9,2.55,2.82,2.82,321200,0.0,1.0
2009-03-02,2.75,2.9,2.5,2.5,2.5,353000,0.0,1.0
2009-03-03,2.58,2.81,2.47,2.6,2.6,325000,0.0,1.0
2009-03-04,2.65,2.8,2.49,2.66,2.66,221800,0.0,1.0
2009-03-05,2.57,2.57,2.16,2.25,2.25,264900,0.0,1.0
2009-03-06,2.28,2.37,2.08,2.31,2.31,445500,0.0,1.0
2009-03-09,2.27,2.51,2.24,2.39,2.39,219400,0.0,1.0
2009-03-10,2.47,2.6,2.278,2.58,2.58,179700,0.0,1.0
2009-03-11,2.59,2.76,2.47,2.67,2.67,238900,0.0,1.0
2009-03-12,2.61,3.02,2.52,3.0,3.0,349700,0.0,1.0
2009-03-13,3.01,3.25,2.81,3.13,3.13,193800,0.0,1.0
2009-03-16,3.16,3.22,2.952,3.08,3.08,222800,0.0,1.0
2009-03-17,3.07,3.25,3.0,3.25,3.25,115500,0.0,1.0
2009-03-18,3.1,3.22,3.01,3.1,3.1,137300,0.0,1.0
2009-03-19,3.14,3.14,2.99,3.0,3.0,85200,0.0,1.0
2009-03-20,3.04,3.04,2.56,2.56,2.56,316400,0.0,1.0
2009-03-23,2.64,3.0,2.64,2.96,2.96,304700,0.0,1.0
2009-03-24,2.89,3.04,2.77,2.84,2.84,135200,0.0,1.0
2009-03-25,2.85,3.02,2.79,2.95,2.95,219300,0.0,1.0
2009-03-26,3.0,3.03,2.87,3.03,3.03,142600,0.0,1.0
2009-03-27,2.95,2.98,2.79,2.86,2.86,128400,0.0,1.0
2009-03-30,2.76,2.87,2.71,2.82,2.82,156700,0.0,1.0
2009-03-31,2.87,2.96,2.8,2.85,2.85,136500,0.0,1.0
2009-04-01,2.79,3.03,2.67,2.98,2.98,77300,0.0,1.0
2009-04-02,3.05,3.2,2.91,2.91,2.91,322500,0.0,1.0
2009-04-03,2.9,3.11,2.9,3.11,3.11,41300,0.0,1.0
2009-04-06,3.0,3.03,2.9,2.99,2.99,133000,0.0,1.0
2009-04-07,2.95,2.97,2.89,2.89,2.89,58900,0.0,1.0
2009-04-08,2.93,2.99,2.83,2.99,2.99,286700,0.0,1.0
2009-04-09,2.99,3.09,2.95,2.98,2.98,299000,0.0,1.0
2009-04-13,2.93,3.1,2.88,3.03,3.03,166500,0.0,1.0
2009-04-14,2.94,2.94,2.62,2.69,2.69,646000,0.0,1.0
2009-04-15,2.67,2.78,2.67,2.74,2.74,99200,0.0,1.0
2009-04-16,2.78,2.83,2.71,2.8,2.8,118600,0.0,1.0
2009-04-17,2.82,2.825,2.64,2.67,2.67,244800,0.0,1.0
2009-04-20,2.65,2.67,2.4,2.5,2.5,389200,0.0,1.0
2009-04-21,2.49,2.91,2.48,2.9,2.9,145800,0.0,1.0
2009-04-22,2.85,2.98,2.6801,2.91,2.91,174400,0.0,1.0
2009-04-23,2.9,2.9,2.63,2.72,2.72,93000,0.0,1.0
2009-04-24,2.75,2.93,2.75,2.88,2.88,172600,0.0,1.0
2009-04-27,2.82,2.89,2.62,2.67,2.67,120300,0.0,1.0
2009-04-28,2.67,3.15,2.63,3.11,3.11,250000,0.0,1.0
2009-04-29,3.1,3.39,3.03,3.39,3.39,435400,0.0,1.0
2009-04-30,3.42,3.78,3.3,3.54,3.54,504800,0.0,1.0
2009-05-01,3.54,3.54,3.39,3.5,3.5,122300,0.0,1.0
2009-05-04,3.55,3.81,3.55,3.75,3.75,341200,0.0,1.0
2009-05-05,3.71,3.79,3.6,3.77,3.77,306600,0.0,1.0
2009-05-06,3.82,3.86,3.6309,3.75,3.75,189600,0.0,1.0
2009-05-07,3.75,3.81,3.63,3.67,3.67,156600,0.0,1.0
2009-05-08,3.73,4.18,3.67,4.16,4.16,603000,0.0,1.0
2009-05-11,4.06,4.2,3.96,4.13,4.13,150800,0.0,1.0
2009-05-12,4.16,4.16,4.0,4.1,4.1,148600,0.0,1.0
2009-05-13,4.03,4.03,3.69,3.69,3.69,215400,0.0,1.0
2009-05-14,3.77,4.0,3.59,3.82,3.82,101300,0.0,1.0
2009-05-15,3.86,3.86,3.66,3.77,3.77,127500,0.0,1.0
2009-05-18,3.82,3.928,3.78,3.9,3.9,136500,0.0,1.0
2009-05-19,3.84,3.99,3.82,3.88,3.88,93800,0.0,1.0
2009-05-20,3.93,4.15,3.88,3.93,3.93,190600,0.0,1.0
2009-05-21,3.88,3.88,3.65,3.7,3.7,158200,0.0,1.0
2009-05-22,3.74,3.85,3.65,3.73,3.73,75700,0.0,1.0
2009-05-26,3.7,3.99,3.7,3.9,3.9,143300,0.0,1.0
2009-05-27,3.9,3.9101,3.8,3.82,3.82,65500,0.0,1.0
2009-05-28,3.85,3.89,3.71,3.78,3.78,80700,0.0,1.0
2009-05-29,3.81,3.9029,3.74,3.87,3.87,144500,0.0,1.0
2009-06-01,3.97,4.04,3.82,4.03,4.03,236500,0.0,1.0
2009-06-02,3.99,4.48,3.87,4.4,4.4,258100,0.0,1.0
2009-06-03,4.35,4.5,4.12,4.5,4.5,151600,0.0,1.0
2009-06-04,4.49,4.51,4.27,4.5,4.5,246200,0.0,1.0
2009-06-05,4.5,4.52,4.34,4.48,4.48,227400,0.0,1.0
2009-06-08,4.43,4.515,4.35,4.38,4.38,77500,0.0,1.0
2009-06-09,4.4,4.46,4.36,4.46,4.46,107300,0.0,1.0
2009-06-10,4.49,4.6,4.2,4.51,4.51,235300,0.0,1.0
2009-06-11,4.52,4.74,4.48,4.6,4.6,120100,0.0,1.0
2009-06-12,4.56,4.56,4.27,4.4,4.4,103600,0.0,1.0
2009-06-15,4.31,4.5,4.01,4.46,4.46,144900,0.0,1.0
2009-06-16,4.5,4.53,4.39,4.39,4.39,144400,0.0,1.0
2009-06-17,4.38,4.4297,4.25,4.36,4.36,87200,0.0,1.0
2009-06-18,4.34,4.41,4.2906,4.35,4.35,50100,0.0,1.0
2009-06-19,4.45,4.71,4.4301,4.54,4.54,355100,0.0,1.0
2009-06-22,4.51,4.56,4.38,4.45,4.45,141700,0.0,1.0
2009-06-23,4.51,4.51,4.27,4.27,4.27,91300,0.0,1.0
2009-06-24,4.33,4.52,4.25,4.28,4.28,86500,0.0,1.0
2009-06-25,4.25,4.48,4.25,4.37,4.37,118300,0.0,1.0
2009-06-26,4.35,5.02,4.3,4.98,4.98,1693800,0.0,1.0
2009-06-29,4.8,4.8,4.34,4.46,4.46,268000,0.0,1.0
2009-06-30,4.48,4.5,4.28,4.29,4.29,143700,0.0,1.0
2009-07-01,4.34,4.46,4.26,4.28,4.28,116900,0.0,1.0
2009-07-02,4.25,4.32,4.01,4.04,4.04,128700,0.0,1.0
2009-07-06,4.04,4.17,3.78,3.81,3.81,121500,0.0,1.0
2009-07-07,3.82,3.9,3.72,3.75,3.75,65200,0.0,1.0
2009-07-08,3.78,3.9,3.55,3.59,3.59,133900,0.0,1.0
2009-07-09,3.63,3.85,3.41,3.42,3.42,138200,0.0,1.0
2009-07-10,3.45,3.82,3.41,3.82,3.82,118200,0.0,1.0
2009-07-13,3.84,3.91,3.72,3.86,3.86,100000,0.0,1.0
2009-07-14,3.85,3.95,3.79,3.83,3.83,60500,0.0,1.0
2009-07-15,3.9,4.22,3.9,4.19,4.19,141500,0.0,1.0
2009-07-16,4.17,4.24,3.97,4.23,4.23,111400,0.0,1.0
2009-07-17,4.24,4.34,4.1,4.25,4.25,117600,0.0,1.0
2009-07-20,4.27,4.33,3.851,3.95,3.95,114000,0.0,1.0
2009-07-21,3.99,4.16,3.92,4.12,4.12,87000,0.0,1.0
2009-07-22,4.08,4.26,4.08,4.22,4.22,103600,0.0,1.0
2009-07-23,4.2,4.39,4.18,4.34,4.34,181000,0.0,1.0
2009-07-24,4.28,4.46,4.28,4.45,4.45,128500,0.0,1.0
2009-07-27,4.4,4.47,4.1,4.33,4.33,268500,0.0,1.0
2009-07-28,4.28,4.4,4.19,4.28,4.28,129400,0.0,1.0
2009-07-29,4.24,4.41,4.21,4.3,4.3,85100,0.0,1.0
2009-07-30,4.38,4.68,4.3,4.52,4.52,230500,0.0,1.0
2009-07-31,4.49,4.52,4.25,4.43,4.43,209600,0.0,1.0
2009-08-03,4.49,4.56,4.31,4.56,4.56,819300,0.0,1.0
2009-08-04,4.51,4.75,4.49,4.75,4.75,155400,0.0,1.0
2009-08-05,4.74,4.75,4.48,4.56,4.56,143700,0.0,1.0
2009-08-06,4.6,4.6,4.4,4.52,4.52,87000,0.0,1.0
2009-08-07,4.62,4.75,4.48,4.67,4.67,180000,0.0,1.0
2009-08-10,4.62,4.76,4.62,4.75,4.75,75700,0.0,1.0
2009-08-11,4.72,4.75,4.5,4.59,4.59,111600,0.0,1.0
2009-08-12,4.58,4.86,4.58,4.81,4.81,243600,0.0,1.0
2009-08-13,4.83,4.91,4.56,4.9,4.9,229600,0.0,1.0
2009-08-14,4.88,4.88,4.62,4.76,4.76,144600,0.0,1.0
2009-08-17,4.65,4.68,4.5501,4.66,4.66,83800,0.0,1.0
2009-08-18,4.67,4.73,4.61,4.66,4.66,181600,0.0,1.0
2009-08-19,4.57,4.77,4.55,4.75,4.75,233400,0.0,1.0
2009-08-20,4.75,4.82,4.61,4.75,4.75,225900,0.0,1.0
2009-08-21,4.82,4.9,4.71,4.85,4.85,389500,0.0,1.0
2009-08-24,4.85,4.96,4.76,4.9,4.9,173100,0.0,1.0
2009-08-25,4.91,4.98,4.79,4.91,4.91,190000,0.0,1.0
2009-08-26,4.89,4.98,4.77,4.89,4.89,244600,0.0,1.0
2009-08-27,4.87,5.01,4.7,5.01,5.01,167300,0.0,1.0
2009-08-28,4.88,5.11,4.79,4.8,4.8,243900,0.0,1.0
2009-08-31,4.73,4.73,4.44,4.55,4.55,194800,0.0,1.0
2009-09-01,4.5,4.77,4.39,4.39,4.39,141100,0.0,1.0
2009-09-02,4.39,4.57,4.348,4.39,4.39,85700,0.0,1.0
2009-09-03,4.4,4.48,4.34,4.41,4.41,47800,0.0,1.0
2009-09-04,4.4,4.47,4.28,4.47,4.47,118200,0.0,1.0
2009-09-08,4.5,4.52,4.31,4.33,4.33,173700,0.0,1.0
2009-09-09,4.31,4.4499,4.3,4.38,4.38,116600,0.0,1.0
2009-09-10,4.36,4.44,4.31,4.4,4.4,70900,0.0,1.0
2009-09-11,4.38,4.43,4.32,4.4,4.4,94700,0.0,1.0
2009-09-14,4.35,4.52,4.33,4.42,4.42,95000,0.0,1.0
2009-09-15,4.4,4.48,4.37,4.48,4.48,48700,0.0,1.0
2009-09-16,4.48,4.51,4.39,4.51,4.51,97200,0.0,1.0
2009-09-17,4.51,4.73,4.51,4.63,4.63,81900,0.0,1.0
2009-09-18,4.65,4.71,4.56,4.66,4.66,211900,0.0,1.0
2009-09-21,4.62,4.7,4.58,4.66,4.66,64900,0.0,1.0
2009-09-22,4.72,4.72,4.49,4.49,4.49,149000,0.0,1.0
2009-09-23,4.49,4.5,4.3,4.3,4.3,89200,0.0,1.0
2009-09-24,4.34,4.36,4.15,4.21,4.21,147300,0.0,1.0
2009-09-25,4.21,4.35,4.21,4.31,4.31,82200,0.0,1.0
2009-09-28,4.34,4.5,4.25,4.47,4.47,134900,0.0,1.0
2009-09-29,4.45,4.6,4.45,4.46,4.46,129300,0.0,1.0
2009-09-30,4.44,4.44,4.22,4.35,4.35,133500,0.0,1.0
2009-10-01,4.3301,4.3301,3.9,3.93,3.93,178700,0.0,1.0
2009-10-02,3.89,3.95,3.78,3.85,3.85,88300,0.0,1.0
2009-10-05,3.86,4.15,3.86,4.01,4.01,62500,0.0,1.0
2009-10-06,4.06,4.2,3.96,4.14,4.14,82700,0.0,1.0
2009-10-07,4.11,4.25,3.96,4.19,4.19,133700,0.0,1.0
2009-10-08,4.23,4.32,4.12,4.24,4.24,79600,0.0,1.0
2009-10-09,4.23,4.3,4.1,4.18,4.18,78500,0.0,1.0
2009-10-12,4.16,4.16,3.95,3.98,3.98,83200,0.0,1.0
2009-10-13,3.99,3.99,3.79,3.82,3.82,116800,0.0,1.0
2009-10-14,3.89,4.03,3.84,3.99,3.99,130900,0.0,1.0
2009-10-15,3.95,3.99,3.8,3.8,3.8,86800,0.0,1.0
2009-10-16,3.8,3.89,3.75,3.81,3.81,118700,0.0,1.0
2009-10-19,3.84,3.95,3.79,3.88,3.88,71900,0.0,1.0
2009-10-20,3.88,3.88,3.63,3.71,3.71,183600,0.0,1.0
2009-10-21,3.74,3.78,3.66,3.67,3.67,145100,0.0,1.0
2009-10-22,3.66,3.8,3.56,3.8,3.8,96400,0.0,1.0
2009-10-23,3.83,3.84,3.61,3.62,3.62,128700,0.0,1.0
2009-10-26,3.61,3.74,3.56,3.56,3.56,113600,0.0,1.0
2009-10-27,3.59,3.64,3.54,3.56,3.56,91400,0.0,1.0
2009-10-28,3.85,3.97,3.6,3.7,3.7,203900,0.0,1.0
2009-10-29,3.77,4.17,3.77,4.01,4.01,459800,0.0,1.0
2009-10-30,3.97,4.01,3.83,3.92,3.92,165400,0.0,1.0
2009-11-02,3.97,4.03,3.9,3.97,3.97,145600,0.0,1.0
2009-11-03,3.92,4.08,3.92,4.07,4.07,89100,0.0,1.0
2009-11-04,4.09,4.1,3.83,3.86,3.86,162200,0.0,1.0
2009-11-05,3.92,4.06,3.9,4.05,4.05,125100,0.0,1.0
2009-11-06,3.97,4.09,3.96,4.09,4.09,92900,0.0,1.0
2009-11-09,4.13,4.14,4.0,4.08,4.08,121300,0.0,1.0
2009-11-10,4.03,4.09,3.86,3.92,3.92,49100,0.0,1.0
2009-11-11,3.99,4.03,3.88,3.95,3.95,76400,0.0,1.0
2009-11-12,3.93,4.01,3.75,3.76,3.76,89800,0.0,1.0
2009-11-13,3.77,3.95,3.73,3.83,3.83,87100,0.0,1.0
2009-11-16,3.89,4.14,3.89,4.1,4.1,116700,0.0,1.0
2009-11-17,4.07,4.3,3.98,4.3,4.3,63400,0.0,1.0
2009-11-18,4.29,4.34,3.97,4.07,4.07,68900,0.0,1.0
2009-11-19,4.02,4.02,3.77,3.79,3.79,155600,0.0,1.0
2009-11-20,3.76,3.94,3.76,3.89,3.89,84700,0.0,1.0
2009-11-23,3.98,4.13,3.84,3.88,3.88,69000,0.0,1.0
2009-11-24,3.87,4.06,3.81,4.04,4.04,70300,0.0,1.0
2009-11-25,4.05,4.12,3.89,4.1,4.1,101600,0.0,1.0
2009-11-27,4.02,4.11,4.0,4.09,4.09,97000,0.0,1.0
2009-11-30,4.08,4.1,3.9,4.08,4.08,172400,0.0,1.0
2009-12-01,4.1,4.11,3.99,4.08,4.08,60900,0.0,1.0
2009-12-02,4.07,4.1,4.0,4.03,4.03,63800,0.0,1.0
2009-12-03,4.06,4.07,3.95,3.96,3.96,123000,0.0,1.0
2009-12-04,4.0,4.04,3.87,4.01,4.01,279400,0.0,1.0
2009-12-07,4.0,4.03,3.89,3.9,3.9,156900,0.0,1.0
2009-12-08,3.87,3.93,3.81,3.82,3.82,162100,0.0,1.0
2009-12-09,3.84,3.87,3.65,3.77,3.77,213100,0.0,1.0
2009-12-10,3.8,3.88,3.58,3.63,3.63,181100,0.0,1.0
2009-12-11,3.64,3.73,3.54,3.55,3.55,64900,0.0,1.0
2009-12-14,3.66,3.66,3.19,3.37,3.37,1436800,0.0,1.0
2009-12-15,3.37,3.49,3.34,3.45,3.45,288000,0.0,1.0
2009-12-16,3.49,3.52,3.36,3.4,3.4,127500,0.0,1.0
2009-12-17,3.35,3.37,3.2,3.25,3.25,326800,0.0,1.0
2009-12-18,3.29,3.43,3.27,3.4,3.4,425600,0.0,1.0
2009-12-21,3.41,3.53,3.36,3.42,3.42,236000,0.0,1.0
2009-12-22,3.42,3.44,3.27,3.43,3.43,160000,0.0,1.0
2009-12-23,3.44,3.71,3.44,3.51,3.51,454800,0.0,1.0
2009-12-24,3.54,3.61,3.5,3.57,3.57,199900,0.0,1.0
2009-12-28,3.57,3.8,3.5,3.76,3.76,366000,0.0,1.0
2009-12-29,3.77,3.83,3.61,3.77,3.77,146000,0.0,1.0
2009-12-30,3.76,3.81,3.65,3.81,3.81,109400,0.0,1.0
2009-12-31,3.81,3.9,3.73,3.84,3.84,220200,0.0,1.0
2010-01-04,3.87,3.9,3.68,3.8,3.8,200800,0.0,1.0
2010-01-05,3.8,3.83,3.57,3.67,3.67,198300,0.0,1.0
2010-01-06,3.67,3.75,3.6,3.66,3.66,122600,0.0,1.0
2010-01-07,3.65,3.74,3.53,3.68,3.68,65400,0.0,1.0
2010-01-08,3.67,3.68,3.58,3.64,3.64,125300,0.0,1.0
2010-01-11,3.65,3.76,3.56,3.76,3.76,136000,0.0,1.0
2010-01-12,3.72,3.75,3.51,3.53,3.53,318500,0.0,1.0
2010-01-13,3.54,3.6,3.49,3.56,3.56,184200,0.0,1.0
2010-01-14,3.56,3.58,3.5,3.54,3.54,88400,0.0,1.0
2010-01-15,3.55,3.58,3.38,3.46,3.46,386000,0.0,1.0
2010-01-19,3.47,3.57,3.38,3.4,3.4,383500,0.0,1.0
2010-01-20,3.4,3.48,3.31,3.37,3.37,403600,0.0,1.0
2010-01-21,3.37,3.42,3.27,3.28,3.28,197800,0.0,1.0
2010-01-22,3.29,3.34,3.16,3.18,3.18,155800,0.0,1.0
2010-01-25,3.22,3.28,3.18,3.24,3.24,67200,0.0,1.0
2010-01-26,3.22,3.31,3.15,3.17,3.17,194000,0.0,1.0
2010-01-27,3.16,3.28,3.1,3.13,3.13,239600,0.0,1.0
2010-01-28,3.15,3.25,3.028,3.04,3.04,226000,0.0,1.0
2010-01-29,3.06,3.24,3.06,3.16,3.16,270700,0.0,1.0
2010-02-01,3.18,3.24,3.13,3.17,3.17,164600,0.0,1.0
2010-02-02,3.16,3.19,3.01,3.04,3.04,714200,0.0,1.0
2010-02-03,3.03,3.11,2.85,3.09,3.09,3125800,0.0,1.0
2010-02-04,3.07,3.1102,3.0,3.09,3.09,606000,0.0,1.0
2010-02-05,3.09,3.15,3.04,3.11,3.11,278000,0.0,1.0
2010-02-08,3.12,3.16,3.03,3.11,3.11,613600,0.0,1.0
2010-02-09,3.14,3.38,3.12,3.29,3.29,1038300,0.0,1.0
2010-02-10,3.28,3.33,3.2,3.27,3.27,267000,0.0,1.0
2010-02-11,3.26,3.32,3.16,3.18,3.18,200200,0.0,1.0
2010-02-12,3.15,3.24,3.09,3.24,3.24,278700,0.0,1.0
2010-02-16,3.27,3.49,3.21,3.46,3.46,309700,0.0,1.0
2010-02-17,3.47,3.5,3.37,3.46,3.46,163700,0.0,1.0
2010-02-18,3.45,3.45,3.33,3.35,3.35,171800,0.0,1.0
2010-02-19,3.35,3.39,3.28,3.38,3.38,132200,0.0,1.0
2010-02-22,3.39,3.39,3.31,3.33,3.33,141700,0.0,1.0
2010-02-23,3.33,3.41,3.24,3.4,3.4,344900,0.0,1.0
2010-02-24,3.4,3.53,3.16,3.51,3.51,1489000,0.0,1.0
2010-02-25,3.47,3.57,3.34,3.55,3.55,283500,0.0,1.0
2010-02-26,3.54,3.89,3.5,3.75,3.75,802600,0.0,1.0
2010-03-01,3.88,3.96,3.85,3.93,3.93,480500,0.0,1.0
2010-03-02,3.94,4.01,3.88,4.01,4.01,443100,0.0,1.0
2010-03-03,4.02,4.1999,3.94,4.1,4.1,384900,0.0,1.0
2010-03-04,4.13,4.15,3.88,3.89,3.89,312300,0.0,1.0
2010-03-05,3.93,4.04,3.87,4.02,4.02,612700,0.0,1.0
2010-03-08,4.03,4.06,3.98,4.01,4.01,210400,0.0,1.0
2010-03-09,4.01,4.13,3.984,4.12,4.12,207200,0.0,1.0
2010-03-10,4.11,4.33,4.1,4.31,4.31,282300,0.0,1.0
2010-03-11,4.29,4.405,4.1,4.35,4.35,402000,0.0,1.0
2010-03-12,4.35,4.35,4.22,4.28,4.28,101800,0.0,1.0
2010-03-15,4.26,4.39,4.22,4.38,4.38,168400,0.0,1.0
2010-03-16,4.38,4.55,4.24,4.4,4.4,255200,0.0,1.0
2010-03-17,4.42,4.5,4.23,4.25,4.25,407200,0.0,1.0
2010-03-18,4.22,4.34,4.16,4.28,4.28,263100,0.0,1.0
2010-03-19,4.3,4.3,3.95,4.3,4.3,898100,0.0,1.0
2010-03-22,4.25,4.36,4.22,4.31,4.31,315900,0.0,1.0
2010-03-23,4.28,4.305,4.2,4.29,4.29,232200,0.0,1.0
2010-03-24,4.26,4.35,4.2,4.2,4.2,180900,0.0,1.0
2010-03-25,4.22,4.35,4.2,4.21,4.21,101500,0.0,1.0
2010-03-26,4.24,4.29,4.19,4.25,4.25,124700,0.0,1.0
2010-03-29,4.26,4.29,4.17,4.26,4.26,99700,0.0,1.0
2010-03-30,4.28,4.44,4.27,4.44,4.44,129600,0.0,1.0
2010-03-31,4.41,4.48,4.3,4.33,4.33,287700,0.0,1.0
2010-04-01,4.34,4.39,4.2,4.36,4.36,1395000,0.0,1.0
2010-04-05,4.39,4.54,4.35,4.54,4.54,274100,0.0,1.0
2010-04-06,4.54,4.59,4.381,4.42,4.42,111300,0.0,1.0
2010-04-07,4.4,4.42,4.17,4.24,4.24,131400,0.0,1.0
2010-04-08,4.22,4.31,4.1701,4.29,4.29,90400,0.0,1.0
2010-04-09,4.39,4.39,4.25,4.29,4.29,156500,0.0,1.0
2010-04-12,4.29,4.3525,4.25,4.29,4.29,130700,0.0,1.0
2010-04-13,4.27,4.34,4.22,4.32,4.32,75200,0.0,1.0
2010-04-14,4.34,4.46,4.33,4.44,4.44,182000,0.0,1.0
2010-04-15,4.44,4.44,4.3,4.35,4.35,119200,0.0,1.0
2010-04-16,4.35,4.35,4.17,4.18,4.18,243600,0.0,1.0
2010-04-19,4.19,4.2999,4.19,4.26,4.26,218000,0.0,1.0
2010-04-20,4.35,4.36,4.26,4.3,4.3,96000,0.0,1.0
2010-04-21,4.29,4.31,4.21,4.27,4.27,91300,0.0,1.0
2010-04-22,4.23,4.3,4.21,4.28,4.28,93000,0.0,1.0
2010-04-23,4.26,4.35,4.22,4.35,4.35,145800,0.0,1.0
2010-04-26,4.35,4.4,4.17,4.22,4.22,230300,0.0,1.0
2010-04-27,4.18,4.25,4.0,4.01,4.01,203000,0.0,1.0
2010-04-28,4.0,4.03,3.45,3.61,3.61,1258000,0.0,1.0
2010-04-29,3.63,3.9,3.6,3.89,3.89,1067600,0.0,1.0
2010-04-30,3.88,3.92,3.8,3.83,3.83,322500,0.0,1.0
2010-05-03,3.8,3.9,3.75,3.9,3.9,253800,0.0,1.0
2010-05-04,3.82,3.83,3.75,3.8,3.8,287300,0.0,1.0
2010-05-05,3.69,3.88,3.6,3.75,3.75,316500,0.0,1.0
2010-05-06,3.75,3.78,3.5,3.63,3.63,386300,0.0,1.0
2010-05-07,3.63,3.76,3.46,3.6,3.6,555500,0.0,1.0
2010-05-10,3.83,3.87,3.66,3.82,3.82,322400,0.0,1.0
2010-05-11,3.76,3.9301,3.72,3.86,3.86,167900,0.0,1.0
2010-05-12,3.86,4.08,3.83,4.03,4.03,270100,0.0,1.0
2010-05-13,4.0,4.01,3.89,3.94,3.94,281400,0.0,1.0
2010-05-14,3.88,3.9,3.65,3.67,3.67,145000,0.0,1.0
2010-05-17,3.71,3.93,3.71,3.85,3.85,118200,0.0,1.0
2010-05-18,3.91,3.91,3.79,3.81,3.81,77800,0.0,1.0
2010-05-19,3.81,3.8525,3.6,3.63,3.63,190700,0.0,1.0
2010-05-20,3.54,3.55,3.23,3.27,3.27,350100,0.0,1.0
2010-05-21,3.22,3.3,3.1,3.22,3.22,198600,0.0,1.0
2010-05-24,3.23,3.33,3.21,3.26,3.26,92700,0.0,1.0
2010-05-25,3.18,3.36,3.15,3.35,3.35,184300,0.0,1.0
2010-05-26,3.37,3.61,3.37,3.48,3.48,247800,0.0,1.0
2010-05-27,3.56,3.62,3.41,3.57,3.57,180500,0.0,1.0
2010-05-28,3.57,3.63,3.52,3.56,3.56,154300,0.0,1.0
2010-06-01,3.52,3.52,3.34,3.34,3.34,203900,0.0,1.0
2010-06-02,3.35,3.53,3.31,3.53,3.53,136100,0.0,1.0
2010-06-03,3.51,3.59,3.43,3.57,3.57,176700,0.0,1.0
2010-06-04,3.46,3.47,3.3,3.3,3.3,224600,0.0,1.0
2010-06-07,3.31,3.43,3.185,3.2,3.2,135300,0.0,1.0
2010-06-08,3.23,3.29,3.13,3.23,3.23,144500,0.0,1.0
2010-06-09,3.27,3.27,3.15,3.19,3.19,144400,0.0,1.0
2010-06-10,3.26,3.27,3.15,3.25,3.25,135800,0.0,1.0
2010-06-11,3.19,3.255,3.19,3.25,3.25,76500,0.0,1.0
2010-06-14,3.28,3.28,3.21,3.24,3.24,554100,0.0,1.0
2010-06-15,3.28,3.28,3.15,3.17,3.17,777000,0.0,1.0
2010-06-16,3.16,3.26,3.16,3.24,3.24,306200,0.0,1.0
2010-06-17,3.27,3.29,3.17,3.25,3.25,302400,0.0,1.0
2010-06-18,3.25,3.25,3.17,3.2,3.2,229000,0.0,1.0
2010-06-21,3.26,3.33,3.18,3.2,3.2,103600,0.0,1.0
2010-06-22,3.22,3.27,3.15,3.16,3.16,109300,0.0,1.0
2010-06-23,3.15,3.17,3.08,3.13,3.13,63100,0.0,1.0
2010-06-24,3.1,3.13,3.05,3.1,3.1,110800,0.0,1.0
2010-06-25,3.11,3.3,3.07,3.28,3.28,1308500,0.0,1.0
2010-06-28,3.22,3.22,3.05,3.07,3.07,145500,0.0,1.0
2010-06-29,3.03,3.03,2.86,2.92,2.92,281300,0.0,1.0
2010-06-30,2.93,3.07,2.9101,2.93,2.93,151200,0.0,1.0
2010-07-01,2.92,2.96,2.8,2.88,2.88,169500,0.0,1.0
2010-07-02,2.91,2.97,2.86,2.9,2.9,90800,0.0,1.0
2010-07-06,2.93,2.9699,2.81,2.81,2.81,128700,0.0,1.0
2010-07-07,2.84,2.93,2.81,2.91,2.91,259100,0.0,1.0
2010-07-08,2.94,3.03,2.88,2.94,2.94,170000,0.0,1.0
2010-07-09,2.94,2.94,2.89,2.93,2.93,62800,0.0,1.0
2010-07-12,2.91,2.96,2.83,2.85,2.85,128600,0.0,1.0
2010-07-13,2.91,3.0,2.88,2.98,2.98,205100,0.0,1.0
2010-07-14,2.95,2.98,2.86,2.88,2.88,132400,0.0,1.0
2010-07-15,2.88,2.9,2.82,2.88,2.88,108200,0.0,1.0
2010-07-16,2.86,2.88,2.78,2.8,2.8,197500,0.0,1.0
2010-07-19,2.8,2.84,2.69,2.71,2.71,162500,0.0,1.0
2010-07-20,2.67,2.83,2.65,2.81,2.81,123900,0.0,1.0
2010-07-21,2.8,2.83,2.65,2.65,2.65,77200,0.0,1.0
2010-07-22,2.7,2.8,2.69,2.8,2.8,265800,0.0,1.0
2010-07-23,2.77,2.86,2.76,2.86,2.86,142200,0.0,1.0
2010-07-26,2.86,2.95,2.86,2.95,2.95,157700,0.0,1.0
2010-07-27,2.98,3.04,2.95,3.02,3.02,148300,0.0,1.0
2010-07-28,2.98,3.02,2.95,2.97,2.97,91500,0.0,1.0
2010-07-29,2.99,3.02,2.9,2.97,2.97,65600,0.0,1.0
2010-07-30,2.91,3.0,2.88,2.89,2.89,95900,0.0,1.0
2010-08-02,2.94,3.0,2.9,2.97,2.97,125700,0.0,1.0
2010-08-03,2.95,2.979,2.88,2.96,2.96,208800,0.0,1.0
2010-08-04,3.0,3.0,2.68,2.72,2.72,428700,0.0,1.0
2010-08-05,2.71,2.73,2.55,2.6,2.6,319400,0.0,1.0
2010-08-06,2.55,2.71,2.53,2.66,2.66,171400,0.0,1.0
2010-08-09,2.7,2.7,2.54,2.58,2.58,299600,0.0,1.0
2010-08-10,2.55,2.63,2.45,2.55,2.55,158200,0.0,1.0
2010-08-11,2.5,2.53,2.49,2.51,2.51,236300,0.0,1.0
2010-08-12,2.46,2.56,2.45,2.56,2.56,230900,0.0,1.0
2010-08-13,2.52,2.61,2.41,2.49,2.49,299400,0.0,1.0
2010-08-16,2.45,2.64,2.45,2.6,2.6,110300,0.0,1.0
2010-08-17,2.55,2.57,2.29,2.43,2.43,1301300,0.0,1.0
2010-08-18,2.42,2.42,2.35,2.36,2.36,200400,0.0,1.0
2010-08-19,2.34,2.42,2.24,2.25,2.25,326200,0.0,1.0
2010-08-20,2.28,2.37,2.221,2.32,2.32,494900,0.0,1.0
2010-08-23,2.33,2.4,2.26,2.31,2.31,316200,0.0,1.0
2010-08-24,2.27,2.34,2.16,2.23,2.23,492600,0.0,1.0
2010-08-25,2.23,2.27,2.19,2.25,2.25,307100,0.0,1.0
2010-08-26,2.25,2.3,2.16,2.17,2.17,180100,0.0,1.0
2010-08-27,2.2,2.25,2.02,2.2,2.2,557800,0.0,1.0
2010-08-30,2.18,2.19,2.09,2.09,2.09,111500,0.0,1.0
2010-08-31,2.08,2.16,2.02,2.12,2.12,295400,0.0,1.0
2010-09-01,2.21,2.21,2.17,2.19,2.19,202500,0.0,1.0
2010-09-02,2.2,2.25,2.13,2.25,2.25,158600,0.0,1.0
2010-09-03,2.29,2.34,2.19,2.32,2.32,163800,0.0,1.0
2010-09-07,2.3,2.4,2.25,2.25,2.25,205800,0.0,1.0
2010-09-08,2.15,2.27,2.1,2.11,2.11,384700,0.0,1.0
2010-09-09,2.15,2.25,2.11,2.2,2.2,411400,0.0,1.0
2010-09-10,2.21,2.27,2.17,2.25,2.25,313000,0.0,1.0
2010-09-13,2.28,2.43,2.28,2.38,2.38,468400,0.0,1.0
2010-09-14,2.37,2.45,2.29,2.34,2.34,365700,0.0,1.0
2010-09-15,2.33,2.38,2.26,2.375,2.375,277200,0.0,1.0
2010-09-16,2.35,2.5,2.3275,2.46,2.46,340600,0.0,1.0
2010-09-17,2.49,2.61,2.39,2.61,2.61,361400,0.0,1.0
2010-09-20,2.6,2.68,2.54,2.67,2.67,256700,0.0,1.0
2010-09-21,2.71,2.77,2.6,2.7,2.7,287200,0.0,1.0
2010-09-22,2.69,2.73,2.46,2.46,2.46,107800,0.0,1.0
2010-09-23,2.44,2.49,2.38,2.46,2.46,97400,0.0,1.0
2010-09-24,2.5,2.56,2.45,2.56,2.56,209300,0.0,1.0
2010-09-27,2.56,2.56,2.45,2.48,2.48,82600,0.0,1.0
2010-09-28,2.49,2.54,2.38,2.54,2.54,131000,0.0,1.0
2010-09-29,2.51,2.52,2.47,2.51,2.51,99000,0.0,1.0
2010-09-30,2.52,2.7,2.49,2.63,2.63,175900,0.0,1.0
2010-10-01,2.64,2.6595,2.5,2.64,2.64,61200,0.0,1.0
2010-10-04,2.62,2.63,2.48,2.48,2.48,134900,0.0,1.0
2010-10-05,2.52,2.67,2.47,2.53,2.53,253800,0.0,1.0
2010-10-06,2.53,2.56,2.45,2.51,2.51,98600,0.0,1.0
2010-10-07,2.53,2.55,2.46,2.47,2.47,83200,0.0,1.0
2010-10-08,2.46,2.65,2.43,2.63,2.63,131700,0.0,1.0
2010-10-11,2.62,2.64,2.57,2.59,2.59,28600,0.0,1.0
2010-10-12,2.58,2.64,2.5399,2.59,2.59,140900,0.0,1.0
2010-10-13,2.6,2.74,2.57,2.7,2.7,161300,0.0,1.0
2010-10-14,2.71,2.76,2.6501,2.75,2.75,69400,0.0,1.0
2010-10-15,2.79,2.87,2.73,2.74,2.74,231700,0.0,1.0
2010-10-18,2.76,2.86,2.72,2.86,2.86,76400,0.0,1.0
2010-10-19,2.8,2.8699,2.67,2.69,2.69,123600,0.0,1.0
2010-10-20,2.72,2.73,2.68,2.7,2.7,81500,0.0,1.0
2010-10-21,2.72,2.78,2.61,2.62,2.62,60700,0.0,1.0
2010-10-22,2.62,2.62,2.57,2.6,2.6,44100,0.0,1.0
2010-10-25,2.61,2.72,2.53,2.55,2.55,66000,0.0,1.0
2010-10-26,2.54,2.6,2.48,2.52,2.52,83700,0.0,1.0
2010-10-27,2.5,2.57,2.42,2.55,2.55,103300,0.0,1.0
2010-10-28,2.58,2.58,2.47,2.52,2.52,106000,0.0,1.0
2010-10-29,2.51,2.52,2.44,2.47,2.47,145400,0.0,1.0
2010-11-01,2.44,2.5,2.35,2.37,2.37,108900,0.0,1.0
2010-11-02,2.41,2.43,2.31,2.33,2.33,213900,0.0,1.0
2010-11-03,2.33,2.37,2.26,2.28,2.28,238200,0.0,1.0
2010-11-04,2.33,2.45,2.27,2.38,2.38,635300,0.0,1.0
2010-11-05,2.39,2.58,2.39,2.57,2.57,200300,0.0,1.0
2010-11-08,2.52,2.609,2.48,2.56,2.56,121800,0.0,1.0
2010-11-09,2.56,2.57,2.48,2.48,2.48,101200,0.0,1.0
2010-11-10,2.48,2.53,2.39,2.51,2.51,113900,0.0,1.0
2010-11-11,2.48,2.55,2.45,2.46,2.46,58300,0.0,1.0
2010-11-12,2.44,2.51,2.43,2.46,2.46,485500,0.0,1.0
2010-11-15,2.48,2.56,2.45,2.5025,2.5025,253000,0.0,1.0
2010-11-16,2.5,2.51,2.39,2.41,2.41,293200,0.0,1.0
2010-11-17,2.42,2.51,2.37,2.49,2.49,518100,0.0,1.0
2010-11-18,2.53,2.57,2.45,2.49,2.49,146600,0.0,1.0
2010-11-19,2.5,2.54,2.41,2.49,2.49,180900,0.0,1.0
2010-11-22,2.47,2.57,2.46,2.57,2.57,1444300,0.0,1.0
2010-11-23,2.55,2.63,2.55,2.62,2.62,105300,0.0,1.0
2010-11-24,2.63,2.8299,2.57,2.75,2.75,264100,0.0,1.0
2010-11-26,2.73,2.75,2.68,2.7,2.7,32400,0.0,1.0
2010-11-29,2.68,2.75,2.59,2.73,2.73,153000,0.0,1.0
2010-11-30,2.71,2.76,2.66,2.71,2.71,215700,0.0,1.0
2010-12-01,2.75,2.8,2.66,2.73,2.73,179100,0.0,1.0
2010-12-02,2.74,2.75,2.64,2.72,2.72,89400,0.0,1.0
2010-12-03,2.7,2.73,2.58,2.63,2.63,117600,0.0,1.0
2010-12-06,2.62,2.67,2.59,2.62,2.62,93700,0.0,1.0
2010-12-07,2.64,2.72,2.53,2.7,2.7,108500,0.0,1.0
2010-12-08,2.72,2.73,2.64,2.7,2.7,224100,0.0,1.0
2010-12-09,2.73,2.73,2.67,2.7,2.7,430500,0.0,1.0
2010-12-10,2.7,2.73,2.65,2.7,2.7,190200,0.0,1.0
2010-12-13,2.7,2.75,2.68,2.7,2.7,229600,0.0,1.0
2010-12-14,2.7,2.75,2.65,2.73,2.73,257900,0.0,1.0
2010-12-15,2.72,2.755,2.67,2.7,2.7,168400,0.0,1.0
2010-12-16,2.7,2.8201,2.6801,2.72,2.72,205500,0.0,1.0
2010-12-17,2.72,2.74,2.7,2.72,2.72,384900,0.0,1.0
2010-12-20,2.71,2.75,2.68,2.68,2.68,193400,0.0,1.0
2010-12-21,2.7,2.72,2.63,2.65,2.65,206000,0.0,1.0
2010-12-22,2.65,2.7,2.58,2.65,2.65,151600,0.0,1.0
2010-12-23,2.65,2.7025,2.55,2.585,2.585,114400,0.0,1.0
2010-12-27,2.59,2.66,2.5801,2.6,2.6,111900,0.0,1.0
2010-12-28,2.59,2.63,2.53,2.58,2.58,246000,0.0,1.0
2010-12-29,2.58,2.74,2.58,2.7,2.7,137500,0.0,1.0
2010-12-30,2.7,2.77,2.65,2.71,2.71,109800,0.0,1.0
2010-12-31,2.71,2.72,2.65,2.67,2.67,138000,0.0,1.0
2011-01-03,2.71,2.84,2.7006,2.82,2.82,190700,0.0,1.0
2011-01-04,2.82,2.84,2.76,2.76,2.76,157300,0.0,1.0
2011-01-05,2.76,2.81,2.74,2.76,2.76,112600,0.0,1.0
2011-01-06,2.76,2.839,2.68,2.71,2.71,144300,0.0,1.0
2011-01-07,2.73,2.73,2.6,2.72,2.72,84200,0.0,1.0
2011-01-10,2.7,2.8,2.6999,2.75,2.75,97700,0.0,1.0
2011-01-11,2.76,2.89,2.74,2.85,2.85,189300,0.0,1.0
2011-01-12,2.87,2.87,2.8,2.81,2.81,82500,0.0,1.0
2011-01-13,2.8,2.89,2.79,2.79,2.79,83000,0.0,1.0
2011-01-14,2.79,2.84,2.72,2.74,2.74,140400,0.0,1.0
2011-01-18,2.73,2.8,2.65,2.67,2.67,180100,0.0,1.0
2011-01-19,2.67,2.69,2.45,2.45,2.45,171900,0.0,1.0
2011-01-20,2.45,2.54,2.4,2.45,2.45,183600,0.0,1.0
2011-01-21,2.46,2.53,2.4,2.44,2.44,251200,0.0,1.0
2011-01-24,2.46,2.67,2.46,2.645,2.645,277400,0.0,1.0
2011-01-25,2.64,2.81,2.6,2.8,2.8,332000,0.0,1.0
2011-01-26,2.83,2.84,2.71,2.74,2.74,534100,0.0,1.0
2011-01-27,2.73,2.74,2.68,2.7,2.7,103100,0.0,1.0
2011-01-28,2.69,2.7,2.55,2.59,2.59,274500,0.0,1.0
2011-01-31,2.6,2.78,2.52,2.68,2.68,520000,0.0,1.0
2011-02-01,2.69,2.76,2.66,2.71,2.71,432100,0.0,1.0
2011-02-02,2.69,2.73,2.6,2.62,2.62,129200,0.0,1.0
2011-02-03,2.52,2.702,2.52,2.61,2.61,313600,0.0,1.0
2011-02-04,2.61,2.75,2.6,2.62,2.62,317100,0.0,1.0
2011-02-07,2.62,2.68,2.6,2.65,2.65,99200,0.0,1.0
2011-02-08,2.63,2.67,2.59,2.65,2.65,150100,0.0,1.0
2011-02-09,2.63,2.63,2.52,2.59,2.59,107700,0.0,1.0
2011-02-10,2.58,2.605,2.5,2.57,2.57,144500,0.0,1.0
2011-02-11,2.54,2.64,2.5,2.59,2.59,1246500,0.0,1.0
2011-02-14,2.6,2.64,2.54,2.55,2.55,176200,0.0,1.0
2011-02-15,2.55,2.61,2.54,2.56,2.56,194100,0.0,1.0
2011-02-16,2.56,2.64,2.52,2.63,2.63,208000,0.0,1.0
2011-02-17,2.64,2.72,2.57,2.7,2.7,194200,0.0,1.0
2011-02-18,2.73,2.74,2.67,2.71,2.71,253400,0.0,1.0
2011-02-22,2.67,2.7,2.55,2.58,2.58,187300,0.0,1.0
2011-02-23,2.58,2.67,2.58,2.6,2.6,103400,0.0,1.0
2011-02-24,2.61,2.72,2.61,2.62,2.62,156100,0.0,1.0
2011-02-25,2.62,2.7,2.6,2.65,2.65,328300,0.0,1.0
2011-02-28,2.67,2.69,2.63,2.69,2.69,112700,0.0,1.0
2011-03-01,2.69,2.7,2.65,2.67,2.67,110100,0.0,1.0
2011-03-02,2.66,2.68,2.6001,2.67,2.67,72800,0.0,1.0
2011-03-03,2.71,2.81,2.65,2.69,2.69,264400,0.0,1.0
2011-03-04,2.68,2.7,2.55,2.58,2.58,335700,0.0,1.0
2011-03-07,2.58,2.62,2.55,2.62,2.62,142200,0.0,1.0
2011-03-08,2.61,2.7,2.58,2.69,2.69,86200,0.0,1.0
2011-03-09,2.7,2.95,2.68,2.8,2.8,644100,0.0,1.0
2011-03-10,2.75,2.81,2.66,2.7,2.7,965300,0.0,1.0
2011-03-11,2.69,2.74,2.66,2.68,2.68,106400,0.0,1.0
2011-03-14,2.65,2.68,2.56,2.61,2.61,112200,0.0,1.0
2011-03-15,2.55,2.6,2.55,2.55,2.55,127000,0.0,1.0
2011-03-16,2.55,2.65,2.55,2.63,2.63,205500,0.0,1.0
2011-03-17,2.69,2.77,2.6197,2.73,2.73,461800,0.0,1.0
2011-03-18,2.75,2.77,2.67,2.73,2.73,220600,0.0,1.0
2011-03-21,2.76,2.76,2.69,2.76,2.76,92500,0.0,1.0
2011-03-22,2.75,2.85,2.73,2.83,2.83,158900,0.0,1.0
2011-03-23,2.83,2.85,2.7,2.82,2.82,155800,0.0,1.0
2011-03-24,2.85,2.9,2.79,2.89,2.89,189300,0.0,1.0
2011-03-25,2.91,2.91,2.8,2.86,2.86,116900,0.0,1.0
2011-03-28,2.86,2.86,2.66,2.72,2.72,152600,0.0,1.0
2011-03-29,2.73,2.82,2.653,2.8,2.8,121000,0.0,1.0
2011-03-30,2.79,2.9,2.79,2.84,2.84,302700,0.0,1.0
2011-03-31,2.82,2.88,2.77,2.86,2.86,134900,0.0,1.0
2011-04-01,2.89,2.9,2.74,2.8,2.8,199200,0.0,1.0
2011-04-04,2.8,2.88,2.77,2.84,2.84,142900,0.0,1.0
2011-04-05,2.82,2.87,2.79,2.85,2.85,88700,0.0,1.0
2011-04-06,2.85,2.875,2.82,2.86,2.86,105600,0.0,1.0
2011-04-07,2.85,2.9,2.825,2.83,2.83,74100,0.0,1.0
2011-04-08,2.86,2.86,2.71,2.74,2.74,119800,0.0,1.0
2011-04-11,2.73,2.84,2.72,2.79,2.79,83300,0.0,1.0
2011-04-12,2.77,2.82,2.735,2.75,2.75,112900,0.0,1.0
2011-04-13,2.76,2.85,2.71,2.76,2.76,107600,0.0,1.0
2011-04-14,2.72,2.79,2.71,2.76,2.76,79000,0.0,1.0
2011-04-15,2.75,2.79,2.7,2.78,2.78,133400,0.0,1.0
2011-04-18,2.73,2.79,2.73,2.77,2.77,99300,0.0,1.0
2011-04-19,2.8,2.83,2.75,2.78,2.78,97800,0.0,1.0
2011-04-20,2.81,2.82,2.75,2.81,2.81,81700,0.0,1.0
2011-04-21,2.84,2.85,2.79,2.8,2.8,81400,0.0,1.0
2011-04-25,2.8,2.86,2.75,2.78,2.78,232900,0.0,1.0
2011-04-26,2.78,2.92,2.78,2.86,2.86,191700,0.0,1.0
2011-04-27,2.85,2.98,2.82,2.95,2.95,227000,0.0,1.0
2011-04-28,3.0,3.05,2.87,3.02,3.02,335200,0.0,1.0
2011-04-29,2.96,3.06,2.85,2.9,2.9,261000,0.0,1.0
2011-05-02,2.9,2.97,2.76,2.76,2.76,169000,0.0,1.0
2011-05-03,2.75,2.84,2.65,2.67,2.67,251000,0.0,1.0
2011-05-04,2.68,2.71,2.6,2.64,2.64,312600,0.0,1.0
2011-05-05,2.6,2.78,2.54,2.74,2.74,828500,0.0,1.0
2011-05-06,2.78,2.824,2.7,2.71,2.71,79000,0.0,1.0
2011-05-09,2.69,2.69,2.64,2.65,2.65,159000,0.0,1.0
2011-05-10,2.65,2.68,2.6,2.62,2.62,241600,0.0,1.0
2011-05-11,2.62,2.69,2.58,2.58,2.58,197300,0.0,1.0
2011-05-12,2.56,2.66,2.56,2.63,2.63,203500,0.0,1.0
2011-05-13,2.64,2.69,2.575,2.6,2.6,134000,0.0,1.0
2011-05-16,2.58,2.73,2.58,2.63,2.63,298600,0.0,1.0
2011-05-17,2.63,2.89,2.63,2.81,2.81,1278900,0.0,1.0
2011-05-18,2.81,3.0,2.77,2.93,2.93,477100,0.0,1.0
2011-05-19,2.96,2.98,2.84,2.94,2.94,236100,0.0,1.0
2011-05-20,2.91,2.91,2.8,2.84,2.84,251800,0.0,1.0
2011-05-23,2.8,2.91,2.8,2.87,2.87,319500,0.0,1.0
2011-05-24,2.87,2.9,2.85,2.86,2.86,350900,0.0,1.0
2011-05-25,2.85,2.98,2.85,2.91,2.91,286900,0.0,1.0
2011-05-26,2.91,3.0,2.91,2.98,2.98,282300,0.0,1.0
2011-05-27,2.99,3.02,2.98,3.01,3.01,168300,0.0,1.0
2011-05-31,3.05,3.07,2.97,3.05,3.05,419500,0.0,1.0
2011-06-01,3.05,3.18,2.91,2.91,2.91,464000,0.0,1.0
2011-06-02,2.9,2.99,2.9,2.95,2.95,184000,0.0,1.0
2011-06-03,2.91,3.0,2.9,2.9,2.9,158000,0.0,1.0
2011-06-06,2.89,2.94,2.89,2.9,2.9,164300,0.0,1.0
2011-06-07,2.93,3.0,2.89,2.9,2.9,173100,0.0,1.0
2011-06-08,2.9,2.94,2.84,2.86,2.86,295800,0.0,1.0
2011-06-09,2.88,2.95,2.85,2.9,2.9,92800,0.0,1.0
2011-06-10,2.87,2.89,2.75,2.83,2.83,191900,0.0,1.0
2011-06-13,2.83,2.84,2.76,2.79,2.79,71100,0.0,1.0
2011-06-14,2.82,2.87,2.78,2.8,2.8,249200,0.0,1.0
2011-06-15,2.76,2.78,2.645,2.66,2.66,175700,0.0,1.0
2011-06-16,2.66,2.72,2.65,2.65,2.65,260700,0.0,1.0
2011-06-17,2.67,2.7,2.54,2.67,2.67,1650300,0.0,1.0
2011-06-20,2.67,2.7,2.66,2.69,2.69,160200,0.0,1.0
2011-06-21,2.72,2.89,2.65,2.84,2.84,300700,0.0,1.0
2011-06-22,2.81,2.9299,2.74,2.84,2.84,323900,0.0,1.0
2011-06-23,2.96,3.0,2.81,2.89,2.89,977500,0.0,1.0
2011-06-24,2.89,2.95,2.84,2.87,2.87,1498000,0.0,1.0
2011-06-27,2.85,2.93,2.85,2.88,2.88,404400,0.0,1.0
2011-06-28,2.89,2.92,2.8,2.819,2.819,1077100,0.0,1.0
2011-06-29,2.81,2.86,2.73,2.75,2.75,666100,0.0,1.0
2011-06-30,2.77,2.77,2.71,2.71,2.71,860400,0.0,1.0
2011-07-01,2.8,2.86,2.72,2.84,2.84,475800,0.0,1.0
2011-07-05,2.86,2.91,2.85,2.9,2.9,264200,0.0,1.0
2011-07-06,2.91,2.92,2.87,2.88,2.88,302200,0.0,1.0
2011-07-07,2.9,3.02,2.88,2.99,2.99,1613000,0.0,1.0
2011-07-08,2.95,3.09,2.92,3.07,3.07,480700,0.0,1.0
2011-07-11,3.05,3.17,3.0,3.08,3.08,457200,0.0,1.0
2011-07-12,3.1,3.18,3.08,3.13,3.13,760900,0.0,1.0
2011-07-13,3.15,3.17,3.12,3.15,3.15,606000,0.0,1.0
2011-07-14,3.15,3.15,3.06,3.1,3.1,630500,0.0,1.0
2011-07-15,3.1,3.25,3.09,3.09,3.09,474500,0.0,1.0
2011-07-18,3.12,3.14,3.08,3.08,3.08,231300,0.0,1.0
2011-07-19,3.1,3.14,3.05,3.07,3.07,531300,0.0,1.0
2011-07-20,3.07,3.1,3.02,3.09,3.09,215200,0.0,1.0
2011-07-21,3.11,3.14,3.06,3.11,3.11,353100,0.0,1.0
2011-07-22,3.11,3.17,3.1,3.14,3.14,577200,0.0,1.0
2011-07-25,3.12,3.24,3.09,3.14,3.14,185800,0.0,1.0
2011-07-26,3.15,3.17,3.1,3.11,3.11,158000,0.0,1.0
2011-07-27,3.08,3.12,2.96,2.98,2.98,381600,0.0,1.0
2011-07-28,3.11,3.34,3.11,3.24,3.24,1164000,0.0,1.0
2011-07-29,3.32,3.37,3.23,3.29,3.29,650400,0.0,1.0
2011-08-01,3.36,3.38,3.27,3.33,3.33,544500,0.0,1.0
2011-08-02,3.33,3.51,3.33,3.45,3.45,1023000,0.0,1.0
2011-08-03,3.48,3.57,3.37,3.5,3.5,758500,0.0,1.0
2011-08-04,3.45,3.53,3.34,3.34,3.34,593000,0.0,1.0
2011-08-05,3.38,3.51,3.25,3.43,3.43,611500,0.0,1.0
2011-08-08,3.34,3.4,3.15,3.16,3.16,928000,0.0,1.0
2011-08-09,3.25,3.4,2.98,3.4,3.4,710300,0.0,1.0
2011-08-10,3.3,3.38,3.1,3.12,3.12,655300,0.0,1.0
2011-08-11,3.12,3.18,3.04,3.16,3.16,420000,0.0,1.0
2011-08-12,3.17,3.42,3.1401,3.36,3.36,358700,0.0,1.0
2011-08-15,3.39,3.55,3.36,3.46,3.46,307400,0.0,1.0
2011-08-16,3.43,3.48,3.3,3.38,3.38,382200,0.0,1.0
2011-08-17,3.38,3.6,3.35,3.53,3.53,570300,0.0,1.0
2011-08-18,3.4,3.6,3.36,3.57,3.57,693200,0.0,1.0
2011-08-19,3.51,3.75,3.4534,3.65,3.65,784300,0.0,1.0
2011-08-22,3.77,3.82,3.24,3.26,3.26,1344700,0.0,1.0
2011-08-23,3.3,3.47,3.16,3.44,3.44,577000,0.0,1.0
2011-08-24,3.45,3.46,3.27,3.39,3.39,363500,0.0,1.0
2011-08-25,3.42,3.43,3.2,3.21,3.21,296900,0.0,1.0
2011-08-26,3.19,3.36,3.15,3.31,3.31,396300,0.0,1.0
2011-08-29,3.33,3.51,3.32,3.48,3.48,542600,0.0,1.0
2011-08-30,3.48,3.5,3.29,3.49,3.49,440700,0.0,1.0
2011-08-31,3.5,3.5,3.32,3.36,3.36,330400,0.0,1.0
2011-09-01,3.36,3.44,3.3,3.32,3.32,276500,0.0,1.0
2011-09-02,3.25,3.355,3.2,3.22,3.22,285500,0.0,1.0
2011-09-06,3.13,3.37,3.12,3.24,3.24,529400,0.0,1.0
2011-09-07,3.3,3.39,3.26,3.38,3.38,275400,0.0,1.0
2011-09-08,3.36,3.42,3.28,3.34,3.34,230000,0.0,1.0
2011-09-09,3.29,3.33,3.1,3.17,3.17,247600,0.0,1.0
2011-09-12,3.11,3.18,3.04,3.09,3.09,148400,0.0,1.0
2011-09-13,3.09,3.16,3.07,3.15,3.15,129600,0.0,1.0
2011-09-14,3.18,3.36,3.1,3.32,3.32,268800,0.0,1.0
2011-09-15,3.34,3.4207,3.31,3.4,3.4,420000,0.0,1.0
2011-09-16,3.43,3.5,3.38,3.49,3.49,336800,0.0,1.0
2011-09-19,3.41,3.48,3.39,3.45,3.45,232600,0.0,1.0
2011-09-20,3.42,3.53,3.413,3.51,3.51,381000,0.0,1.0
2011-09-21,3.5,3.64,3.5,3.57,3.57,370400,0.0,1.0
2011-09-22,3.45,3.52,3.25,3.49,3.49,972000,0.0,1.0
2011-09-23,3.49,3.67,3.49,3.64,3.64,621300,0.0,1.0
2011-09-26,3.67,3.68,3.5,3.59,3.59,369400,0.0,1.0
2011-09-27,3.68,3.68,3.58,3.64,3.64,512900,0.0,1.0
2011-09-28,3.62,3.62,3.4,3.4,3.4,489800,0.0,1.0
2011-09-29,3.49,3.54,3.29,3.45,3.45,279500,0.0,1.0
2011-09-30,3.4,3.421,3.29,3.29,3.29,197000,0.0,1.0
2011-10-03,3.29,3.3701,3.21,3.21,3.21,503800,0.0,1.0
2011-10-04,3.2,3.54,2.82,3.45,3.45,859100,0.0,1.0
2011-10-05,3.47,3.47,3.33,3.43,3.43,182200,0.0,1.0
2011-10-06,3.42,3.46,3.4,3.45,3.45,271600,0.0,1.0
2011-10-07,3.45,3.5,3.24,3.32,3.32,346500,0.0,1.0
2011-10-10,3.4,3.46,3.33,3.45,3.45,198300,0.0,1.0
2011-10-11,3.44,3.48,3.41,3.44,3.44,153100,0.0,1.0
2011-10-12,3.48,3.59,3.4473,3.56,3.56,344600,0.0,1.0
2011-10-13,3.53,3.72,3.475,3.69,3.69,471500,0.0,1.0
2011-10-14,3.74,3.74,3.6,3.74,3.74,199600,0.0,1.0
2011-10-17,3.72,3.72,3.54,3.62,3.62,249700,0.0,1.0
2011-10-18,3.64,3.75,3.595,3.75,3.75,649700,0.0,1.0
2011-10-19,3.75,3.83,3.71,3.74,3.74,268400,0.0,1.0
2011-10-20,3.75,3.76,3.61,3.67,3.67,171700,0.0,1.0
2011-10-21,3.75,3.84,3.68,3.82,3.82,317600,0.0,1.0
2011-10-24,3.82,3.98,3.75,3.77,3.77,444800,0.0,1.0
2011-10-25,3.74,3.79,3.5,3.66,3.66,392900,0.0,1.0
2011-10-26,3.7,3.82,3.62,3.76,3.76,384000,0.0,1.0
2011-10-27,4.0,4.21,3.7601,4.2,4.2,994400,0.0,1.0
2011-10-28,4.19,4.3,4.1399,4.22,4.22,463700,0.0,1.0
2011-10-31,4.16,4.5699,4.03,4.49,4.49,782500,0.0,1.0
2011-11-01,4.35,4.63,4.21,4.48,4.48,850200,0.0,1.0
2011-11-02,4.56,4.7,4.47,4.67,4.67,801500,0.0,1.0
2011-11-03,4.69,4.73,4.5,4.7,4.7,935400,0.0,1.0
2011-11-04,4.64,4.68,4.45,4.51,4.51,781200,0.0,1.0
2011-11-07,4.51,4.64,4.4,4.58,4.58,1328000,0.0,1.0
2011-11-08,4.6,4.7,4.49,4.52,4.52,862700,0.0,1.0
2011-11-09,4.43,4.54,4.375,4.48,4.48,431500,0.0,1.0
2011-11-10,4.53,4.55,4.35,4.46,4.46,537900,0.0,1.0
2011-11-11,4.49,4.5,4.45,4.49,4.49,356900,0.0,1.0
2011-11-14,4.49,4.51,4.33,4.41,4.41,580800,0.0,1.0
2011-11-15,4.39,4.41,4.25,4.32,4.32,1667400,0.0,1.0
2011-11-16,4.31,4.5,4.25,4.4,4.4,676000,0.0,1.0
2011-11-17,4.43,4.48,4.19,4.21,4.21,317700,0.0,1.0
2011-11-18,4.24,4.33,4.22,4.3,4.3,372200,0.0,1.0
2011-11-21,4.26,4.26,4.03,4.14,4.14,478900,0.0,1.0
2011-11-22,4.16,4.31,4.16,4.25,4.25,308400,0.0,1.0
2011-11-23,4.25,4.25,4.0,4.0,4.0,179800,0.0,1.0
2011-11-25,3.99,4.03,3.88,3.9,3.9,106400,0.0,1.0
2011-11-28,3.99,4.15,3.95,4.11,4.11,350600,0.0,1.0
2011-11-29,4.1,4.35,4.02,4.34,4.34,370900,0.0,1.0
2011-11-30,4.5,4.5,4.11,4.27,4.27,643700,0.0,1.0
2011-12-01,4.25,4.3999,4.22,4.37,4.37,356000,0.0,1.0
2011-12-02,4.44,4.48,4.24,4.27,4.27,275200,0.0,1.0
2011-12-05,4.33,4.42,4.3,4.42,4.42,329400,0.0,1.0
2011-12-06,4.41,4.41,4.25,4.38,4.38,285000,0.0,1.0
2011-12-07,4.34,4.39,4.27,4.36,4.36,410100,0.0,1.0
2011-12-08,4.3,4.49,4.19,4.37,4.37,454100,0.0,1.0
2011-12-09,4.4,4.69,4.28,4.67,4.67,523900,0.0,1.0
2011-12-12,4.62,4.62,4.42,4.5,4.5,282400,0.0,1.0
2011-12-13,4.55,4.76,4.28,4.54,4.54,553500,0.0,1.0
2011-12-14,4.54,4.63,4.504,4.58,4.58,377600,0.0,1.0
2011-12-15,4.63,4.79,4.4904,4.58,4.58,288500,0.0,1.0
2011-12-16,4.62,4.7,4.57,4.68,4.68,413200,0.0,1.0
2011-12-19,4.7,4.7,4.39,4.4,4.4,253300,0.0,1.0
2011-12-20,4.49,4.69,4.49,4.62,4.62,406200,0.0,1.0
2011-12-21,4.6,4.66,4.47,4.64,4.64,249200,0.0,1.0
2011-12-22,4.66,4.7,4.6,4.68,4.68,177900,0.0,1.0
2011-12-23,4.72,4.7388,4.62,4.64,4.64,84500,0.0,1.0
2011-12-27,4.65,4.74,4.55,4.63,4.63,149500,0.0,1.0
2011-12-28,4.61,4.61,4.51,4.52,4.52,183900,0.0,1.0
2011-12-29,4.54,4.57,4.45,4.49,4.49,196900,0.0,1.0
2011-12-30,4.48,4.56,4.42,4.44,4.44,181800,0.0,1.0
2012-01-03,4.54,4.55,4.1,4.13,4.13,588900,0.0,1.0
2012-01-04,4.1,4.34,4.1,4.25,4.25,278500,0.0,1.0
2012-01-05,4.25,4.47,4.2,4.47,4.47,321700,0.0,1.0
2012-01-06,4.48,4.53,4.35,4.41,4.41,237700,0.0,1.0
2012-01-09,4.41,4.43,4.22,4.25,4.25,286200,0.0,1.0
2012-01-10,4.07,4.4,4.05,4.35,4.35,361100,0.0,1.0
2012-01-11,4.35,4.35,4.23,4.24,4.24,144000,0.0,1.0
2012-01-12,4.23,4.25,4.16,4.2,4.2,271900,0.0,1.0
2012-01-13,4.16,4.23,4.1,4.19,4.19,164000,0.0,1.0
2012-01-17,4.21,4.33,4.19,4.22,4.22,274000,0.0,1.0
2012-01-18,4.2,4.31,4.15,4.28,4.28,273700,0.0,1.0
2012-01-19,4.28,4.28,4.16,4.23,4.23,205300,0.0,1.0
2012-01-20,4.21,4.22,4.11,4.18,4.18,113800,0.0,1.0
2012-01-23,4.19,4.19,3.98,4.03,4.03,183500,0.0,1.0
2012-01-24,4.02,4.03,3.765,3.78,3.78,584400,0.0,1.0
2012-01-25,3.8,3.95,3.75,3.93,3.93,300000,0.0,1.0
2012-01-26,3.95,4.0901,3.86,4.08,4.08,343300,0.0,1.0
2012-01-27,4.05,4.05,3.95,4.0,4.0,140400,0.0,1.0
2012-01-30,3.97,4.0,3.86,3.99,3.99,221300,0.0,1.0
2012-01-31,3.93,3.93,3.29,3.45,3.45,1438500,0.0,1.0
2012-02-01,3.48,3.7,3.45,3.68,3.68,1149700,0.0,1.0
2012-02-02,3.72,3.8,3.58,3.79,3.79,657900,0.0,1.0
2012-02-03,3.87,4.07,3.82,4.04,4.04,511900,0.0,1.0
2012-02-06,4.02,4.02,3.85,3.85,3.85,309200,0.0,1.0
2012-02-07,3.84,4.05,3.81,4.0,4.0,578600,0.0,1.0
2012-02-08,4.0,4.1,3.99,4.09,4.09,119700,0.0,1.0
2012-02-09,4.11,4.11,3.96,4.02,4.02,208100,0.0,1.0
2012-02-10,3.98,4.06,3.93,4.01,4.01,203600,0.0,1.0
2012-02-13,4.08,4.18,4.03,4.08,4.08,143600,0.0,1.0
2012-02-14,4.07,4.07,3.9,3.95,3.95,234200,0.0,1.0
2012-02-15,3.97,4.03,3.86,3.87,3.87,404600,0.0,1.0
2012-02-16,3.88,4.1,3.86,4.05,4.05,110200,0.0,1.0
2012-02-17,4.07,4.07,3.92,4.06,4.06,117400,0.0,1.0
2012-02-21,4.04,4.04,3.94,3.95,3.95,161000,0.0,1.0
2012-02-22,3.94,3.97,3.85,3.85,3.85,132600,0.0,1.0
2012-02-23,3.84,3.8901,3.77,3.83,3.83,198700,0.0,1.0
2012-02-24,3.82,3.84,3.78,3.82,3.82,136100,0.0,1.0
2012-02-27,3.8,3.82,3.75,3.79,3.79,162100,0.0,1.0
2012-02-28,3.77,3.81,3.75,3.76,3.76,91700,0.0,1.0
2012-02-29,3.76,3.7899,3.64,3.7,3.7,267300,0.0,1.0
2012-03-01,3.71,3.84,3.71,3.8,3.8,284200,0.0,1.0
2012-03-02,3.8,3.8201,3.76,3.8,3.8,221600,0.0,1.0
2012-03-05,3.79,3.86,3.75,3.8,3.8,148500,0.0,1.0
2012-03-06,3.75,3.7955,3.69,3.71,3.71,153700,0.0,1.0
2012-03-07,3.715,3.73,3.68,3.72,3.72,145900,0.0,1.0
2012-03-08,3.75,3.84,3.7,3.8,3.8,258600,0.0,1.0
2012-03-09,3.8,3.85,3.7,3.73,3.73,220300,0.0,1.0
2012-03-12,3.74,3.79,3.7,3.73,3.73,169600,0.0,1.0
2012-03-13,3.75,3.84,3.7,3.82,3.82,284400,0.0,1.0
2012-03-14,3.82,3.82,3.7,3.71,3.71,84900,0.0,1.0
2012-03-15,3.72,3.73,3.63,3.71,3.71,250400,0.0,1.0
2012-03-16,3.71,3.73,3.655,3.72,3.72,356500,0.0,1.0
2012-03-19,3.71,3.86,3.68,3.77,3.77,106400,0.0,1.0
2012-03-20,3.73,3.76,3.66,3.7,3.7,89100,0.0,1.0
2012-03-21,3.72,3.75,3.66,3.69,3.69,128700,0.0,1.0
2012-03-22,3.67,3.75,3.5875,3.63,3.63,149400,0.0,1.0
2012-03-23,3.64,3.71,3.61,3.71,3.71,79400,0.0,1.0
2012-03-26,3.75,3.82,3.68,3.76,3.76,160800,0.0,1.0
2012-03-27,3.76,3.76,3.64,3.69,3.69,116500,0.0,1.0
2012-03-28,3.68,3.73,3.62,3.71,3.71,163300,0.0,1.0
2012-03-29,3.68,3.74,3.65,3.73,3.73,105500,0.0,1.0
2012-03-30,3.76,3.78,3.69,3.7,3.7,188000,0.0,1.0
2012-04-02,3.68,3.74,3.65,3.69,3.69,208400,0.0,1.0
2012-04-03,3.68,3.77,3.66,3.69,3.69,168000,0.0,1.0
2012-04-04,3.68,3.68,3.56,3.58,3.58,152500,0.0,1.0
2012-04-05,3.56,3.57,3.51,3.52,3.52,241500,0.0,1.0
2012-04-09,3.49,3.51,3.44,3.5,3.5,269800,0.0,1.0
2012-04-10,3.51,3.59,3.46,3.5,3.5,248800,0.0,1.0
2012-04-11,3.54,3.54,3.49,3.5,3.5,127300,0.0,1.0
2012-04-12,3.51,3.71,3.5,3.69,3.69,200900,0.0,1.0
2012-04-13,3.67,3.67,3.62,3.65,3.65,194800,0.0,1.0
2012-04-16,3.65,3.65,3.5099,3.6,3.6,174900,0.0,1.0
2012-04-17,3.63,3.64,3.57,3.58,3.58,116400,0.0,1.0
2012-04-18,3.55,3.595,3.5,3.54,3.54,84800,0.0,1.0
2012-04-19,3.53,3.58,3.5,3.52,3.52,166400,0.0,1.0
2012-04-20,3.58,3.58,3.49,3.56,3.56,188100,0.0,1.0
2012-04-23,3.5,3.51,3.42,3.48,3.48,185000,0.0,1.0
2012-04-24,3.49,3.51,3.46,3.5,3.5,106700,0.0,1.0
2012-04-25,3.55,3.65,3.5,3.64,3.64,163500,0.0,1.0
2012-04-26,3.61,3.77,3.58,3.69,3.69,205700,0.0,1.0
2012-04-27,3.71,3.71,3.45,3.62,3.62,318000,0.0,1.0
2012-04-30,3.61,3.61,3.49,3.5,3.5,200000,0.0,1.0
2012-05-01,3.5,3.79,3.5,3.68,3.68,281000,0.0,1.0
2012-05-02,3.64,3.76,3.64,3.73,3.73,157100,0.0,1.0
2012-05-03,3.74,3.79,3.7394,3.78,3.78,156900,0.0,1.0
2012-05-04,3.75,3.75,3.68,3.7,3.7,176000,0.0,1.0
2012-05-07,3.68,3.74,3.66,3.71,3.71,89000,0.0,1.0
2012-05-08,3.68,3.77,3.65,3.76,3.76,67900,0.0,1.0
2012-05-09,3.72,3.82,3.69,3.79,3.79,82000,0.0,1.0
2012-05-10,3.83,3.93,3.83,3.89,3.89,77000,0.0,1.0
2012-05-11,3.85,3.93,3.71,3.72,3.72,189500,0.0,1.0
2012-05-14,3.68,3.75,3.65,3.65,3.65,158200,0.0,1.0
2012-05-15,3.66,3.72,3.61,3.68,3.68,93000,0.0,1.0
2012-05-16,3.68,3.69,3.6,3.6,3.6,88800,0.0,1.0
2012-05-17,3.6,3.61,3.55,3.56,3.56,228900,0.0,1.0
2012-05-18,3.54,3.59,3.51,3.56,3.56,142800,0.0,1.0
2012-05-21,3.59,3.59,3.5,3.57,3.57,240100,0.0,1.0
2012-05-22,3.55,3.58,3.49,3.51,3.51,178000,0.0,1.0
2012-05-23,3.5,3.63,3.46,3.6,3.6,132000,0.0,1.0
2012-05-24,3.6,3.62,3.49,3.59,3.59,182700,0.0,1.0
2012-05-25,3.57,3.65,3.55,3.58,3.58,150200,0.0,1.0
2012-05-29,3.63,3.66,3.52,3.55,3.55,150200,0.0,1.0
2012-05-30,3.52,3.68,3.52,3.57,3.57,151100,0.0,1.0
2012-05-31,3.57,3.63,3.44,3.59,3.59,304500,0.0,1.0
2012-06-01,3.53,3.53,3.39,3.43,3.43,255800,0.0,1.0
2012-06-04,3.46,3.52,3.43,3.51,3.51,155000,0.0,1.0
2012-06-05,3.47,3.55,3.46,3.53,3.53,90600,0.0,1.0
2012-06-06,3.55,3.687,3.5,3.63,3.63,125600,0.0,1.0
2012-06-07,3.66,3.66,3.54,3.56,3.56,141300,0.0,1.0
2012-06-08,3.5,3.64,3.5,3.61,3.61,133800,0.0,1.0
2012-06-11,3.65,3.65,3.5,3.54,3.54,129800,0.0,1.0
2012-06-12,3.53,3.58,3.49,3.57,3.57,157600,0.0,1.0
2012-06-13,3.58,3.62,3.5,3.53,3.53,99100,0.0,1.0
2012-06-14,3.52,3.65,3.52,3.64,3.64,118800,0.0,1.0
2012-06-15,3.62,3.785,3.6,3.76,3.76,270500,0.0,1.0
2012-06-18,3.73,3.82,3.7,3.71,3.71,74500,0.0,1.0
2012-06-19,3.73,3.78,3.7,3.72,3.72,206400,0.0,1.0
2012-06-20,3.71,3.74,3.63,3.64,3.64,181100,0.0,1.0
2012-06-21,3.65,3.7,3.5,3.54,3.54,115700,0.0,1.0
2012-06-22,3.57,3.62,3.51,3.56,3.56,342800,0.0,1.0
2012-06-25,3.51,3.57,3.49,3.51,3.51,106600,0.0,1.0
2012-06-26,3.52,3.56,3.49,3.55,3.55,84100,0.0,1.0
2012-06-27,3.58,3.73,3.5678,3.71,3.71,76600,0.0,1.0
2012-06-28,3.67,3.74,3.5901,3.71,3.71,105700,0.0,1.0
2012-06-29,3.78,3.84,3.7099,3.76,3.76,319200,0.0,1.0
2012-07-02,3.75,3.76,3.64,3.7,3.7,264100,0.0,1.0
2012-07-03,3.71,3.739,3.65,3.7,3.7,69900,0.0,1.0
2012-07-05,3.69,3.7499,3.66,3.69,3.69,147600,0.0,1.0
2012-07-06,3.65,3.7,3.64,3.65,3.65,58400,0.0,1.0
2012-07-09,3.68,3.68,3.59,3.67,3.67,83500,0.0,1.0
2012-07-10,3.7,3.7,3.6,3.62,3.62,108600,0.0,1.0
2012-07-11,3.64,3.64,3.56,3.6,3.6,117500,0.0,1.0
2012-07-12,3.57,3.62,3.54,3.56,3.56,108700,0.0,1.0
2012-07-13,3.56,3.58,3.56,3.57,3.57,105500,0.0,1.0
2012-07-16,3.57,3.57,3.5,3.5,3.5,132200,0.0,1.0
2012-07-17,3.51,3.57,3.49,3.52,3.52,71800,0.0,1.0
2012-07-18,3.5,3.56,3.43,3.47,3.47,178500,0.0,1.0
2012-07-19,3.48,3.52,3.45,3.5,3.5,135600,0.0,1.0
2012-07-20,3.46,3.54,3.46,3.5,3.5,159200,0.0,1.0
2012-07-23,3.45,3.54,3.45,3.48,3.48,141200,0.0,1.0
2012-07-24,3.5,3.5,3.41,3.43,3.43,174700,0.0,1.0
2012-07-25,3.41,3.43,3.35,3.38,3.38,142400,0.0,1.0
2012-07-26,3.42,3.44,3.36,3.43,3.43,101200,0.0,1.0
2012-07-27,3.41,3.47,3.36,3.39,3.39,149500,0.0,1.0
2012-07-30,3.4,3.44,3.36,3.42,3.42,123200,0.0,1.0
2012-07-31,3.44,3.6,3.43,3.56,3.56,305400,0.0,1.0
2012-08-01,3.75,3.81,3.69,3.69,3.69,345300,0.0,1.0
2012-08-02,3.68,3.77,3.58,3.6,3.6,101600,0.0,1.0
2012-08-03,3.64,3.79,3.61,3.69,3.69,126200,0.0,1.0
2012-08-06,3.7,3.82,3.69,3.78,3.78,217600,0.0,1.0
2012-08-07,3.81,3.85,3.785,3.83,3.83,211700,0.0,1.0
2012-08-08,3.84,3.86,3.8,3.82,3.82,80500,0.0,1.0
2012-08-09,3.81,3.82,3.7301,3.79,3.79,70200,0.0,1.0
2012-08-10,3.79,3.79,3.72,3.73,3.73,51200,0.0,1.0
2012-08-13,3.74,3.74,3.66,3.69,3.69,168700,0.0,1.0
2012-08-14,3.73,3.8,3.67,3.68,3.68,196000,0.0,1.0
2012-08-15,3.66,3.78,3.66,3.76,3.76,175200,0.0,1.0
2012-08-16,3.76,3.78,3.69,3.75,3.75,151200,0.0,1.0
2012-08-17,3.73,3.83,3.65,3.82,3.82,132300,0.0,1.0
2012-08-20,3.78,3.8,3.72,3.77,3.77,91000,0.0,1.0
2012-08-21,3.77,3.9,3.77,3.83,3.83,114000,0.0,1.0
2012-08-22,3.84,3.89,3.8,3.82,3.82,77800,0.0,1.0
2012-08-23,3.83,3.87,3.75,3.79,3.79,74700,0.0,1.0
2012-08-24,3.77,3.89,3.73,3.85,3.85,41600,0.0,1.0
2012-08-27,3.87,4.02,3.83,4.0,4.0,144000,0.0,1.0
2012-08-28,4.01,4.02,3.87,3.94,3.94,181100,0.0,1.0
2012-08-29,3.96,3.99,3.89,3.91,3.91,78500,0.0,1.0
2012-08-30,3.88,3.88,3.779,3.78,3.78,37600,0.0,1.0
2012-08-31,3.82,3.82,3.73,3.82,3.82,124700,0.0,1.0
2012-09-04,3.83,3.93,3.69,3.9,3.9,165400,0.0,1.0
2012-09-05,3.93,4.03,3.83,3.99,3.99,243800,0.0,1.0
2012-09-06,4.01,4.13,3.92,4.13,4.13,217100,0.0,1.0
2012-09-07,4.15,4.2,4.12,4.14,4.14,137500,0.0,1.0
2012-09-10,4.13,4.14,4.06,4.08,4.08,113900,0.0,1.0
2012-09-11,4.07,4.09,3.98,4.0,4.0,143500,0.0,1.0
2012-09-12,4.02,4.03,3.94,4.01,4.01,274000,0.0,1.0
2012-09-13,4.03,4.14,3.98,4.0118,4.0118,373500,0.0,1.0
2012-09-14,4.05,4.11,3.98,4.0,4.0,242300,0.0,1.0
2012-09-17,3.97,4.04,3.95,4.03,4.03,96300,0.0,1.0
2012-09-18,4.02,4.11,3.98,4.1,4.1,110300,0.0,1.0
2012-09-19,4.1,4.13,4.0501,4.1,4.1,131200,0.0,1.0
2012-09-20,4.07,4.25,4.0,4.21,4.21,174000,0.0,1.0
2012-09-21,4.29,4.36,4.19,4.23,4.23,270800,0.0,1.0
2012-09-24,4.2,4.32,4.14,4.19,4.19,131700,0.0,1.0
2012-09-25,4.21,4.3,4.11,4.11,4.11,149900,0.0,1.0
2012-09-26,4.12,4.18,4.12,4.17,4.17,88300,0.0,1.0
2012-09-27,4.16,4.24,4.1,4.23,4.23,64300,0.0,1.0
2012-09-28,4.2,4.23,4.13,4.18,4.18,100900,0.0,1.0
2012-10-01,4.2,4.39,4.16,4.36,4.36,177500,0.0,1.0
2012-10-02,4.37,4.38,4.29,4.33,4.33,99900,0.0,1.0
2012-10-03,4.32,4.66,4.32,4.61,4.61,156000,0.0,1.0
2012-10-04,4.64,4.64,4.36,4.45,4.45,180800,0.0,1.0
2012-10-05,4.46,4.589,4.46,4.54,4.54,369600,0.0,1.0
2012-10-08,4.53,4.54,4.39,4.42,4.42,49900,0.0,1.0
2012-10-09,4.44,4.46,4.22,4.25,4.25,150400,0.0,1.0
2012-10-10,4.25,4.3,4.21,4.29,4.29,85800,0.0,1.0
2012-10-11,4.33,4.47,4.26,4.45,4.45,139100,0.0,1.0
2012-10-12,4.5,4.6,4.45,4.56,4.56,218500,0.0,1.0
2012-10-15,4.6,4.6,4.34,4.42,4.42,126600,0.0,1.0
2012-10-16,4.44,4.45,4.37,4.45,4.45,108500,0.0,1.0
2012-10-17,4.47,4.47,4.29,4.34,4.34,94600,0.0,1.0
2012-10-18,4.34,4.345,4.2,4.22,4.22,171500,0.0,1.0
2012-10-19,4.25,4.25,4.1,4.1,4.1,233900,0.0,1.0
2012-10-22,4.17,4.19,4.05,4.08,4.08,110800,0.0,1.0
2012-10-23,4.12,4.2,4.05,4.14,4.14,154100,0.0,1.0
2012-10-24,4.31,4.355,4.19,4.27,4.27,165000,0.0,1.0
2012-10-25,4.32,4.39,4.22,4.23,4.23,86800,0.0,1.0
2012-10-26,4.23,4.23,4.082,4.15,4.15,109300,0.0,1.0
2012-10-31,4.17,4.17,3.975,4.06,4.06,337900,0.0,1.0
2012-11-01,4.06,4.14,4.04,4.1,4.1,121800,0.0,1.0
2012-11-02,4.11,4.17,4.08,4.1,4.1,187500,0.0,1.0
2012-11-05,4.11,4.395,4.11,4.36,4.36,109600,0.0,1.0
2012-11-06,4.39,4.47,4.36,4.38,4.38,102200,0.0,1.0
2012-11-07,4.38,4.4,4.1401,4.23,4.23,113200,0.0,1.0
2012-11-08,4.24,4.3,4.1,4.1,4.1,106900,0.0,1.0
2012-11-09,4.1,4.32,4.1,4.18,4.18,116100,0.0,1.0
2012-11-12,4.21,4.37,4.191,4.34,4.34,165800,0.0,1.0
2012-11-13,4.29,4.34,4.05,4.33,4.33,212600,0.0,1.0
2012-11-14,4.35,4.36,4.21,4.25,4.25,183800,0.0,1.0
2012-11-15,4.26,4.31,4.12,4.24,4.24,129100,0.0,1.0
2012-11-16,4.22,4.33,4.16,4.27,4.27,167400,0.0,1.0
2012-11-19,4.34,4.39,4.265,4.31,4.31,161300,0.0,1.0
2012-11-20,4.31,4.4,4.26,4.31,4.31,62600,0.0,1.0
2012-11-21,4.34,4.5,4.33,4.39,4.39,41900,0.0,1.0
2012-11-23,4.43,4.5,4.41,4.47,4.47,52600,0.0,1.0
2012-11-26,4.47,4.48,4.3,4.36,4.36,112000,0.0,1.0
2012-11-27,4.35,4.4,4.25,4.34,4.34,66300,0.0,1.0
2012-11-28,4.31,4.39,4.26,4.38,4.38,50000,0.0,1.0
2012-11-29,4.42,4.65,4.4,4.57,4.57,191000,0.0,1.0
2012-11-30,4.59,4.59,4.4,4.47,4.47,151400,0.0,1.0
2012-12-03,4.49,4.51,4.385,4.4,4.4,143100,0.0,1.0
2012-12-04,4.38,4.4,4.34,4.35,4.35,63500,0.0,1.0
2012-12-05,4.37,4.37,4.08,4.15,4.15,171700,0.0,1.0
2012-12-06,4.11,4.209,4.11,4.2,4.2,169200,0.0,1.0
2012-12-07,4.22,4.28,4.15,4.17,4.17,62700,0.0,1.0
2012-12-10,4.18,4.2,4.13,4.19,4.19,149100,0.0,1.0
2012-12-11,4.24,4.29,4.18,4.29,4.29,133900,0.0,1.0
2012-12-12,4.28,4.28,4.14,4.15,4.15,75600,0.0,1.0
2012-12-13,4.15,4.17,4.08,4.1,4.1,169800,0.0,1.0
2012-12-14,4.22,4.3399,4.15,4.26,4.26,172100,0.0,1.0
2012-12-17,4.29,4.3,4.13,4.21,4.21,136400,0.0,1.0
2012-12-18,4.22,4.43,4.2,4.42,4.42,100500,0.0,1.0
2012-12-19,4.41,4.45,4.28,4.44,4.44,88500,0.0,1.0
2012-12-20,4.42,4.45,4.3,4.36,4.36,181100,0.0,1.0
2012-12-21,4.35,4.4,4.22,4.39,4.39,421000,0.0,1.0
2012-12-24,4.38,4.47,4.32,4.35,4.35,109800,0.0,1.0
2012-12-26,4.37,4.4,4.25,4.255,4.255,81400,0.0,1.0
2012-12-27,4.24,4.3,4.19,4.19,4.19,60000,0.0,1.0
2012-12-28,4.19,4.21,4.08,4.1,4.1,284200,0.0,1.0
2012-12-31,4.12,4.28,4.0901,4.27,4.27,134500,0.0,1.0
2013-01-02,4.36,4.44,4.3,4.4,4.4,246800,0.0,1.0
2013-01-03,4.4,4.42,4.19,4.19,4.19,146900,0.0,1.0
2013-01-04,4.23,4.2798,4.1548,4.21,4.21,181600,0.0,1.0
2013-01-07,4.22,4.22,4.1,4.12,4.12,144700,0.0,1.0
2013-01-08,4.12,4.22,4.02,4.05,4.05,312500,0.0,1.0
2013-01-09,4.07,4.21,4.05,4.13,4.13,243200,0.0,1.0
2013-01-10,4.15,4.15,4.05,4.08,4.08,83800,0.0,1.0
2013-01-11,4.11,4.13,4.09,4.1,4.1,105100,0.0,1.0
2013-01-14,4.12,4.19,4.06,4.08,4.08,266200,0.0,1.0
2013-01-15,4.05,4.24,4.05,4.15,4.15,138200,0.0,1.0
2013-01-16,4.15,4.23,4.13,4.15,4.15,372400,0.0,1.0
2013-01-17,4.18,4.2,4.13,4.15,4.15,132600,0.0,1.0
2013-01-18,4.16,4.2,4.08,4.09,4.09,143700,0.0,1.0
2013-01-22,4.1,4.16,4.06,4.1,4.1,120700,0.0,1.0
2013-01-23,4.11,4.19,4.1,4.16,4.16,116700,0.0,1.0
2013-01-24,4.14,4.24,4.12,4.14,4.14,118100,0.0,1.0
2013-01-25,4.17,4.2,4.09,4.12,4.12,460700,0.0,1.0
2013-01-28,4.12,4.36,4.12,4.36,4.36,173800,0.0,1.0
2013-01-29,4.34,4.48,4.24,4.45,4.45,303500,0.0,1.0
2013-01-30,4.43,4.59,4.3,4.49,4.49,593100,0.0,1.0
2013-01-31,4.5,5.11,4.46,4.92,4.92,473400,0.0,1.0
2013-02-01,4.98,4.98,4.88,4.95,4.95,361300,0.0,1.0
2013-02-04,4.95,4.95,4.82,4.88,4.88,229800,0.0,1.0
2013-02-05,4.89,4.95,4.73,4.74,4.74,91000,0.0,1.0
2013-02-06,4.71,4.76,4.66,4.74,4.74,109900,0.0,1.0
2013-02-07,4.4,4.4,3.961,4.03,4.03,1051800,0.0,1.0
2013-02-08,4.1,4.1,3.95,4.03,4.03,674400,0.0,1.0
2013-02-11,4.02,4.025,3.9,3.95,3.95,299600,0.0,1.0
2013-02-12,3.96,4.05,3.92,3.94,3.94,226400,0.0,1.0
2013-02-13,3.96,3.99,3.9,3.91,3.91,159100,0.0,1.0
2013-02-14,3.9,3.96,3.82,3.84,3.84,220000,0.0,1.0
2013-02-15,3.85,3.9145,3.83,3.84,3.84,283700,0.0,1.0
2013-02-19,3.82,3.87,3.72,3.77,3.77,342600,0.0,1.0
2013-02-20,3.76,3.8,3.67,3.67,3.67,387600,0.0,1.0
2013-02-21,3.7,3.77,3.63,3.68,3.68,198200,0.0,1.0
2013-02-22,3.71,3.74,3.625,3.65,3.65,244300,0.0,1.0
2013-02-25,3.71,3.76,3.6,3.6,3.6,424100,0.0,1.0
2013-02-26,3.6,3.7,3.53,3.6,3.6,266800,0.0,1.0
2013-02-27,3.61,3.75,3.61,3.64,3.64,177600,0.0,1.0
2013-02-28,3.66,3.7,3.63,3.63,3.63,183600,0.0,1.0
2013-03-01,3.6,3.75,3.58,3.65,3.65,412500,0.0,1.0
2013-03-04,3.66,3.73,3.57,3.61,3.61,249500,0.0,1.0
2013-03-05,3.62,3.67,3.595,3.61,3.61,231500,0.0,1.0
2013-03-06,3.61,3.67,3.55,3.59,3.59,167600,0.0,1.0
2013-03-07,3.6,3.67,3.5801,3.62,3.62,158500,0.0,1.0
2013-03-08,3.67,3.71,3.61,3.62,3.62,183000,0.0,1.0
2013-03-11,3.61,3.655,3.6,3.64,3.64,207400,0.0,1.0
2013-03-12,3.64,3.83,3.64,3.79,3.79,851700,0.0,1.0
2013-03-13,3.83,3.92,3.69,3.84,3.84,587700,0.0,1.0
2013-03-14,3.87,3.98,3.86,3.92,3.92,262600,0.0,1.0
2013-03-15,3.93,4.0,3.8,3.89,3.89,434800,0.0,1.0
2013-03-18,3.86,3.94,3.835,3.89,3.89,272400,0.0,1.0
2013-03-19,3.89,4.01,3.88,3.98,3.98,258200,0.0,1.0
2013-03-20,4.04,4.33,4.03,4.05,4.05,299100,0.0,1.0
2013-03-21,4.01,4.16,4.01,4.09,4.09,239600,0.0,1.0
2013-03-22,4.12,4.13,3.96,3.98,3.98,182000,0.0,1.0
2013-03-25,4.01,4.01,3.8916,3.94,3.94,153500,0.0,1.0
2013-03-26,3.95,3.99,3.9,3.96,3.96,185500,0.0,1.0
2013-03-27,3.94,3.96,3.9,3.92,3.92,154100,0.0,1.0
2013-03-28,3.95,3.99,3.91,3.93,3.93,194800,0.0,1.0
2013-04-01,4.025,4.025,3.9,3.91,3.91,311100,0.0,1.0
2013-04-02,3.93,3.9799,3.84,3.89,3.89,336500,0.0,1.0
2013-04-03,3.91,3.91,3.8,3.83,3.83,168400,0.0,1.0
2013-04-04,3.85,3.85,3.75,3.79,3.79,275600,0.0,1.0
2013-04-05,3.72,3.98,3.72,3.9,3.9,191500,0.0,1.0
2013-04-08,3.92,3.98,3.8,3.83,3.83,223300,0.0,1.0
2013-04-09,3.85,3.93,3.78,3.81,3.81,302300,0.0,1.0
2013-04-10,3.81,3.9,3.8005,3.859,3.859,306400,0.0,1.0
2013-04-11,3.86,3.9088,3.79,3.795,3.795,330200,0.0,1.0
2013-04-12,3.77,3.86,3.77,3.81,3.81,212100,0.0,1.0
2013-04-15,3.78,3.88,3.6101,3.76,3.76,453300,0.0,1.0
2013-04-16,3.79,3.8,3.75,3.78,3.78,156800,0.0,1.0
2013-04-17,3.76,3.77,3.72,3.74,3.74,300200,0.0,1.0
2013-04-18,3.75,3.9,3.74,3.87,3.87,162600,0.0,1.0
2013-04-19,3.92,3.94,3.71,3.76,3.76,216600,0.0,1.0
2013-04-22,3.78,3.97,3.745,3.76,3.76,176900,0.0,1.0
2013-04-23,3.8,3.94,3.7,3.74,3.74,174100,0.0,1.0
2013-04-24,3.75,3.76,3.6,3.64,3.64,422500,0.0,1.0
2013-04-25,3.82,4.05,3.82,3.85,3.85,475900,0.0,1.0
2013-04-26,3.84,3.85,3.73,3.75,3.75,331800,0.0,1.0
2013-04-29,3.87,3.87,3.75,3.84,3.84,219400,0.0,1.0
2013-04-30,3.88,4.02,3.86,3.98,3.98,376300,0.0,1.0
2013-05-01,3.97,3.99,3.85,3.85,3.85,374200,0.0,1.0
2013-05-02,3.88,4.03,3.88,4.01,4.01,232200,0.0,1.0
2013-05-03,4.07,4.12,3.98,4.1,4.1,202200,0.0,1.0
2013-05-06,4.12,4.19,4.05,4.14,4.14,225500,0.0,1.0
2013-05-07,4.17,4.3899,4.1501,4.31,4.31,502100,0.0,1.0
2013-05-08,4.31,4.4201,4.26,4.31,4.31,175300,0.0,1.0
2013-05-09,4.33,4.38,4.29,4.35,4.35,135200,0.0,1.0
2013-05-10,4.37,4.42,4.14,4.18,4.18,182200,0.0,1.0
2013-05-13,4.16,4.31,4.15,4.19,4.19,144300,0.0,1.0
2013-05-14,4.21,4.21,4.085,4.18,4.18,276000,0.0,1.0
2013-05-15,4.16,4.369,4.12,4.3,4.3,204700,0.0,1.0
2013-05-16,4.27,4.42,4.27,4.38,4.38,170000,0.0,1.0
2013-05-17,4.41,4.41,4.3,4.33,4.33,304200,0.0,1.0
2013-05-20,4.33,4.4,4.26,4.37,4.37,161800,0.0,1.0
2013-05-21,4.4,4.4,4.29,4.3,4.3,152800,0.0,1.0
2013-05-22,4.32,4.34,4.05,4.06,4.06,312800,0.0,1.0
2013-05-23,4.02,4.14,4.02,4.11,4.11,218900,0.0,1.0
2013-05-24,4.1,4.1,4.03,4.06,4.06,133400,0.0,1.0
2013-05-28,4.15,4.15,4.0,4.04,4.04,401800,0.0,1.0
2013-05-29,4.03,4.1065,3.98,4.01,4.01,174500,0.0,1.0
2013-05-30,4.04,4.0468,3.93,4.0,4.0,229400,0.0,1.0
2013-05-31,3.99,4.07,3.98,4.05,4.05,138800,0.0,1.0
2013-06-03,4.05,4.3,4.03,4.27,4.27,419400,0.0,1.0
2013-06-04,4.3,4.37,4.26,4.35,4.35,239300,0.0,1.0
2013-06-05,4.36,4.36,4.235,4.3,4.3,140000,0.0,1.0
2013-06-06,4.3,4.45,4.25,4.45,4.45,195700,0.0,1.0
2013-06-07,4.48,4.53,4.32,4.39,4.39,187800,0.0,1.0
2013-06-10,4.37,4.48,4.34,4.48,4.48,206100,0.0,1.0
2013-06-11,4.45,4.46,4.38,4.4,4.4,105100,0.0,1.0
2013-06-12,4.44,4.48,4.33,4.37,4.37,318900,0.0,1.0
2013-06-13,4.35,4.35,4.2,4.33,4.33,239100,0.0,1.0
2013-06-14,4.31,4.35,4.23,4.25,4.25,168200,0.0,1.0
2013-06-17,4.25,4.33,4.25,4.33,4.33,161600,0.0,1.0
2013-06-18,4.35,4.42,4.28,4.4,4.4,155100,0.0,1.0
2013-06-19,4.39,4.39,4.24,4.27,4.27,307200,0.0,1.0
2013-06-20,4.22,4.28,4.2,4.25,4.25,166300,0.0,1.0
2013-06-21,4.26,4.34,4.225,4.32,4.32,374700,0.0,1.0
2013-06-24,4.33,4.35,4.215,4.26,4.26,216300,0.0,1.0
2013-06-25,4.27,4.29,4.02,4.07,4.07,275000,0.0,1.0
2013-06-26,4.1,4.17,4.025,4.06,4.06,157800,0.0,1.0
2013-06-27,4.09,4.09,3.98,4.04,4.04,128400,0.0,1.0
2013-06-28,4.01,4.06,3.76,3.76,3.76,823600,0.0,1.0
2013-07-01,3.95,4.04,3.79,3.82,3.82,365900,0.0,1.0
2013-07-02,3.82,3.82,3.75,3.77,3.77,215100,0.0,1.0
2013-07-03,3.8,3.8,3.75,3.76,3.76,93900,0.0,1.0
2013-07-05,3.82,3.98,3.73,3.95,3.95,169500,0.0,1.0
2013-07-08,3.95,3.97,3.84,3.94,3.94,163000,0.0,1.0
2013-07-09,3.96,3.96,3.85,3.92,3.92,153900,0.0,1.0
2013-07-10,3.91,4.0,3.9,4.0,4.0,154400,0.0,1.0
2013-07-11,4.03,4.09,3.97,4.06,4.06,162300,0.0,1.0
2013-07-12,4.05,4.115,4.0,4.11,4.11,144400,0.0,1.0
2013-07-15,4.09,4.22,4.05,4.17,4.17,153000,0.0,1.0
2013-07-16,4.16,4.22,4.0,4.19,4.19,94400,0.0,1.0
2013-07-17,4.21,4.26,4.115,4.25,4.25,193600,0.0,1.0
2013-07-18,4.25,4.27,4.11,4.16,4.16,96800,0.0,1.0
2013-07-19,4.15,4.25,4.15,4.19,4.19,63600,0.0,1.0
2013-07-22,4.15,4.23,4.13,4.21,4.21,73800,0.0,1.0
2013-07-23,4.24,4.24,4.11,4.2,4.2,106200,0.0,1.0
2013-07-24,4.2,4.25,4.16,4.2,4.2,135800,0.0,1.0
2013-07-25,4.2,4.295,4.15,4.28,4.28,210600,0.0,1.0
2013-07-26,4.24,4.26,4.14,4.23,4.23,160800,0.0,1.0
2013-07-29,4.22,4.24,4.1,4.1,4.1,109100,0.0,1.0
2013-07-30,4.12,4.23,4.05,4.05,4.05,102300,0.0,1.0
2013-07-31,4.08,4.08,3.91,3.92,3.92,222400,0.0,1.0
2013-08-01,3.94,4.08,3.93,4.07,4.07,161300,0.0,1.0
2013-08-02,4.09,4.1,4.0,4.1,4.1,110200,0.0,1.0
2013-08-05,4.08,4.14,4.05,4.12,4.12,119300,0.0,1.0
2013-08-06,4.05,4.1255,4.01,4.04,4.04,248700,0.0,1.0
2013-08-07,3.88,3.98,3.85,3.86,3.86,275500,0.0,1.0
2013-08-08,3.92,3.92,3.5375,3.73,3.73,660400,0.0,1.0
2013-08-09,3.67,3.75,3.62,3.65,3.65,233100,0.0,1.0
2013-08-12,3.64,3.7,3.62,3.68,3.68,373100,0.0,1.0
2013-08-13,3.69,3.7,3.63,3.65,3.65,534600,0.0,1.0
2013-08-14,3.65,3.655,3.53,3.53,3.53,368100,0.0,1.0
2013-08-15,3.5,3.57,3.45,3.52,3.52,460300,0.0,1.0
2013-08-16,3.5,3.53,3.44,3.45,3.45,555200,0.0,1.0
2013-08-19,3.45,3.5,3.43,3.47,3.47,388300,0.0,1.0
2013-08-20,3.48,3.62,3.47,3.52,3.52,368000,0.0,1.0
2013-08-21,3.5,3.55,3.425,3.47,3.47,307400,0.0,1.0
2013-08-22,3.49,3.6,3.46,3.5,3.5,241100,0.0,1.0
2013-08-23,3.5,3.54,3.455,3.53,3.53,145300,0.0,1.0
2013-08-26,3.53,3.61,3.44,3.46,3.46,297900,0.0,1.0
2013-08-27,3.44,3.48,3.4,3.4,3.4,268000,0.0,1.0
2013-08-28,3.39,3.44,3.36,3.4,3.4,228700,0.0,1.0
2013-08-29,3.38,3.42,3.36,3.42,3.42,172200,0.0,1.0
2013-08-30,3.41,3.45,3.32,3.33,3.33,323200,0.0,1.0
2013-09-03,3.34,3.42,3.34,3.41,3.41,157300,0.0,1.0
2013-09-04,3.39,3.46,3.35,3.4,3.4,251200,0.0,1.0
2013-09-05,3.39,3.48,3.38,3.46,3.46,189600,0.0,1.0
2013-09-06,3.46,3.4799,3.38,3.39,3.39,182600,0.0,1.0
2013-09-09,3.39,3.53,3.39,3.51,3.51,163700,0.0,1.0
2013-09-10,3.51,3.56,3.47,3.51,3.51,169300,0.0,1.0
2013-09-11,3.56,4.01,3.56,3.93,3.93,669400,0.0,1.0
2013-09-12,3.96,3.98,3.8,3.82,3.82,372800,0.0,1.0
2013-09-13,3.84,3.8699,3.56,3.58,3.58,265000,0.0,1.0
2013-09-16,3.6,3.69,3.6,3.65,3.65,409000,0.0,1.0
2013-09-17,3.65,3.75,3.63,3.75,3.75,112400,0.0,1.0
2013-09-18,3.74,3.78,3.67,3.7,3.7,218600,0.0,1.0
2013-09-19,3.71,3.75,3.62,3.65,3.65,134500,0.0,1.0
2013-09-20,3.65,3.75,3.65,3.7,3.7,562800,0.0,1.0
2013-09-23,3.7,3.78,3.68,3.72,3.72,287400,0.0,1.0
2013-09-24,3.71,3.76,3.67,3.71,3.71,205800,0.0,1.0
2013-09-25,3.72,3.78,3.69,3.69,3.69,231300,0.0,1.0
2013-09-26,3.7,3.79,3.67,3.74,3.74,197700,0.0,1.0
2013-09-27,3.71,3.75,3.61,3.615,3.615,488000,0.0,1.0
2013-09-30,3.59,3.76,3.56,3.74,3.74,413900,0.0,1.0
2013-10-01,3.76,3.86,3.72,3.75,3.75,380700,0.0,1.0
2013-10-02,3.74,3.89,3.73,3.84,3.84,453000,0.0,1.0
2013-10-03,3.84,3.89,3.78,3.81,3.81,319400,0.0,1.0
2013-10-04,3.82,3.8799,3.78,3.85,3.85,222000,0.0,1.0
2013-10-07,3.8,3.97,3.7801,3.9,3.9,301500,0.0,1.0
2013-10-08,3.92,4.0,3.92,3.96,3.96,441900,0.0,1.0
2013-10-09,4.0,4.02,3.86,3.9,3.9,266500,0.0,1.0
2013-10-10,3.95,3.95,3.83,3.86,3.86,202500,0.0,1.0
2013-10-11,3.86,3.94,3.82,3.93,3.93,167900,0.0,1.0
2013-10-14,3.9,3.97,3.85,3.96,3.96,94400,0.0,1.0
2013-10-15,3.94,3.98,3.89,3.9,3.9,121500,0.0,1.0
2013-10-16,3.77,3.96,3.51,3.57,3.57,646000,0.0,1.0
2013-10-17,3.57,3.62,3.5,3.6,3.6,290200,0.0,1.0
2013-10-18,3.64,3.64,3.5601,3.58,3.58,248200,0.0,1.0
2013-10-21,3.51,3.61,3.38,3.43,3.43,581300,0.0,1.0
2013-10-22,3.43,3.46,3.36,3.37,3.37,459200,0.0,1.0
2013-10-23,3.35,3.37,3.27,3.29,3.29,344900,0.0,1.0
2013-10-24,3.28,3.34,3.25,3.27,3.27,282700,0.0,1.0
2013-10-25,3.29,3.29,3.13,3.17,3.17,361300,0.0,1.0
2013-10-28,3.16,3.21,3.1,3.15,3.15,234200,0.0,1.0
2013-10-29,3.1,3.4,3.1,3.27,3.27,1132800,0.0,1.0
2013-10-30,3.3,3.33,2.93,2.96,2.96,934000,0.0,1.0
2013-10-31,2.97,3.01,2.77,2.79,2.79,680500,0.0,1.0
2013-11-01,2.78,2.87,2.77,2.84,2.84,573700,0.0,1.0
2013-11-04,2.88,2.92,2.8,2.89,2.89,432000,0.0,1.0
2013-11-05,2.9,2.95,2.82,2.88,2.88,366300,0.0,1.0
2013-11-06,2.89,2.99,2.81,2.86,2.86,239600,0.0,1.0
2013-11-07,2.87,2.94,2.79,2.83,2.83,261400,0.0,1.0
2013-11-08,2.82,2.93,2.79,2.92,2.92,251600,0.0,1.0
2013-11-11,2.93,3.01,2.88,2.97,2.97,251000,0.0,1.0
2013-11-12,2.98,3.02,2.95,3.0,3.0,138500,0.0,1.0
2013-11-13,3.0,3.02,2.93,3.02,3.02,233600,0.0,1.0
2013-11-14,3.01,3.05,2.97,2.991,2.991,208700,0.0,1.0
2013-11-15,2.98,3.02,2.96,2.98,2.98,242200,0.0,1.0
2013-11-18,3.0,3.01,2.82,2.86,2.86,195400,0.0,1.0
2013-11-19,2.86,3.0124,2.85,2.99,2.99,221100,0.0,1.0
2013-11-20,2.99,3.0,2.93,2.96,2.96,187200,0.0,1.0
2013-11-21,2.98,3.04,2.98,3.01,3.01,178900,0.0,1.0
2013-11-22,3.01,3.04,2.93,2.99,2.99,223000,0.0,1.0
2013-11-25,2.98,3.03,2.95,3.01,3.01,115000,0.0,1.0
2013-11-26,3.02,3.04,2.98,3.03,3.03,463700,0.0,1.0
2013-11-27,3.01,3.05,2.89,2.955,2.955,682500,0.0,1.0
2013-11-29,2.97,3.12,2.97,3.08,3.08,241900,0.0,1.0
2013-12-02,3.08,3.08,2.94,2.94,2.94,252200,0.0,1.0
2013-12-03,2.93,3.02,2.89,3.0,3.0,171800,0.0,1.0
2013-12-04,2.99,3.06,2.97,3.04,3.04,167300,0.0,1.0
2013-12-05,3.03,3.14,3.0,3.13,3.13,235100,0.0,1.0
2013-12-06,3.17,3.17,3.085,3.1,3.1,179000,0.0,1.0
2013-12-09,3.09,3.09,2.99,3.01,3.01,198400,0.0,1.0
2013-12-10,3.0,3.11,3.0,3.075,3.075,256900,0.0,1.0
2013-12-11,3.07,3.11,2.9901,3.01,3.01,285400,0.0,1.0
2013-12-12,3.01,3.04,2.89,2.91,2.91,375700,0.0,1.0
2013-12-13,2.92,2.98,2.9,2.91,2.91,235300,0.0,1.0
2013-12-16,2.91,3.04,2.88,3.0,3.0,201100,0.0,1.0
2013-12-17,3.0,3.05,2.96,3.04,3.04,216600,0.0,1.0
2013-12-18,3.02,3.1601,3.01,3.15,3.15,171300,0.0,1.0
2013-12-19,3.14,3.19,3.01,3.04,3.04,199300,0.0,1.0
2013-12-20,3.06,3.15,3.04,3.14,3.14,458700,0.0,1.0
2013-12-23,3.14,3.26,3.12,3.26,3.26,135600,0.0,1.0
2013-12-24,3.25,3.485,3.25,3.44,3.44,93400,0.0,1.0
2013-12-26,3.45,3.45,3.26,3.32,3.32,161900,0.0,1.0
2013-12-27,3.34,3.39,3.29,3.37,3.37,117800,0.0,1.0
2013-12-30,3.36,3.41,3.3,3.39,3.39,115300,0.0,1.0
2013-12-31,3.4,3.64,3.35,3.54,3.54,334300,0.0,1.0
2014-01-02,3.51,3.61,3.42,3.5,3.5,136300,0.0,1.0
2014-01-03,3.5,3.54,3.43,3.45,3.45,105100,0.0,1.0
2014-01-06,3.47,3.52,3.41,3.46,3.46,160400,0.0,1.0
2014-01-07,3.46,3.54,3.44,3.5,3.5,128400,0.0,1.0
2014-01-08,3.49,3.51,3.4,3.42,3.42,459000,0.0,1.0
2014-01-09,3.44,3.475,3.36,3.38,3.38,291100,0.0,1.0
2014-01-10,3.39,3.42,3.31,3.33,3.33,228600,0.0,1.0
2014-01-13,3.31,3.41,3.25,3.27,3.27,226800,0.0,1.0
2014-01-14,3.3,3.33,3.22,3.25,3.25,188400,0.0,1.0
2014-01-15,3.27,3.4299,3.25,3.35,3.35,496700,0.0,1.0
2014-01-16,3.33,3.345,3.23,3.26,3.26,479700,0.0,1.0
2014-01-17,3.25,3.3,3.21,3.26,3.26,241100,0.0,1.0
2014-01-21,3.23,3.33,3.2026,3.32,3.32,206200,0.0,1.0
2014-01-22,3.34,3.34,3.26,3.31,3.31,141800,0.0,1.0
2014-01-23,3.28,3.44,3.25,3.42,3.42,135700,0.0,1.0
2014-01-24,3.38,3.49,3.22,3.3,3.3,115000,0.0,1.0
2014-01-27,3.34,3.43,3.2,3.21,3.21,103800,0.0,1.0
2014-01-28,3.22,3.28,3.18,3.19,3.19,162300,0.0,1.0
2014-01-29,3.18,3.2,3.1,3.12,3.12,149500,0.0,1.0
2014-01-30,3.13,3.22,3.13,3.15,3.15,186700,0.0,1.0
2014-01-31,3.07,3.238,3.07,3.1,3.1,179600,0.0,1.0
2014-02-03,3.12,3.15,3.1,3.12,3.12,346200,0.0,1.0
2014-02-04,3.12,3.22,3.07,3.07,3.07,211800,0.0,1.0
2014-02-05,3.08,3.2,3.0,3.0,3.0,217100,0.0,1.0
2014-02-06,3.01,3.12,3.0,3.04,3.04,186000,0.0,1.0
2014-02-07,3.03,3.13,3.03,3.12,3.12,184400,0.0,1.0
2014-02-10,3.13,3.34,3.12,3.27,3.27,226900,0.0,1.0
2014-02-11,3.27,3.3,3.18,3.21,3.21,184500,0.0,1.0
2014-02-12,3.23,3.35,3.2,3.26,3.26,268000,0.0,1.0
2014-02-13,3.35,3.725,3.32,3.55,3.55,408500,0.0,1.0
2014-02-14,3.56,3.61,3.465,3.57,3.57,508200,0.0,1.0
2014-02-18,3.53,3.75,3.53,3.74,3.74,287700,0.0,1.0
2014-02-19,3.71,3.86,3.69,3.85,3.85,482300,0.0,1.0
2014-02-20,3.85,3.85,3.75,3.81,3.81,346700,0.0,1.0
2014-02-21,3.83,3.89,3.8,3.84,3.84,443800,0.0,1.0
2014-02-24,3.85,3.92,3.68,3.72,3.72,382400,0.0,1.0
2014-02-25,3.7,3.8,3.65,3.78,3.78,241800,0.0,1.0
2014-02-26,3.8,3.89,3.75,3.79,3.79,111600,0.0,1.0
2014-02-27,3.76,3.83,3.68,3.8,3.8,125300,0.0,1.0
2014-02-28,3.82,3.82,3.68,3.76,3.76,274900,0.0,1.0
2014-03-03,3.72,3.86,3.72,3.85,3.85,193200,0.0,1.0
2014-03-04,3.86,4.15,3.77,3.97,3.97,448900,0.0,1.0
2014-03-05,3.94,4.045,3.92,4.01,4.01,394600,0.0,1.0
2014-03-06,4.02,4.08,3.95,4.0,4.0,377500,0.0,1.0
2014-03-07,4.04,4.0999,3.88,3.9,3.9,127200,0.0,1.0
2014-03-10,3.87,3.9782,3.8,3.94,3.94,136900,0.0,1.0
2014-03-11,3.96,4.01,3.88,3.95,3.95,232300,0.0,1.0
2014-03-12,4.36,4.46,3.91,3.98,3.98,692400,0.0,1.0
2014-03-13,4.01,4.17,3.96,4.03,4.03,259900,0.0,1.0
2014-03-14,4.0,4.1,3.99,4.04,4.04,190100,0.0,1.0
2014-03-17,4.08,4.13,4.04,4.07,4.07,143600,0.0,1.0
2014-03-18,4.09,4.22,4.064,4.2,4.2,199500,0.0,1.0
2014-03-19,4.17,4.2,4.07,4.16,4.16,144000,0.0,1.0
2014-03-20,4.03,4.2,4.03,4.18,4.18,180300,0.0,1.0
2014-03-21,4.21,4.23,4.14,4.2,4.2,342600,0.0,1.0
2014-03-24,4.19,4.19,3.95,4.08,4.08,214400,0.0,1.0
2014-03-25,4.09,4.14,3.96,4.08,4.08,127500,0.0,1.0
2014-03-26,4.12,4.138,3.91,3.91,3.91,219800,0.0,1.0
2014-03-27,3.91,3.97,3.82,3.89,3.89,187400,0.0,1.0
2014-03-28,3.88,4.03,3.87,3.9,3.9,185700,0.0,1.0
2014-03-31,3.91,4.15,3.9,4.08,4.08,223500,0.0,1.0
2014-04-01,4.1,4.15,3.96,3.99,3.99,221000,0.0,1.0
2014-04-02,3.98,4.02,3.91,3.98,3.98,148800,0.0,1.0
2014-04-03,3.98,4.01,3.89,3.9,3.9,206300,0.0,1.0
2014-04-04,3.9,4.03,3.7,3.79,3.79,304400,0.0,1.0
2014-04-07,3.76,3.82,3.732,3.82,3.82,367800,0.0,1.0
2014-04-08,3.81,3.91,3.7,3.91,3.91,360800,0.0,1.0
2014-04-09,3.91,4.14,3.86,4.03,4.03,393100,0.0,1.0
2014-04-10,4.0,4.1464,3.82,3.87,3.87,159100,0.0,1.0
2014-04-11,3.82,3.87,3.75,3.8,3.8,250800,0.0,1.0
2014-04-14,3.84,3.869,3.71,3.79,3.79,182100,0.0,1.0
2014-04-15,3.79,3.84,3.61,3.82,3.82,306800,0.0,1.0
2014-04-16,3.83,3.83,3.75,3.76,3.76,90800,0.0,1.0
2014-04-17,3.73,3.82,3.67,3.74,3.74,138700,0.0,1.0
2014-04-21,3.72,3.85,3.68,3.81,3.81,143000,0.0,1.0
2014-04-22,3.83,3.9,3.81,3.87,3.87,104400,0.0,1.0
2014-04-23,3.85,3.9,3.74,3.77,3.77,222900,0.0,1.0
2014-04-24,3.9,3.9999,3.78,3.93,3.93,148500,0.0,1.0
2014-04-25,4.14,4.39,4.02,4.04,4.04,631200,0.0,1.0
2014-04-28,4.08,4.269,4.03,4.1,4.1,473300,0.0,1.0
2014-04-29,4.14,4.34,4.1,4.21,4.21,254600,0.0,1.0
2014-04-30,4.2,4.32,4.12,4.3,4.3,345000,0.0,1.0
2014-05-01,4.4,4.47,4.27,4.4,4.4,494400,0.0,1.0
2014-05-02,4.41,4.6999,4.36,4.62,4.62,577200,0.0,1.0
2014-05-05,4.63,4.867,4.3698,4.77,4.77,1588300,0.0,1.0
2014-05-06,4.78,5.0,4.71,4.81,4.81,573300,0.0,1.0
2014-05-07,4.82,4.82,4.57,4.59,4.59,925900,0.0,1.0
2014-05-08,4.59,4.67,4.3,4.32,4.32,408700,0.0,1.0
2014-05-09,4.29,4.4,4.16,4.38,4.38,242100,0.0,1.0
2014-05-12,4.38,4.605,4.11,4.52,4.52,270700,0.0,1.0
2014-05-13,4.52,4.6,4.44,4.46,4.46,257800,0.0,1.0
2014-05-14,4.45,4.53,4.3,4.37,4.37,223200,0.0,1.0
2014-05-15,4.34,4.4,4.25,4.32,4.32,209500,0.0,1.0
2014-05-16,4.31,4.4,4.15,4.31,4.31,239600,0.0,1.0
2014-05-19,4.27,4.394,4.21,4.28,4.28,168300,0.0,1.0
2014-05-20,4.26,4.38,4.07,4.1,4.1,355900,0.0,1.0
2014-05-21,4.09,4.22,3.92,4.15,4.15,660000,0.0,1.0
2014-05-22,4.11,4.24,4.06,4.16,4.16,125100,0.0,1.0
2014-05-23,4.18,4.18,4.06,4.16,4.16,123000,0.0,1.0
2014-05-27,4.17,4.39,4.16,4.39,4.39,219600,0.0,1.0
2014-05-28,4.36,4.3655,4.235,4.3,4.3,148900,0.0,1.0
2014-05-29,4.33,4.35,4.22,4.23,4.23,140600,0.0,1.0
2014-05-30,4.25,4.38,4.21,4.35,4.35,503200,0.0,1.0
2014-06-02,4.35,4.42,4.18,4.21,4.21,153600,0.0,1.0
2014-06-03,4.21,4.24,4.09,4.12,4.12,88300,0.0,1.0
2014-06-04,4.12,4.18,4.01,4.13,4.13,112600,0.0,1.0
2014-06-05,4.13,4.34,4.13,4.25,4.25,167000,0.0,1.0
2014-06-06,4.3,4.331,4.19,4.26,4.26,118500,0.0,1.0
2014-06-09,4.25,4.5,4.25,4.44,4.44,143400,0.0,1.0
2014-06-10,4.44,4.48,4.28,4.47,4.47,138400,0.0,1.0
2014-06-11,4.45,4.48,4.41,4.46,4.46,136000,0.0,1.0
2014-06-12,4.43,4.57,4.37,4.52,4.52,173500,0.0,1.0
2014-06-13,4.55,4.55,4.41,4.53,4.53,173400,0.0,1.0
2014-06-16,4.5,4.57,4.45,4.56,4.56,331100,0.0,1.0
2014-06-17,4.58,4.58,4.46,4.515,4.515,144900,0.0,1.0
2014-06-18,4.5,4.59,4.5,4.59,4.59,134100,0.0,1.0
2014-06-19,4.61,4.68,4.58,4.61,4.61,66300,0.0,1.0
2014-06-20,4.64,4.64,4.52,4.6,4.6,234800,0.0,1.0
2014-06-23,4.59,4.61,4.5,4.5,4.5,144100,0.0,1.0
2014-06-24,4.5,4.61,4.37,4.4,4.4,227500,0.0,1.0
2014-06-25,4.36,4.41,4.23,4.34,4.34,126800,0.0,1.0
2014-06-26,4.31,4.36,4.2,4.27,4.27,156700,0.0,1.0
2014-06-27,4.25,4.38,4.23,4.37,4.37,374300,0.0,1.0
2014-06-30,4.33,4.36,4.23,4.35,4.35,128100,0.0,1.0
2014-07-01,4.34,4.5,4.31,4.47,4.47,178400,0.0,1.0
2014-07-02,4.45,4.646,4.45,4.54,4.54,79900,0.0,1.0
2014-07-03,4.54,4.67,4.54,4.66,4.66,59300,0.0,1.0
2014-07-07,4.65,4.66,4.45,4.51,4.51,139600,0.0,1.0
2014-07-08,4.48,4.48,4.29,4.33,4.33,150000,0.0,1.0
2014-07-09,4.36,4.38,4.28,4.35,4.35,31800,0.0,1.0
2014-07-10,4.22,4.36,4.22,4.27,4.27,82200,0.0,1.0
2014-07-11,4.25,4.31,4.21,4.27,4.27,82400,0.0,1.0
2014-07-14,4.31,4.31,4.25,4.26,4.26,70600,0.0,1.0
2014-07-15,4.28,4.3,4.21,4.26,4.26,132600,0.0,1.0
2014-07-16,4.3,4.3,4.225,4.26,4.26,184400,0.0,1.0
2014-07-17,4.25,4.3,4.11,4.11,4.11,117200,0.0,1.0
2014-07-18,4.09,4.24,4.09,4.24,4.24,93700,0.0,1.0
2014-07-21,4.19,4.22,4.1184,4.15,4.15,57600,0.0,1.0
2014-07-22,4.17,4.24,4.1,4.13,4.13,78000,0.0,1.0
2014-07-23,4.12,4.32,4.12,4.29,4.29,126500,0.0,1.0
2014-07-24,4.79,4.79,4.34,4.41,4.41,164200,0.0,1.0
2014-07-25,4.4,4.6,4.305,4.58,4.58,182000,0.0,1.0
2014-07-28,4.61,4.68,4.48,4.57,4.57,134200,0.0,1.0
2014-07-29,4.6,4.7,4.43,4.7,4.7,96900,0.0,1.0
2014-07-30,4.73,4.76,4.59,4.71,4.71,130400,0.0,1.0
2014-07-31,4.65,4.65,4.48,4.57,4.57,180100,0.0,1.0
2014-08-01,4.59,4.62,4.46,4.52,4.52,81400,0.0,1.0
2014-08-04,4.56,4.62,4.42,4.6,4.6,115000,0.0,1.0
2014-08-05,4.56,4.83,4.52,4.74,4.74,131300,0.0,1.0
2014-08-06,4.7,5.02,4.7,4.93,4.93,267600,0.0,1.0
2014-08-07,5.0,5.04,4.78,4.79,4.79,136500,0.0,1.0
2014-08-08,4.77,4.95,4.74,4.87,4.87,184500,0.0,1.0
2014-08-11,4.91,4.93,4.8,4.87,4.87,111300,0.0,1.0
2014-08-12,4.85,4.85,4.599,4.64,4.64,105300,0.0,1.0
2014-08-13,4.65,4.79,4.59,4.79,4.79,77000,0.0,1.0
2014-08-14,4.77,4.83,4.65,4.71,4.71,53700,0.0,1.0
2014-08-15,4.79,4.79,4.56,4.73,4.73,118400,0.0,1.0
2014-08-18,4.79,4.87,4.75,4.85,4.85,93200,0.0,1.0
2014-08-19,4.81,4.95,4.81,4.86,4.86,130500,0.0,1.0
2014-08-20,4.82,4.86,4.64,4.72,4.72,83400,0.0,1.0
2014-08-21,4.69,4.89,4.564,4.83,4.83,100400,0.0,1.0
2014-08-22,4.84,4.95,4.8001,4.86,4.86,131900,0.0,1.0
2014-08-25,4.91,5.45,4.91,5.27,5.27,595200,0.0,1.0
2014-08-26,5.25,5.358,5.17,5.23,5.23,228400,0.0,1.0
2014-08-27,5.25,5.32,5.19,5.25,5.25,177700,0.0,1.0
2014-08-28,5.2,5.28,5.18,5.24,5.24,92500,0.0,1.0
2014-08-29,5.27,5.4,5.19,5.31,5.31,178200,0.0,1.0
2014-09-02,5.37,5.577,5.33,5.5,5.5,162100,0.0,1.0
2014-09-03,5.5,5.56,5.32,5.37,5.37,140700,0.0,1.0
2014-09-04,5.37,5.56,5.36,5.43,5.43,134400,0.0,1.0
2014-09-05,5.4,5.46,5.3,5.43,5.43,92100,0.0,1.0
2014-09-08,5.41,5.52,5.39,5.45,5.45,122700,0.0,1.0
2014-09-09,5.45,5.57,5.3,5.41,5.41,123000,0.0,1.0
2014-09-10,5.4,5.45,5.39,5.44,5.44,79700,0.0,1.0
2014-09-11,5.4,5.46,5.29,5.45,5.45,75200,0.0,1.0
2014-09-12,5.47,5.48,5.183,5.24,5.24,68200,0.0,1.0
2014-09-15,5.26,5.4,5.08,5.31,5.31,222800,0.0,1.0
2014-09-16,5.31,5.31,5.06,5.15,5.15,139600,0.0,1.0
2014-09-17,5.13,5.2,5.0,5.07,5.07,110800,0.0,1.0
2014-09-18,5.07,5.17,4.99,5.13,5.13,125700,0.0,1.0
2014-09-19,5.15,5.377,5.09,5.12,5.12,354200,0.0,1.0
2014-09-22,5.08,5.14,5.03,5.09,5.09,100100,0.0,1.0
2014-09-23,5.09,5.35,5.09,5.21,5.21,171000,0.0,1.0
2014-09-24,5.29,5.32,5.07,5.17,5.17,222709,0.0,1.0
2014-09-25,5.17,5.275,5.01,5.08,5.08,130137,0.0,1.0
2014-09-26,5.07,5.19,5.03,5.17,5.17,111512,0.0,1.0
2014-09-29,5.11,5.16,4.86,5.06,5.06,217772,0.0,1.0
2014-09-30,5.07,5.07,4.78,4.78,4.78,232666,0.0,1.0
2014-10-01,4.75,4.8,4.55,4.69,4.69,206559,0.0,1.0
2014-10-02,4.68,4.85,4.68,4.8,4.8,111725,0.0,1.0
2014-10-03,4.88,4.95,4.84,4.87,4.87,84388,0.0,1.0
2014-10-06,4.87,4.91,4.757,4.81,4.81,89384,0.0,1.0
2014-10-07,4.76,4.88,4.52,4.6,4.6,706146,0.0,1.0
2014-10-08,4.57,4.86,4.566,4.81,4.81,123773,0.0,1.0
2014-10-09,4.78,4.78,4.0,4.15,4.15,659310,0.0,1.0
2014-10-10,3.92,4.18,3.92,3.96,3.96,268299,0.0,1.0
2014-10-13,3.77,3.875,3.546,3.66,3.66,513400,0.0,1.0
2014-10-14,3.67,3.79,3.63,3.66,3.66,316994,0.0,1.0
2014-10-15,3.6,3.78,3.54,3.69,3.69,259700,0.0,1.0
2014-10-16,3.66,4.0,3.65,3.895,3.895,248190,0.0,1.0
2014-10-17,3.96,3.983,3.72,3.72,3.72,259280,0.0,1.0
2014-10-20,3.72,4.098,3.58,3.61,3.61,271352,0.0,1.0
2014-10-21,3.62,3.69,3.54,3.64,3.64,244816,0.0,1.0
2014-10-22,3.62,3.67,3.54,3.56,3.56,286361,0.0,1.0
2014-10-23,3.52,4.03,3.5001,4.01,4.01,401500,0.0,1.0
2014-10-24,4.03,4.45,4.03,4.11,4.11,233842,0.0,1.0
2014-10-27,4.08,4.125,3.93,4.03,4.03,122990,0.0,1.0
2014-10-28,4.07,4.27,4.01,4.27,4.27,148720,0.0,1.0
2014-10-29,4.25,4.3,4.0,4.23,4.23,243346,0.0,1.0
2014-10-30,4.25,4.8,4.2499,4.76,4.76,363595,0.0,1.0
2014-10-31,4.87,5.09,4.71,5.09,5.09,352505,0.0,1.0
2014-11-03,5.1,5.21,4.96,5.2,5.2,377600,0.0,1.0
2014-11-04,5.21,5.25,5.05,5.07,5.07,162358,0.0,1.0
2014-11-05,5.07,5.18,4.9827,5.0,5.0,158136,0.0,1.0
2014-11-06,5.03,5.09,4.94,5.075,5.075,100750,0.0,1.0
2014-11-07,5.1,5.1,4.87,5.09,5.09,159252,0.0,1.0
2014-11-10,5.1,5.11,4.9,5.11,5.11,143089,0.0,1.0
2014-11-11,5.07,5.16,4.945,4.97,4.97,142684,0.0,1.0
2014-11-12,4.92,5.14,4.88,5.11,5.11,115983,0.0,1.0
2014-11-13,5.11,5.116,5.0,5.08,5.08,89188,0.0,1.0
2014-11-14,5.11,5.16,4.9,5.06,5.06,117450,0.0,1.0
2014-11-17,5.06,5.23,5.06,5.09,5.09,104126,0.0,1.0
2014-11-18,5.14,5.16,5.05,5.06,5.06,117877,0.0,1.0
2014-11-19,5.07,5.1,4.91,4.94,4.94,102086,0.0,1.0
2014-11-20,4.89,5.02,4.78,4.92,4.92,82426,0.0,1.0
2014-11-21,5.02,5.02,4.86,4.87,4.87,111164,0.0,1.0
2014-11-24,4.9,4.99,4.8,4.9,4.9,120491,0.0,1.0
2014-11-25,4.9,4.98,4.87,4.94,4.94,88691,0.0,1.0
2014-11-26,4.92,5.21,4.9,5.19,5.19,98412,0.0,1.0
2014-11-28,5.18,5.18,4.9,4.9,4.9,80556,0.0,1.0
2014-12-01,4.87,4.97,4.87,4.91,4.91,126506,0.0,1.0
2014-12-02,4.91,5.24,4.9,5.11,5.11,119217,0.0,1.0
2014-12-03,5.1,5.19,5.05,5.13,5.13,102084,0.0,1.0
2014-12-04,5.15,5.27,5.01,5.15,5.15,101186,0.0,1.0
2014-12-05,5.14,5.46,5.1332,5.25,5.25,210626,0.0,1.0
2014-12-08,5.24,5.53,5.22,5.35,5.35,106627,0.0,1.0
2014-12-09,5.28,5.669,5.25,5.61,5.61,130126,0.0,1.0
2014-12-10,5.57,5.6525,5.4,5.4,5.4,115804,0.0,1.0
2014-12-11,5.45,5.59,5.31,5.41,5.41,161187,0.0,1.0
2014-12-12,5.31,5.5,5.05,5.18,5.18,141255,0.0,1.0
2014-12-15,5.17,5.24,4.9632,4.97,4.97,116309,0.0,1.0
2014-12-16,4.95,5.07,4.83,4.84,4.84,192130,0.0,1.0
2014-12-17,4.87,5.22,4.84,5.2,5.2,216871,0.0,1.0
2014-12-18,5.29,5.34,5.07,5.31,5.31,150365,0.0,1.0
2014-12-19,5.28,5.53,5.17,5.48,5.48,215065,0.0,1.0
2014-12-22,5.45,5.59,5.3,5.4,5.4,211688,0.0,1.0
2014-12-23,5.42,5.42,5.16,5.2,5.2,73526,0.0,1.0
2014-12-24,5.22,5.4,5.08,5.2,5.2,87463,0.0,1.0
2014-12-26,5.28,5.45,5.2,5.3,5.3,67760,0.0,1.0
2014-12-29,5.33,5.34,5.19,5.23,5.23,46552,0.0,1.0
2014-12-30,5.24,5.245,5.15,5.24,5.24,81693,0.0,1.0
2014-12-31,5.24,5.3,5.15,5.2,5.2,94529,0.0,1.0
2015-01-02,5.27,5.3,5.02,5.15,5.15,157411,0.0,1.0
2015-01-05,5.09,5.28,5.09,5.18,5.18,146378,0.0,1.0
2015-01-06,5.18,5.25,4.9,4.99,4.99,199939,0.0,1.0
2015-01-07,5.06,5.14,4.98,5.03,5.03,161092,0.0,1.0
2015-01-08,5.09,5.24,5.01,5.21,5.21,91939,0.0,1.0
2015-01-09,5.18,5.24,5.0,5.07,5.07,132493,0.0,1.0
2015-01-12,5.05,5.15,5.03,5.13,5.13,62757,0.0,1.0
2015-01-13,5.19,5.33,5.07,5.13,5.13,69583,0.0,1.0
2015-01-14,5.07,5.21,5.0,5.16,5.16,88911,0.0,1.0
2015-01-15,5.16,5.16,4.8,4.8,4.8,114818,0.0,1.0
2015-01-16,4.77,4.99,4.77,4.95,4.95,104503,0.0,1.0
2015-01-20,4.92,4.98,4.75,4.89,4.89,90614,0.0,1.0
2015-01-21,4.85,4.94,4.62,4.7,4.7,86060,0.0,1.0
2015-01-22,4.76,4.86,4.5501,4.82,4.82,81568,0.0,1.0
2015-01-23,4.84,4.85,4.7,4.71,4.71,73923,0.0,1.0
2015-01-26,4.77,4.97,4.65,4.94,4.94,94631,0.0,1.0
2015-01-27,4.85,4.97,4.765,4.82,4.82,111131,0.0,1.0
2015-01-28,4.89,4.89,4.5348,4.61,4.61,94594,0.0,1.0
2015-01-29,4.64,4.73,4.53,4.69,4.69,70547,0.0,1.0
2015-01-30,4.63,4.83,4.41,4.46,4.46,137669,0.0,1.0
2015-02-02,4.49,4.55,4.3604,4.48,4.48,87808,0.0,1.0
2015-02-03,4.52,4.64,4.41,4.49,4.49,284029,0.0,1.0
2015-02-04,4.48,4.61,4.4601,4.56,4.56,113734,0.0,1.0
2015-02-05,4.59,4.86,4.58,4.82,4.82,93665,0.0,1.0
2015-02-06,4.83,4.91,4.73,4.8,4.8,94024,0.0,1.0
2015-02-09,4.8,5.05,4.73,4.9,4.9,113802,0.0,1.0
2015-02-10,4.96,5.11,4.9,5.06,5.06,65709,0.0,1.0
2015-02-11,5.02,5.1,4.93,5.05,5.05,148805,0.0,1.0
2015-02-12,5.1,5.44,5.1,5.35,5.35,175302,0.0,1.0
2015-02-13,5.41,5.74,5.35,5.54,5.54,228371,0.0,1.0
2015-02-17,5.61,5.67,5.1,5.23,5.23,311672,0.0,1.0
2015-02-18,5.2,5.321,5.1899,5.31,5.31,142819,0.0,1.0
2015-02-19,5.26,5.375,5.04,5.19,5.19,167590,0.0,1.0
2015-02-20,5.2,5.38,5.0124,5.32,5.32,189455,0.0,1.0
2015-02-23,5.3,5.4,5.23,5.3,5.3,142422,0.0,1.0
2015-02-24,5.3,5.32,5.12,5.2,5.2,121997,0.0,1.0
2015-02-25,5.16,5.22,5.08,5.14,5.14,107398,0.0,1.0
2015-02-26,5.07,5.2,5.07,5.2,5.2,90998,0.0,1.0
2015-02-27,5.17,5.33,5.1489,5.32,5.32,161028,0.0,1.0
2015-03-02,5.3,5.482,5.28,5.42,5.42,172163,0.0,1.0
2015-03-03,5.4,5.42,5.22,5.36,5.36,144695,0.0,1.0
2015-03-04,5.29,5.35,5.175,5.31,5.31,156901,0.0,1.0
2015-03-05,5.29,5.45,5.22,5.35,5.35,96820,0.0,1.0
2015-03-06,5.25,5.41,5.25,5.32,5.32,179739,0.0,1.0
2015-03-09,5.3,5.33,5.2301,5.29,5.29,112568,0.0,1.0
2015-03-10,5.19,5.35,5.12,5.3,5.3,144435,0.0,1.0
2015-03-11,5.28,5.35,5.24,5.28,5.28,104228,0.0,1.0
2015-03-12,5.27,5.32,5.26,5.29,5.29,134691,0.0,1.0
2015-03-13,5.35,5.35,5.14,5.22,5.22,181740,0.0,1.0
2015-03-16,5.25,5.31,5.1,5.23,5.23,167939,0.0,1.0
2015-03-17,5.2,5.3,5.155,5.26,5.26,92982,0.0,1.0
2015-03-18,5.24,5.33,5.17,5.29,5.29,125161,0.0,1.0
2015-03-19,5.26,5.285,5.21,5.25,5.25,119397,0.0,1.0
2015-03-20,5.28,5.46,5.16,5.16,5.16,468657,0.0,1.0
2015-03-23,5.22,5.31,5.18,5.28,5.28,165838,0.0,1.0
2015-03-24,5.3,5.3,5.2305,5.27,5.27,131491,0.0,1.0
2015-03-25,5.28,5.29,5.12,5.12,5.12,161151,0.0,1.0
2015-03-26,5.08,5.15,4.93,5.05,5.05,124206,0.0,1.0
2015-03-27,5.03,5.08,4.95,4.99,4.99,104238,0.0,1.0
2015-03-30,4.99,5.0399,4.84,4.92,4.92,223023,0.0,1.0
2015-03-31,4.87,4.95,4.79,4.94,4.94,198498,0.0,1.0
2015-04-01,4.9,5.05,4.9,5.03,5.03,378679,0.0,1.0
2015-04-02,5.05,5.21,4.93,5.14,5.14,261796,0.0,1.0
2015-04-06,5.13,5.28,5.1,5.24,5.24,212543,0.0,1.0
2015-04-07,5.28,5.3,5.185,5.24,5.24,207321,0.0,1.0
2015-04-08,5.27,5.41,5.24,5.4,5.4,372894,0.0,1.0
2015-04-09,5.38,5.45,5.34,5.42,5.42,376746,0.0,1.0
2015-04-10,5.45,5.61,5.37,5.6,5.6,290870,0.0,1.0
2015-04-13,5.63,5.75,5.52,5.64,5.64,240280,0.0,1.0
2015-04-14,5.65,5.85,5.56,5.78,5.78,231203,0.0,1.0
2015-04-15,5.81,5.95,5.74,5.89,5.89,384087,0.0,1.0
2015-04-16,5.81,5.93,5.75,5.88,5.88,151557,0.0,1.0
2015-04-17,5.79,5.82,5.5785,5.7,5.7,337861,0.0,1.0
2015-04-20,5.73,5.9,5.569,5.78,5.78,154276,0.0,1.0
2015-04-21,5.78,5.85,5.75,5.79,5.79,181265,0.0,1.0
2015-04-22,5.82,5.83,5.62,5.69,5.69,209404,0.0,1.0
2015-04-23,6.0,6.08,5.66,5.77,5.77,521040,0.0,1.0
2015-04-24,5.9,5.95,5.7801,5.86,5.86,389011,0.0,1.0
2015-04-27,5.93,5.95,5.68,5.79,5.79,613089,0.0,1.0
2015-04-28,5.84,5.93,5.74,5.87,5.87,418840,0.0,1.0
2015-04-29,5.85,5.92,5.79,5.88,5.88,375323,0.0,1.0
2015-04-30,5.85,5.92,5.59,5.6,5.6,387665,0.0,1.0
2015-05-01,5.66,5.95,5.653,5.94,5.94,384554,0.0,1.0
2015-05-04,5.98,6.39,5.94,6.35,6.35,683321,0.0,1.0
2015-05-05,6.35,6.36,6.0,6.01,6.01,387945,0.0,1.0
2015-05-06,6.09,6.2199,6.01,6.12,6.12,201884,0.0,1.0
2015-05-07,6.1,6.34,6.03,6.2,6.2,201525,0.0,1.0
2015-05-08,6.28,6.3193,6.12,6.18,6.18,133270,0.0,1.0
2015-05-11,6.22,6.31,6.13,6.26,6.26,156917,0.0,1.0
2015-05-12,6.24,6.28,5.96,6.28,6.28,201075,0.0,1.0
2015-05-13,6.31,6.541,6.09,6.47,6.47,711675,0.0,1.0
2015-05-14,6.56,6.6,6.33,6.54,6.54,294296,0.0,1.0
2015-05-15,6.5,6.59,6.4,6.48,6.48,328098,0.0,1.0
2015-05-18,6.49,6.52,6.38,6.5,6.5,168291,0.0,1.0
2015-05-19,6.5,6.58,6.33,6.33,6.33,194087,0.0,1.0
2015-05-20,6.34,6.52,6.31,6.43,6.43,243208,0.0,1.0
2015-05-21,6.5,6.59,6.43,6.45,6.45,297545,0.0,1.0
2015-05-22,6.45,6.49,6.28,6.33,6.33,296327,0.0,1.0
2015-05-26,6.26,6.33,6.13,6.13,6.13,389452,0.0,1.0
2015-05-27,6.11,6.43,6.1,6.42,6.42,332391,0.0,1.0
2015-05-28,6.38,6.38,6.2,6.31,6.31,130442,0.0,1.0
2015-05-29,6.27,6.5,6.23,6.47,6.47,317603,0.0,1.0
2015-06-01,6.45,6.67,6.35,6.56,6.56,367742,0.0,1.0
2015-06-02,6.56,6.79,6.5,6.68,6.68,250163,0.0,1.0
2015-06-03,6.76,6.8,6.55,6.63,6.63,404708,0.0,1.0
2015-06-04,6.53,6.68,6.4401,6.53,6.53,124254,0.0,1.0
2015-06-05,6.54,6.65,6.42,6.63,6.63,175910,0.0,1.0
2015-06-08,6.55,6.65,6.5,6.55,6.55,127268,0.0,1.0
2015-06-09,6.58,6.62,6.46,6.48,6.48,129800,0.0,1.0
2015-06-10,6.55,6.72,6.54,6.68,6.68,209150,0.0,1.0
2015-06-11,6.63,6.72,6.55,6.63,6.63,188582,0.0,1.0
2015-06-12,6.55,6.66,6.46,6.57,6.57,162545,0.0,1.0
2015-06-15,6.54,6.55,6.4,6.48,6.48,128475,0.0,1.0
2015-06-16,6.49,6.6,6.41,6.49,6.49,134123,0.0,1.0
2015-06-17,6.54,6.65,6.44,6.54,6.54,130476,0.0,1.0
2015-06-18,6.6,6.88,6.58,6.85,6.85,282956,0.0,1.0
2015-06-19,6.89,6.97,6.71,6.74,6.74,304961,0.0,1.0
2015-06-22,6.79,7.11,6.75,6.98,6.98,327285,0.0,1.0
2015-06-23,6.97,7.0,6.77,6.89,6.89,212280,0.0,1.0
2015-06-24,6.9,6.9,6.73,6.8,6.8,277639,0.0,1.0
2015-06-25,6.8,6.85,6.61,6.69,6.69,202378,0.0,1.0
2015-06-26,6.67,6.73,6.4401,6.5,6.5,1613228,0.0,1.0
2015-06-29,6.32,6.571,6.23,6.24,6.24,312152,0.0,1.0
2015-06-30,6.32,6.52,6.29,6.46,6.46,234004,0.0,1.0
2015-07-01,6.51,6.583,6.27,6.36,6.36,196123,0.0,1.0
2015-07-02,6.39,6.39,6.17,6.29,6.29,408729,0.0,1.0
2015-07-06,6.28,6.5,6.23,6.47,6.47,334384,0.0,1.0
2015-07-07,6.44,6.44,5.81,6.11,6.11,335069,0.0,1.0
2015-07-08,6.0,6.23,6.0,6.17,6.17,155961,0.0,1.0
2015-07-09,6.3,6.34,6.23,6.26,6.26,177648,0.0,1.0
2015-07-10,6.36,6.58,6.3,6.55,6.55,227854,0.0,1.0
2015-07-13,6.58,6.7,6.51,6.57,6.57,151577,0.0,1.0
2015-07-14,6.58,6.7,6.56,6.63,6.63,120304,0.0,1.0
2015-07-15,6.6,6.65,6.42,6.45,6.45,134082,0.0,1.0
2015-07-16,6.47,6.62,6.4694,6.48,6.48,102853,0.0,1.0
2015-07-17,6.49,6.54,6.38,6.4,6.4,149985,0.0,1.0
2015-07-20,6.38,6.52,6.36,6.42,6.42,237320,0.0,1.0
2015-07-21,6.93,6.95,6.62,6.71,6.71,976279,0.0,1.0
2015-07-22,6.8,6.9,6.65,6.73,6.73,472684,0.0,1.0
2015-07-23,6.83,6.8385,6.66,6.74,6.74,270273,0.0,1.0
2015-07-24,6.82,6.82,6.55,6.58,6.58,328900,0.0,1.0
2015-07-27,6.55,6.68,6.55,6.65,6.65,204533,0.0,1.0
2015-07-28,6.77,6.789,6.5615,6.74,6.74,314333,0.0,1.0
2015-07-29,6.78,6.83,6.63,6.77,6.77,248531,0.0,1.0
2015-07-30,6.7,6.93,6.6,6.81,6.81,427664,0.0,1.0
2015-07-31,6.85,7.48,6.81,7.28,7.28,823467,0.0,1.0
2015-08-03,7.15,7.15,7.0,7.03,7.03,440841,0.0,1.0
2015-08-04,7.0,7.27,6.9,6.92,6.92,378409,0.0,1.0
2015-08-05,7.01,7.14,6.88,6.92,6.92,419061,0.0,1.0
2015-08-06,6.96,6.97,6.68,6.74,6.74,242984,0.0,1.0
2015-08-07,6.68,6.72,6.52,6.67,6.67,238951,0.0,1.0
2015-08-10,6.62,6.8,6.6,6.67,6.67,277327,0.0,1.0
2015-08-11,6.67,6.75,6.61,6.69,6.69,151302,0.0,1.0
2015-08-12,6.64,6.69,6.53,6.58,6.58,210530,0.0,1.0
2015-08-13,6.6,6.6599,6.4,6.41,6.41,302406,0.0,1.0
2015-08-14,6.4,6.56,6.4,6.52,6.52,195570,0.0,1.0
2015-08-17,6.52,6.6,6.43,6.55,6.55,146855,0.0,1.0
2015-08-18,6.57,6.74,6.55,6.56,6.56,205914,0.0,1.0
2015-08-19,6.9,7.08,6.78,6.87,6.87,690616,0.0,1.0
2015-08-20,6.85,6.88,6.57,6.58,6.58,337919,0.0,1.0
2015-08-21,6.5,6.75,6.46,6.62,6.62,262430,0.0,1.0
2015-08-24,6.31,6.4,5.87,6.16,6.16,438072,0.0,1.0
2015-08-25,6.37,6.37,6.05,6.08,6.08,251438,0.0,1.0
2015-08-26,6.2,6.34,6.0,6.19,6.19,279860,0.0,1.0
2015-08-27,6.25,6.47,6.11,6.29,6.29,544648,0.0,1.0
2015-08-28,6.32,6.4,6.22,6.33,6.33,197672,0.0,1.0
2015-08-31,6.33,6.55,6.32,6.38,6.38,279886,0.0,1.0
2015-09-01,6.23,6.32,6.1,6.14,6.14,254855,0.0,1.0
2015-09-02,6.19,6.24,6.11,6.23,6.23,133734,0.0,1.0
2015-09-03,6.22,6.32,6.1,6.1,6.1,138483,0.0,1.0
2015-09-04,6.05,6.22,6.027,6.15,6.15,98391,0.0,1.0
2015-09-08,6.22,6.34,6.13,6.27,6.27,150018,0.0,1.0
2015-09-09,6.31,6.32,6.0767,6.1,6.1,127871,0.0,1.0
2015-09-10,6.04,6.24,6.04,6.15,6.15,92275,0.0,1.0
2015-09-11,6.09,6.2799,6.06,6.18,6.18,91362,0.0,1.0
2015-09-14,6.17,6.18,6.01,6.05,6.05,87194,0.0,1.0
2015-09-15,6.06,6.23,5.97,6.17,6.17,92956,0.0,1.0
2015-09-16,6.17,6.22,6.07,6.11,6.11,77489,0.0,1.0
2015-09-17,6.12,6.345,6.12,6.25,6.25,129007,0.0,1.0
2015-09-18,6.15,6.39,6.15,6.19,6.19,222233,0.0,1.0
2015-09-21,6.28,6.3103,6.01,6.11,6.11,171741,0.0,1.0
2015-09-22,6.01,6.145,5.95,6.13,6.13,162831,0.0,1.0
2015-09-23,6.15,6.26,6.08,6.12,6.12,120746,0.0,1.0
2015-09-24,6.11,6.2,6.0301,6.19,6.19,121870,0.0,1.0
2015-09-25,6.25,6.26,5.61,5.69,5.69,273935,0.0,1.0
2015-09-28,5.63,5.68,5.3,5.43,5.43,326075,0.0,1.0
2015-09-29,5.44,5.55,5.32,5.47,5.47,223582,0.0,1.0
2015-09-30,5.5,5.68,5.42,5.68,5.68,286491,0.0,1.0
2015-10-01,5.68,5.74,5.445,5.5,5.5,203334,0.0,1.0
2015-10-02,5.46,5.63,5.32,5.61,5.61,146573,0.0,1.0
2015-10-05,5.66,5.74,5.445,5.73,5.73,249530,0.0,1.0
2015-10-06,5.71,5.72,5.395,5.44,5.44,189325,0.0,1.0
2015-10-07,5.45,5.58,5.36,5.54,5.54,172327,0.0,1.0
2015-10-08,5.56,5.56,5.31,5.48,5.48,181624,0.0,1.0
2015-10-09,5.52,5.55,5.31,5.33,5.33,212589,0.0,1.0
2015-10-12,5.36,5.5396,5.32,5.44,5.44,276870,0.0,1.0
2015-10-13,5.43,5.5599,5.31,5.32,5.32,123659,0.0,1.0
2015-10-14,5.33,5.44,5.07,5.07,5.07,253526,0.0,1.0
2015-10-15,5.06,5.32,5.06,5.29,5.29,178695,0.0,1.0
2015-10-16,5.32,5.361,5.04,5.08,5.08,535291,0.0,1.0
2015-10-19,5.07,5.24,5.0,5.07,5.07,397511,0.0,1.0
2015-10-20,5.09,5.18,5.02,5.07,5.07,177002,0.0,1.0
2015-10-21,5.11,5.12,4.85,4.91,4.91,273568,0.0,1.0
2015-10-22,4.9,4.94,4.67,4.73,4.73,321101,0.0,1.0
2015-10-23,4.75,4.8925,4.71,4.76,4.76,436856,0.0,1.0
2015-10-26,4.76,4.85,4.7,4.74,4.74,699180,0.0,1.0
2015-10-27,4.78,4.85,4.7,4.72,4.72,340569,0.0,1.0
2015-10-28,4.71,5.07,4.7,5.07,5.07,462504,0.0,1.0
2015-10-29,4.61,4.99,4.35,4.4,4.4,1965424,0.0,1.0
2015-10-30,4.02,4.24,3.86,4.205,4.205,854420,0.0,1.0
2015-11-02,4.18,4.18,3.83,4.07,4.07,1007421,0.0,1.0
2015-11-03,4.02,4.15,3.85,3.88,3.88,788735,0.0,1.0
2015-11-04,3.8,3.94,3.78,3.93,3.93,499543,0.0,1.0
2015-11-05,3.92,3.995,3.87,3.95,3.95,275930,0.0,1.0
2015-11-06,3.97,4.03,3.92,4.03,4.03,279764,0.0,1.0
2015-11-09,4.05,4.07,3.95,3.99,3.99,258732,0.0,1.0
2015-11-10,4.01,4.015,3.92,3.96,3.96,250884,0.0,1.0
2015-11-11,3.94,3.98,3.87,3.88,3.88,218623,0.0,1.0
2015-11-12,3.82,3.94,3.79,3.81,3.81,286874,0.0,1.0
2015-11-13,3.77,3.87,3.751,3.77,3.77,270270,0.0,1.0
2015-11-16,3.77,3.83,3.68,3.75,3.75,173293,0.0,1.0
2015-11-17,3.73,3.76,3.65,3.7,3.7,288325,0.0,1.0
2015-11-18,3.68,3.8,3.66,3.78,3.78,285032,0.0,1.0
2015-11-19,3.78,3.78,3.65,3.67,3.67,188107,0.0,1.0
2015-11-20,3.7,3.8,3.68,3.73,3.73,140215,0.0,1.0
2015-11-23,3.7,3.795,3.65,3.7,3.7,140392,0.0,1.0
2015-11-24,3.7,3.8,3.65,3.73,3.73,161979,0.0,1.0
2015-11-25,3.7,3.75,3.69,3.71,3.71,135366,0.0,1.0
2015-11-27,3.71,3.98,3.71,3.97,3.97,124823,0.0,1.0
2015-11-30,4.0,4.03,3.864,3.92,3.92,232193,0.0,1.0
2015-12-01,3.91,3.96,3.8,3.87,3.87,128732,0.0,1.0
2015-12-02,3.87,4.3,3.86,4.25,4.25,799844,0.0,1.0
2015-12-03,4.27,4.35,4.0,4.055,4.055,316506,0.0,1.0
2015-12-04,4.09,4.2,4.01,4.09,4.09,159006,0.0,1.0
2015-12-07,4.11,4.11,3.89,3.94,3.94,249627,0.0,1.0
2015-12-08,3.93,3.9799,3.8,3.94,3.94,187590,0.0,1.0
2015-12-09,3.94,4.02,3.82,3.84,3.84,179137,0.0,1.0
2015-12-10,3.84,3.97,3.77,3.95,3.95,205424,0.0,1.0
2015-12-11,3.87,3.93,3.73,3.8,3.8,196606,0.0,1.0
2015-12-14,3.79,3.86,3.68,3.69,3.69,159748,0.0,1.0
2015-12-15,3.7,3.85,3.66,3.68,3.68,315618,0.0,1.0
2015-12-16,3.71,3.75,3.67,3.7,3.7,314178,0.0,1.0
2015-12-17,3.74,3.81,3.68,3.69,3.69,219951,0.0,1.0
2015-12-18,3.7,3.89,3.7,3.79,3.79,365831,0.0,1.0
2015-12-21,3.79,3.79,3.56,3.63,3.63,256474,0.0,1.0
2015-12-22,3.63,3.81,3.61,3.78,3.78,288282,0.0,1.0
2015-12-23,3.83,3.855,3.75,3.81,3.81,128359,0.0,1.0
2015-12-24,3.86,4.22,3.8,4.16,4.16,326625,0.0,1.0
2015-12-28,4.13,4.13,3.855,4.03,4.03,136016,0.0,1.0
2015-12-29,4.08,4.19,3.985,4.1,4.1,110941,0.0,1.0
2015-12-30,4.11,4.1413,3.96,4.0,4.0,130591,0.0,1.0
2015-12-31,3.96,4.0749,3.96,3.97,3.97,139879,0.0,1.0
2016-01-04,3.93,3.94,3.71,3.73,3.73,238770,0.0,1.0
2016-01-05,3.79,4.16,3.71,3.82,3.82,273929,0.0,1.0
2016-01-06,3.77,3.87,3.7,3.74,3.74,115841,0.0,1.0
2016-01-07,3.68,3.74,3.55,3.57,3.57,271482,0.0,1.0
2016-01-08,3.71,4.11,3.59,3.59,3.59,542793,0.0,1.0
2016-01-11,3.59,3.59,3.31,3.55,3.55,461999,0.0,1.0
2016-01-12,3.59,3.68,3.455,3.55,3.55,200688,0.0,1.0
2016-01-13,3.49,3.61,3.36,3.38,3.38,141660,0.0,1.0
2016-01-14,3.4,3.62,3.39,3.53,3.53,200080,0.0,1.0
2016-01-15,3.42,3.54,3.28,3.34,3.34,207472,0.0,1.0
2016-01-19,3.38,3.43,3.17,3.2,3.2,222400,0.0,1.0
2016-01-20,3.13,3.43,2.88,3.38,3.38,520627,0.0,1.0
2016-01-21,3.4,3.4,3.205,3.25,3.25,295666,0.0,1.0
2016-01-22,3.36,3.49,3.31,3.4,3.4,378603,0.0,1.0
2016-01-25,3.4,3.4268,3.27,3.27,3.27,290577,0.0,1.0
2016-01-26,3.31,3.32,3.22,3.24,3.24,301956,0.0,1.0
2016-01-27,3.24,3.27,3.17,3.18,3.18,403815,0.0,1.0
2016-01-28,3.2,3.24,3.07,3.09,3.09,281747,0.0,1.0
2016-01-29,3.11,3.3,3.04,3.21,3.21,577215,0.0,1.0
2016-02-01,3.2,3.38,3.16,3.35,3.35,98616,0.0,1.0
2016-02-02,3.32,3.38,3.27,3.3,3.3,104821,0.0,1.0
2016-02-03,3.33,3.37,3.2,3.3,3.3,81990,0.0,1.0
2016-02-04,3.28,3.45,3.22,3.23,3.23,154687,0.0,1.0
2016-02-05,3.21,3.31,3.01,3.02,3.02,289361,0.0,1.0
2016-02-08,3.01,3.02,2.85,2.96,2.96,288321,0.0,1.0
2016-02-09,2.92,3.06,2.88,2.95,2.95,186721,0.0,1.0
2016-02-10,2.94,3.06,2.9,2.93,2.93,190967,0.0,1.0
2016-02-11,2.87,2.98,2.81,2.95,2.95,147655,0.0,1.0
2016-02-12,3.0,3.2,2.89,3.15,3.15,220378,0.0,1.0
2016-02-16,3.22,3.27,2.93,3.19,3.19,240708,0.0,1.0
2016-02-17,3.18,3.19,2.96,3.08,3.08,321141,0.0,1.0
2016-02-18,3.08,3.28,3.08,3.26,3.26,188921,0.0,1.0
2016-02-19,3.26,3.26,3.0601,3.19,3.19,229749,0.0,1.0
2016-02-22,3.27,3.28,3.16,3.22,3.22,212165,0.0,1.0
2016-02-23,3.22,3.27,3.2,3.21,3.21,127342,0.0,1.0
2016-02-24,3.2,3.43,3.15,3.31,3.31,259414,0.0,1.0
2016-02-25,3.35,3.52,3.31,3.5,3.5,166178,0.0,1.0
2016-02-26,3.56,3.64,3.448,3.5,3.5,220971,0.0,1.0
2016-02-29,3.48,3.5899,3.44,3.5,3.5,233573,0.0,1.0
2016-03-01,3.51,3.66,3.42,3.64,3.64,187846,0.0,1.0
2016-03-02,3.63,3.64,3.53,3.59,3.59,221818,0.0,1.0
2016-03-03,3.62,3.67,3.59,3.66,3.66,141500,0.0,1.0
2016-03-04,3.66,3.81,3.62,3.73,3.73,104355,0.0,1.0
2016-03-07,3.74,3.87,3.74,3.84,3.84,203276,0.0,1.0
2016-03-08,3.83,3.98,3.8,3.8,3.8,287143,0.0,1.0
2016-03-09,3.83,4.04,3.79,4.03,4.03,225046,0.0,1.0
2016-03-10,4.04,4.09,3.84,3.91,3.91,196774,0.0,1.0
2016-03-11,3.94,4.06,3.91,4.05,4.05,198888,0.0,1.0
2016-03-14,4.05,4.06,3.95,3.95,3.95,141443,0.0,1.0
2016-03-15,3.91,3.91,3.76,3.8,3.8,125102,0.0,1.0
2016-03-16,3.77,3.94,3.705,3.85,3.85,120255,0.0,1.0
2016-03-17,3.84,3.93,3.75,3.9,3.9,140449,0.0,1.0
2016-03-18,3.94,4.06,3.9,4.04,4.04,226837,0.0,1.0
2016-03-21,4.05,4.085,3.86,3.87,3.87,134852,0.0,1.0
2016-03-22,3.86,3.9199,3.68,3.75,3.75,121901,0.0,1.0
2016-03-23,3.77,3.77,3.6,3.62,3.62,143839,0.0,1.0
2016-03-24,3.61,3.77,3.5301,3.74,3.74,105156,0.0,1.0
2016-03-28,3.8,3.8031,3.65,3.71,3.71,103382,0.0,1.0
2016-03-29,3.71,3.95,3.67,3.93,3.93,187908,0.0,1.0
2016-03-30,3.96,4.04,3.86,4.01,4.01,116080,0.0,1.0
2016-03-31,4.0,4.04,3.96,4.0,4.0,181703,0.0,1.0
2016-04-01,3.96,4.47,3.93,4.2,4.2,424928,0.0,1.0
2016-04-04,4.26,4.4,4.11,4.15,4.15,212756,0.0,1.0
2016-04-05,4.13,4.17,4.0,4.01,4.01,170638,0.0,1.0
2016-04-06,4.02,4.09,3.99,4.02,4.02,140322,0.0,1.0
2016-04-07,4.0,4.06,3.93,3.99,3.99,188172,0.0,1.0
2016-04-08,4.06,4.06,3.95,3.99,3.99,149692,0.0,1.0
2016-04-11,4.02,4.07,3.97,3.99,3.99,100096,0.0,1.0
2016-04-12,3.96,4.04,3.92,3.99,3.99,166137,0.0,1.0
2016-04-13,4.02,4.24,4.0,4.21,4.21,201626,0.0,1.0
2016-04-14,4.21,4.23,4.12,4.13,4.13,143893,0.0,1.0
2016-04-15,4.09,4.215,4.09,4.17,4.17,42052,0.0,1.0
2016-04-18,4.17,4.3,4.1273,4.24,4.24,141436,0.0,1.0
2016-04-19,4.25,4.2743,4.08,4.12,4.12,136917,0.0,1.0
2016-04-20,4.09,4.24,4.06,4.21,4.21,116957,0.0,1.0
2016-04-21,4.25,4.35,4.15,4.2,4.2,158078,0.0,1.0
2016-04-22,4.15,4.28,4.07,4.19,4.19,82849,0.0,1.0
2016-04-25,4.21,4.2469,4.06,4.07,4.07,116801,0.0,1.0
2016-04-26,4.11,4.24,4.0501,4.21,4.21,152654,0.0,1.0
2016-04-27,4.18,4.49,4.15,4.33,4.33,301746,0.0,1.0
2016-04-28,4.65,4.65,3.93,3.99,3.99,318979,0.0,1.0
2016-04-29,3.98,4.0799,3.86,3.99,3.99,180012,0.0,1.0
2016-05-02,4.02,4.1,3.92,4.07,4.07,247797,0.0,1.0
2016-05-03,4.0,4.08,3.94,4.0,4.0,133839,0.0,1.0
2016-05-04,3.98,4.04,3.92,4.0,4.0,95644,0.0,1.0
2016-05-05,3.99,4.04,3.97,3.98,3.98,57313,0.0,1.0
2016-05-06,3.95,4.04,3.93,4.01,4.01,97628,0.0,1.0
2016-05-09,4.03,4.08,4.0,4.01,4.01,47469,0.0,1.0
2016-05-10,4.03,4.074,3.9601,4.02,4.02,109261,0.0,1.0
2016-05-11,4.0,4.04,3.95,4.0,4.0,145688,0.0,1.0
2016-05-12,4.03,4.03,3.75,3.77,3.77,135968,0.0,1.0
2016-05-13,3.73,3.9,3.71,3.85,3.85,147292,0.0,1.0
2016-05-16,3.85,3.935,3.78,3.81,3.81,142738,0.0,1.0
2016-05-17,3.79,3.85,3.6,3.63,3.63,145316,0.0,1.0
2016-05-18,3.63,3.78,3.6,3.74,3.74,62807,0.0,1.0
2016-05-19,3.71,3.82,3.59,3.71,3.71,109621,0.0,1.0
2016-05-20,3.74,3.76,3.68,3.75,3.75,186029,0.0,1.0
2016-05-23,3.77,3.83,3.71,3.73,3.73,77012,0.0,1.0
2016-05-24,3.74,3.92,3.74,3.89,3.89,162331,0.0,1.0
2016-05-25,3.89,3.95,3.83,3.84,3.84,93420,0.0,1.0
2016-05-26,3.83,3.85,3.79,3.85,3.85,184776,0.0,1.0
2016-05-27,3.84,3.93,3.83,3.87,3.87,81166,0.0,1.0
2016-05-31,3.89,3.89,3.75,3.77,3.77,102848,0.0,1.0
2016-06-01,3.76,3.77,3.7,3.72,3.72,174658,0.0,1.0
2016-06-02,3.71,3.73,3.68,3.72,3.72,81592,0.0,1.0
2016-06-03,3.71,3.72,3.645,3.7,3.7,136352,0.0,1.0
2016-06-06,3.74,3.75,3.66,3.73,3.73,138313,0.0,1.0
2016-06-07,3.74,3.77,3.66,3.67,3.67,95432,0.0,1.0
2016-06-08,3.7,3.8,3.65,3.78,3.78,105008,0.0,1.0
2016-06-09,3.74,3.82,3.7,3.71,3.71,106666,0.0,1.0
2016-06-10,3.69,3.8599,3.69,3.71,3.71,99576,0.0,1.0
2016-06-13,3.71,3.95,3.71,3.88,3.88,309149,0.0,1.0
2016-06-14,3.83,3.91,3.82,3.87,3.87,101044,0.0,1.0
2016-06-15,3.87,3.94,3.81,3.91,3.91,126158,0.0,1.0
2016-06-16,3.87,3.915,3.75,3.79,3.79,98986,0.0,1.0
2016-06-17,3.8,3.88,3.75,3.84,3.84,452133,0.0,1.0
2016-06-20,3.87,3.9,3.84,3.88,3.88,85947,0.0,1.0
2016-06-21,3.9,3.9,3.7,3.74,3.74,97672,0.0,1.0
2016-06-22,3.73,3.79,3.6961,3.73,3.73,51034,0.0,1.0
2016-06-23,3.75,3.8,3.74,3.8,3.8,82670,0.0,1.0
2016-06-24,3.67,3.75,3.64,3.66,3.66,1267587,0.0,1.0
2016-06-27,3.62,3.6389,3.5,3.52,3.52,226814,0.0,1.0
2016-06-28,3.53,3.64,3.503,3.58,3.58,243200,0.0,1.0
2016-06-29,3.66,3.66,3.5,3.58,3.58,113229,0.0,1.0
2016-06-30,3.6,3.63,3.55,3.59,3.59,133593,0.0,1.0
2016-07-01,3.6,3.66,3.57,3.59,3.59,101323,0.0,1.0
2016-07-05,3.57,3.64,3.53,3.59,3.59,102853,0.0,1.0
2016-07-06,3.55,3.79,3.55,3.7,3.7,148255,0.0,1.0
2016-07-07,3.7,3.77,3.59,3.64,3.64,81675,0.0,1.0
2016-07-08,3.68,3.76,3.6701,3.75,3.75,139622,0.0,1.0
2016-07-11,3.76,3.79,3.72,3.75,3.75,145579,0.0,1.0
2016-07-12,3.76,3.84,3.74,3.8,3.8,206263,0.0,1.0
2016-07-13,3.81,3.83,3.74,3.77,3.77,109332,0.0,1.0
2016-07-14,3.8,3.88,3.8,3.85,3.85,78977,0.0,1.0
2016-07-15,3.89,3.89,3.7849,3.8,3.8,112957,0.0,1.0
2016-07-18,3.79,3.87,3.73,3.81,3.81,82002,0.0,1.0
2016-07-19,3.78,3.87,3.75,3.82,3.82,63842,0.0,1.0
2016-07-20,3.81,3.83,3.7,3.74,3.74,130762,0.0,1.0
2016-07-21,3.71,3.79,3.7,3.76,3.76,84898,0.0,1.0
2016-07-22,3.74,3.87,3.74,3.82,3.82,72024,0.0,1.0
2016-07-25,3.83,3.91,3.74,3.89,3.89,175443,0.0,1.0
2016-07-26,3.75,3.87,3.75,3.83,3.83,85990,0.0,1.0
2016-07-27,3.68,3.76,3.41,3.43,3.43,950136,0.0,1.0
2016-07-28,3.1,3.34,3.0,3.23,3.23,516983,0.0,1.0
2016-07-29,3.23,3.35,3.16,3.25,3.25,247378,0.0,1.0
2016-08-01,3.28,3.28,3.1,3.1,3.1,192661,0.0,1.0
2016-08-02,3.09,3.21,3.07,3.15,3.15,243267,0.0,1.0
2016-08-03,3.14,3.26,3.13,3.16,3.16,80339,0.0,1.0
2016-08-04,3.16,3.19,3.1,3.1,3.1,179841,0.0,1.0
2016-08-05,3.1,3.18,3.1,3.16,3.16,160108,0.0,1.0
2016-08-08,3.14,3.199,3.11,3.11,3.11,91326,0.0,1.0
2016-08-09,3.11,3.14,3.1,3.11,3.11,109770,0.0,1.0
2016-08-10,3.11,3.16,3.08,3.1,3.1,141870,0.0,1.0
2016-08-11,3.11,3.1399,3.11,3.11,3.11,53228,0.0,1.0
2016-08-12,3.1,3.15,3.0,3.11,3.11,157845,0.0,1.0
2016-08-15,3.13,3.35,3.13,3.31,3.31,161552,0.0,1.0
2016-08-16,3.35,3.35,3.21,3.23,3.23,157017,0.0,1.0
2016-08-17,3.23,3.2799,3.16,3.26,3.26,91347,0.0,1.0
2016-08-18,3.28,3.32,3.24,3.31,3.31,94785,0.0,1.0
2016-08-19,3.29,3.35,3.28,3.3,3.3,132479,0.0,1.0
2016-08-22,3.28,3.32,3.23,3.31,3.31,68895,0.0,1.0
2016-08-23,3.33,3.34,3.293,3.33,3.33,85356,0.0,1.0
2016-08-24,3.32,3.3999,3.25,3.25,3.25,149433,0.0,1.0
2016-08-25,3.24,3.32,3.23,3.3,3.3,81024,0.0,1.0
2016-08-26,3.3,3.34,3.26,3.31,3.31,102092,0.0,1.0
2016-08-29,3.3,3.35,3.3,3.32,3.32,62670,0.0,1.0
2016-08-30,3.31,3.32,3.24,3.24,3.24,64174,0.0,1.0
2016-08-31,3.26,3.26,3.13,3.21,3.21,136192,0.0,1.0
2016-09-01,3.23,3.33,3.2175,3.32,3.32,114989,0.0,1.0
2016-09-02,3.34,3.41,3.298,3.4,3.4,72655,0.0,1.0
2016-09-06,3.38,3.42,3.28,3.31,3.31,56250,0.0,1.0
2016-09-07,3.28,3.48,3.28,3.38,3.38,115213,0.0,1.0
2016-09-08,3.4,3.4,3.29,3.3,3.3,65534,0.0,1.0
2016-09-09,3.28,3.29,3.1,3.14,3.14,259304,0.0,1.0
2016-09-12,3.12,3.2,3.043,3.1,3.1,208165,0.0,1.0
2016-09-13,3.09,3.13,3.02,3.11,3.11,141106,0.0,1.0
2016-09-14,3.11,3.15,3.08,3.1,3.1,82859,0.0,1.0
2016-09-15,3.13,3.13,3.02,3.09,3.09,119008,0.0,1.0
2016-09-16,3.11,3.21,3.08,3.15,3.15,274144,0.0,1.0
2016-09-19,3.12,3.16,3.07,3.08,3.08,96526,0.0,1.0
2016-09-20,3.11,3.118,3.02,3.03,3.03,65083,0.0,1.0
2016-09-21,3.02,3.05,2.98,3.05,3.05,106858,0.0,1.0
2016-09-22,3.06,3.16,3.06,3.13,3.13,138219,0.0,1.0
2016-09-23,3.1,3.16,3.03,3.05,3.05,76605,0.0,1.0
2016-09-26,3.03,3.06,3.02,3.05,3.05,88476,0.0,1.0
2016-09-27,3.02,3.09,3.02,3.06,3.06,52567,0.0,1.0
2016-09-28,3.04,3.11,3.02,3.1,3.1,213743,0.0,1.0
2016-09-29,3.1,3.14,3.05,3.06,3.06,74981,0.0,1.0
2016-09-30,3.08,3.17,3.075,3.13,3.13,127427,0.0,1.0
2016-10-03,3.13,3.13,3.07,3.11,3.11,54093,0.0,1.0
2016-10-04,3.1,3.17,3.1,3.13,3.13,129111,0.0,1.0
2016-10-05,3.12,3.1999,3.11,3.16,3.16,49085,0.0,1.0
2016-10-06,3.13,3.2,3.08,3.1,3.1,48919,0.0,1.0
2016-10-07,3.11,3.14,3.06,3.08,3.08,61927,0.0,1.0
2016-10-10,3.1,3.22,3.1,3.19,3.19,101418,0.0,1.0
2016-10-11,3.16,3.18,3.085,3.1,3.1,108666,0.0,1.0
2016-10-12,3.11,3.14,3.06,3.09,3.09,128750,0.0,1.0
2016-10-13,3.06,3.12,3.0401,3.1,3.1,191079,0.0,1.0
2016-10-14,3.09,3.12,3.04,3.09,3.09,351066,0.0,1.0
2016-10-17,3.1,3.15,3.08,3.11,3.11,56711,0.0,1.0
2016-10-18,3.13,3.18,3.09,3.16,3.16,99441,0.0,1.0
2016-10-19,3.17,3.24,3.17,3.22,3.22,84217,0.0,1.0
2016-10-20,3.24,3.3,3.23,3.26,3.26,84142,0.0,1.0
2016-10-21,3.22,3.27,3.1,3.11,3.11,75375,0.0,1.0
2016-10-24,3.14,3.17,3.1,3.11,3.11,59258,0.0,1.0
2016-10-25,3.06,3.07,2.88,2.97,2.97,300027,0.0,1.0
2016-10-26,2.95,3.0,2.8,2.8,2.8,215979,0.0,1.0
2016-10-27,2.8,2.82,2.67,2.69,2.69,194758,0.0,1.0
2016-10-28,2.68,2.72,2.63,2.66,2.66,130830,0.0,1.0
2016-10-31,2.65,2.65,2.5,2.55,2.55,274598,0.0,1.0
2016-11-01,2.6,2.6,2.55,2.6,2.6,121489,0.0,1.0
2016-11-02,2.55,2.7,2.5,2.55,2.55,179722,0.0,1.0
2016-11-03,2.6,2.6,2.54,2.55,2.55,133336,0.0,1.0
2016-11-04,2.5,2.6,2.5,2.55,2.55,161576,0.0,1.0
2016-11-07,2.65,2.8,2.55,2.8,2.8,190801,0.0,1.0
2016-11-08,2.8,2.95,2.7,2.75,2.75,87517,0.0,1.0
2016-11-09,2.7,2.95,2.7,2.95,2.95,133788,0.0,1.0
2016-11-10,2.95,3.05,2.8,3.0,3.0,184820,0.0,1.0
2016-11-11,3.05,3.2,2.85,3.15,3.15,241149,0.0,1.0
2016-11-14,3.2,3.2,2.95,3.0,3.0,158109,0.0,1.0
2016-11-15,3.0,3.0,2.8,2.85,2.85,102007,0.0,1.0
2016-11-16,2.85,2.925,2.8,2.85,2.85,143819,0.0,1.0
2016-11-17,2.9,2.95,2.7,2.75,2.75,198562,0.0,1.0
2016-11-18,2.75,2.85,2.7,2.8,2.8,110117,0.0,1.0
2016-11-21,2.85,2.95,2.75,2.9,2.9,164694,0.0,1.0
2016-11-22,2.9,3.025,2.85,2.95,2.95,245094,0.0,1.0
2016-11-23,2.9,3.0,2.85,2.9,2.9,176969,0.0,1.0
2016-11-25,2.9,3.05,2.9,3.05,3.05,53782,0.0,1.0
2016-11-28,3.0,3.05,2.95,2.95,2.95,210141,0.0,1.0
2016-11-29,3.0,3.04,2.925,2.95,2.95,79927,0.0,1.0
2016-11-30,3.0,3.1,2.85,2.9,2.9,224498,0.0,1.0
2016-12-01,2.9,3.05,2.81,2.9,2.9,153291,0.0,1.0
2016-12-02,2.9,3.0,2.9,2.95,2.95,60702,0.0,1.0
2016-12-05,3.0,3.1,2.9,3.05,3.05,153264,0.0,1.0
2016-12-06,3.05,3.35,3.05,3.3,3.3,176404,0.0,1.0
2016-12-07,3.25,3.3,3.1,3.2,3.2,169997,0.0,1.0
2016-12-08,3.2,3.4,3.05,3.3,3.3,147376,0.0,1.0
2016-12-09,3.25,3.45,3.2,3.4,3.4,137462,0.0,1.0
2016-12-12,3.4,3.45,3.2,3.3,3.3,229124,0.0,1.0
2016-12-13,3.35,3.45,3.2,3.3,3.3,327199,0.0,1.0
2016-12-14,3.35,3.4,3.25,3.35,3.35,362979,0.0,1.0
2016-12-15,3.35,3.4,3.3,3.35,3.35,239816,0.0,1.0
2016-12-16,3.35,3.4,3.1,3.4,3.4,603416,0.0,1.0
2016-12-19,3.4,3.5,3.1955,3.45,3.45,326707,0.0,1.0
2016-12-20,3.5,3.5,3.25,3.4,3.4,114404,0.0,1.0
2016-12-21,3.35,3.4,3.25,3.4,3.4,178637,0.0,1.0
2016-12-22,3.35,3.4,3.2,3.3,3.3,250481,0.0,1.0
2016-12-23,3.3,3.5,3.2,3.4,3.4,157239,0.0,1.0
2016-12-27,3.4,3.45,3.2,3.3,3.3,190916,0.0,1.0
2016-12-28,3.25,3.5,3.2,3.35,3.35,269115,0.0,1.0
2016-12-29,3.4,3.44,3.25,3.3,3.3,227377,0.0,1.0
2016-12-30,3.3,3.35,3.2,3.25,3.25,202506,0.0,1.0
2017-01-03,3.25,3.35,3.2,3.3,3.3,119085,0.0,1.0
2017-01-04,3.35,3.4,3.3,3.3,3.3,158640,0.0,1.0
2017-01-05,3.25,3.35,3.2,3.2,3.2,95010,0.0,1.0
2017-01-06,3.25,3.3,3.05,3.1,3.1,49469,0.0,1.0
2017-01-09,3.1,3.35,3.1,3.3,3.3,229336,0.0,1.0
2017-01-10,3.3,3.325,3.25,3.3,3.3,86767,0.0,1.0
2017-01-11,3.3,3.4,3.25,3.3,3.3,162315,0.0,1.0
2017-01-12,3.3,3.4,3.2,3.3,3.3,55292,0.0,1.0
2017-01-13,3.35,3.35,3.25,3.3,3.3,74752,0.0,1.0
2017-01-17,3.2,3.3,3.1,3.1,3.1,120050,0.0,1.0
2017-01-18,3.1,3.2,3.1,3.2,3.2,173345,0.0,1.0
2017-01-19,3.2,3.2,3.1,3.1,3.1,68062,0.0,1.0
2017-01-20,3.1,3.2,3.1,3.1,3.1,99170,0.0,1.0
2017-01-23,3.1,3.2,3.05,3.1,3.1,161934,0.0,1.0
2017-01-24,3.15,3.15,3.05,3.15,3.15,138874,0.0,1.0
2017-01-25,3.2,3.2,3.1,3.2,3.2,123220,0.0,1.0
2017-01-26,3.15,3.2,3.1,3.1,3.1,111212,0.0,1.0
2017-01-27,3.15,3.25,3.15,3.2,3.2,80954,0.0,1.0
2017-01-30,3.15,3.2,3.15,3.15,3.15,93210,0.0,1.0
2017-01-31,3.25,3.25,3.2,3.25,3.25,70597,0.0,1.0
2017-02-01,3.3,3.35,3.15,3.2,3.2,132720,0.0,1.0
2017-02-02,3.2,3.3,3.2,3.25,3.25,266157,0.0,1.0
2017-02-03,3.3,3.35,3.2,3.3,3.3,265577,0.0,1.0
2017-02-06,3.25,3.3,3.2,3.25,3.25,90649,0.0,1.0
2017-02-07,3.3,3.3,3.2,3.25,3.25,511842,0.0,1.0
2017-02-08,3.25,3.35,3.23,3.25,3.25,97837,0.0,1.0
2017-02-09,3.25,3.35,3.25,3.3,3.3,113185,0.0,1.0
2017-02-10,3.3,3.35,3.25,3.35,3.35,64804,0.0,1.0
2017-02-13,3.3,3.45,3.3,3.35,3.35,174410,0.0,1.0
2017-02-14,3.35,3.45,3.3,3.45,3.45,104118,0.0,1.0
2017-02-15,3.4,3.45,3.35,3.45,3.45,36758,0.0,1.0
2017-02-16,3.45,3.46,3.01,3.3,3.3,376867,0.0,1.0
2017-02-17,3.35,3.6,3.3,3.53,3.53,241622,0.0,1.0
2017-02-21,3.55,3.6,3.4,3.5,3.5,51948,0.0,1.0
2017-02-22,3.4,3.5,3.4,3.45,3.45,96503,0.0,1.0
2017-02-23,3.5,3.6,3.43,3.5,3.5,282318,0.0,1.0
2017-02-24,3.5,3.7,3.45,3.6,3.6,181662,0.0,1.0
2017-02-27,3.7,3.89,3.65,3.85,3.85,251719,0.0,1.0
2017-02-28,3.85,3.85,3.63,3.75,3.75,352219,0.0,1.0
2017-03-01,3.7,3.85,3.65,3.8,3.8,124964,0.0,1.0
2017-03-02,3.8,3.89,3.65,3.7,3.7,140488,0.0,1.0
2017-03-03,3.7,3.9,3.7,3.75,3.75,72271,0.0,1.0
2017-03-06,3.7,3.8,3.65,3.75,3.75,148013,0.0,1.0
2017-03-07,3.75,3.8,3.65,3.7,3.7,94010,0.0,1.0
2017-03-08,3.75,3.78,3.65,3.65,3.65,81015,0.0,1.0
2017-03-09,3.65,3.7,3.65,3.65,3.65,97125,0.0,1.0
2017-03-10,3.7,3.74,3.65,3.65,3.65,133836,0.0,1.0
2017-03-13,3.65,3.75,3.65,3.7,3.7,108753,0.0,1.0
2017-03-14,3.7,3.75,3.66,3.7,3.7,69254,0.0,1.0
2017-03-15,3.75,3.75,3.7,3.7,3.7,151927,0.0,1.0
2017-03-16,3.75,3.75,3.65,3.75,3.75,237723,0.0,1.0
2017-03-17,3.7,3.85,3.7,3.85,3.85,370111,0.0,1.0
2017-03-20,3.85,3.9,3.7,3.7,3.7,151764,0.0,1.0
2017-03-21,3.7,3.85,3.7,3.7,3.7,149626,0.0,1.0
2017-03-22,3.7,3.75,3.58,3.7,3.7,169654,0.0,1.0
2017-03-23,3.7,3.83,3.7,3.75,3.75,90633,0.0,1.0
2017-03-24,3.75,3.8,3.7,3.75,3.75,73612,0.0,1.0
2017-03-27,3.7,3.8,3.7,3.75,3.75,65468,0.0,1.0
2017-03-28,3.75,3.8,3.7,3.75,3.75,78920,0.0,1.0
2017-03-29,3.7,3.9,3.7,3.85,3.85,323425,0.0,1.0
2017-03-30,3.85,3.9,3.8,3.85,3.85,87555,0.0,1.0
2017-03-31,3.85,4.1,3.85,4.0,4.0,192168,0.0,1.0
2017-04-03,4.0,4.1,3.9,4.0,4.0,119495,0.0,1.0
2017-04-04,4.0,4.0,3.9,3.95,3.95,149107,0.0,1.0
2017-04-05,3.95,4.05,3.8,3.85,3.85,150212,0.0,1.0
2017-04-06,3.85,4.0,3.85,3.95,3.95,108771,0.0,1.0
2017-04-07,3.95,4.1,3.9,3.95,3.95,63224,0.0,1.0
2017-04-10,3.9,4.05,3.9,3.9,3.9,56197,0.0,1.0
2017-04-11,3.9,3.95,3.85,3.9,3.9,59833,0.0,1.0
2017-04-12,3.9,3.95,3.85,3.9,3.9,69471,0.0,1.0
2017-04-13,3.9,3.9,3.85,3.85,3.85,54942,0.0,1.0
2017-04-17,3.85,3.9,3.85,3.9,3.9,64090,0.0,1.0
2017-04-18,3.85,3.9,3.85,3.9,3.9,78762,0.0,1.0
2017-04-19,3.9,4.0,3.85,3.9,3.9,82878,0.0,1.0
2017-04-20,3.95,4.1,3.93,4.05,4.05,161979,0.0,1.0
2017-04-21,4.05,4.1,4.0,4.05,4.05,211782,0.0,1.0
2017-04-24,4.05,4.15,4.0,4.05,4.05,183571,0.0,1.0
2017-04-25,4.1,4.15,4.0,4.1,4.1,205272,0.0,1.0
2017-04-26,4.1,4.35,4.1,4.1,4.1,303420,0.0,1.0
2017-04-27,4.1,4.1,3.94,4.0,4.0,209859,0.0,1.0
2017-04-28,4.0,4.1,3.95,4.05,4.05,82249,0.0,1.0
2017-05-01,4.1,4.3,4.05,4.3,4.3,277709,0.0,1.0
2017-05-02,4.3,4.65,4.3,4.45,4.45,231893,0.0,1.0
2017-05-03,4.4,4.6,4.4,4.6,4.6,247324,0.0,1.0
2017-05-04,4.6,4.65,4.45,4.5,4.5,157431,0.0,1.0
2017-05-05,4.55,4.7,4.35,4.65,4.65,204291,0.0,1.0
2017-05-08,4.65,4.7,4.5,4.6,4.6,172642,0.0,1.0
2017-05-09,4.6,4.7,4.5,4.55,4.55,239463,0.0,1.0
2017-05-10,4.5,4.68,4.5,4.6,4.6,226411,0.0,1.0
2017-05-11,4.55,4.65,4.45,4.55,4.55,129153,0.0,1.0
2017-05-12,4.5,4.61,4.5,4.55,4.55,103610,0.0,1.0
2017-05-15,4.55,4.65,4.54,4.65,4.65,115859,0.0,1.0
2017-05-16,4.65,4.65,4.5,4.55,4.55,119967,0.0,1.0
2017-05-17,4.5,4.7,4.5,4.6,4.6,398037,0.0,1.0
2017-05-18,4.6,4.8,4.55,4.75,4.75,313665,0.0,1.0
2017-05-19,4.7,5.1,4.65,4.85,4.85,552031,0.0,1.0
2017-05-22,4.9,5.15,4.9,5.1,5.1,380465,0.0,1.0
2017-05-23,5.15,5.2,5.05,5.1,5.1,407593,0.0,1.0
2017-05-24,5.1,5.15,5.05,5.05,5.05,276973,0.0,1.0
2017-05-25,5.1,5.2,4.95,5.1,5.1,717301,0.0,1.0
2017-05-26,5.1,5.3,5.05,5.1,5.1,213856,0.0,1.0
2017-05-30,5.1,5.2,4.9,5.15,5.15,144918,0.0,1.0
2017-05-31,5.15,5.25,5.1,5.15,5.15,125857,0.0,1.0
2017-06-01,5.2,5.3,5.15,5.25,5.25,224937,0.0,1.0
2017-06-02,5.25,5.3,5.25,5.3,5.3,266401,0.0,1.0
2017-06-05,5.3,5.3,5.11,5.2,5.2,248784,0.0,1.0
2017-06-06,5.15,5.25,5.05,5.1,5.1,109316,0.0,1.0
2017-06-07,5.1,5.25,5.1,5.25,5.25,180038,0.0,1.0
2017-06-08,5.25,5.25,5.1,5.25,5.25,106763,0.0,1.0
2017-06-09,5.25,5.3,5.15,5.25,5.25,198835,0.0,1.0
2017-06-12,5.25,5.3,5.15,5.2,5.2,161429,0.0,1.0
2017-06-13,5.25,5.3,5.15,5.3,5.3,309527,0.0,1.0
2017-06-14,5.3,5.3,5.15,5.25,5.25,278195,0.0,1.0
2017-06-15,5.2,5.3,5.05,5.25,5.25,379225,0.0,1.0
2017-06-16,5.2,5.35,5.2,5.3,5.3,353834,0.0,1.0
2017-06-19,5.3,5.45,5.3,5.4,5.4,234847,0.0,1.0
2017-06-20,5.4,5.45,5.25,5.3,5.3,189619,0.0,1.0
2017-06-21,5.35,5.45,5.3,5.4,5.4,200357,0.0,1.0
2017-06-22,5.45,5.5,5.35,5.45,5.45,238707,0.0,1.0
2017-06-23,5.5,5.75,5.45,5.6,5.6,1116986,0.0,1.0
2017-06-26,5.65,5.75,5.55,5.6,5.6,399033,0.0,1.0
2017-06-27,5.6,5.75,5.59,5.65,5.65,274020,0.0,1.0
2017-06-28,5.7,5.93,5.6,5.85,5.85,626155,0.0,1.0
2017-06-29,5.85,5.88,5.75,5.85,5.85,268898,0.0,1.0
2017-06-30,5.85,5.95,5.78,5.85,5.85,191810,0.0,1.0
2017-07-03,5.9,5.9,5.65,5.7,5.7,70286,0.0,1.0
2017-07-05,5.7,5.75,5.55,5.75,5.75,227093,0.0,1.0
2017-07-06,5.65,5.675,5.575,5.6,5.6,195417,0.0,1.0
2017-07-07,5.65,5.7,5.55,5.7,5.7,127526,0.0,1.0
2017-07-10,5.7,6.0,5.65,5.65,5.65,196901,0.0,1.0
2017-07-11,5.65,5.8,5.6,5.65,5.65,204114,0.0,1.0
2017-07-12,5.75,5.75,5.6,5.65,5.65,190045,0.0,1.0
2017-07-13,5.65,5.75,5.575,5.7,5.7,271217,0.0,1.0
2017-07-14,5.65,5.75,5.6,5.65,5.65,145435,0.0,1.0
2017-07-17,5.7,5.7,5.55,5.65,5.65,280269,0.0,1.0
2017-07-18,5.6,5.75,5.55,5.7,5.7,232243,0.0,1.0
2017-07-19,5.65,5.75,5.65,5.75,5.75,211067,0.0,1.0
2017-07-20,5.75,5.9,5.55,5.65,5.65,372195,0.0,1.0
2017-07-21,5.7,5.7,5.55,5.6,5.6,417107,0.0,1.0
2017-07-24,5.55,5.65,5.55,5.65,5.65,292224,0.0,1.0
2017-07-25,5.7,5.75,5.6,5.65,5.65,278924,0.0,1.0
2017-07-26,5.65,5.7,5.61,5.65,5.65,147506,0.0,1.0
2017-07-27,5.65,5.7,5.35,5.5,5.5,555966,0.0,1.0
2017-07-28,5.45,5.7,5.45,5.6,5.6,210769,0.0,1.0
2017-07-31,5.5,5.75,5.45,5.7,5.7,171403,0.0,1.0
2017-08-01,5.7,5.8,5.6,5.65,5.65,219485,0.0,1.0
2017-08-02,5.65,5.8,5.55,5.8,5.8,311422,0.0,1.0
2017-08-03,5.75,5.75,5.55,5.6,5.6,201118,0.0,1.0
2017-08-04,5.75,5.75,5.6,5.6,5.6,150762,0.0,1.0
2017-08-07,5.6,5.75,5.5,5.5,5.5,213544,0.0,1.0
2017-08-08,5.35,5.45,4.25,4.9,4.9,358604,0.0,1.0
2017-08-09,4.95,4.95,4.65,4.8,4.8,334161,0.0,1.0
2017-08-10,4.75,4.85,4.65,4.75,4.75,253229,0.0,1.0
2017-08-11,4.7,4.9,4.7,4.8,4.8,288735,0.0,1.0
2017-08-14,4.75,5.06,4.75,4.95,4.95,346379,0.0,1.0
2017-08-15,5.0,5.05,4.9,5.0,5.0,217206,0.0,1.0
2017-08-16,4.95,5.0,4.9,4.9,4.9,110719,0.0,1.0
2017-08-17,4.85,4.95,4.7,4.7,4.7,99666,0.0,1.0
2017-08-18,4.6,4.8,4.5,4.65,4.65,132985,0.0,1.0
2017-08-21,4.7,4.72,4.63,4.65,4.65,65093,0.0,1.0
2017-08-22,4.7,4.8,4.7,4.75,4.75,72330,0.0,1.0
2017-08-23,4.7,4.9,4.6,4.65,4.65,141580,0.0,1.0
2017-08-24,4.7,4.7,4.5,4.55,4.55,150098,0.0,1.0
2017-08-25,4.6,4.65,4.4,4.55,4.55,226528,0.0,1.0
2017-08-28,4.55,4.63,4.45,4.5,4.5,196663,0.0,1.0
2017-08-29,4.5,4.55,4.45,4.5,4.5,63608,0.0,1.0
2017-08-30,4.45,4.53,4.4,4.4,4.4,96278,0.0,1.0
2017-08-31,4.45,4.55,4.4,4.5,4.5,125602,0.0,1.0
2017-09-01,4.55,4.6,4.5,4.55,4.55,79624,0.0,1.0
2017-09-05,4.5,4.6,4.5,4.55,4.55,77474,0.0,1.0
2017-09-06,4.6,4.65,4.55,4.6,4.6,67798,0.0,1.0
2017-09-07,4.6,4.65,4.25,4.4,4.4,162911,0.0,1.0
2017-09-08,4.45,4.58,4.4,4.45,4.45,68550,0.0,1.0
2017-09-11,4.55,4.57,4.33,4.5,4.5,119994,0.0,1.0
2017-09-12,4.55,4.58,4.45,4.5,4.5,81997,0.0,1.0
2017-09-13,4.5,4.55,4.5,4.5,4.5,74441,0.0,1.0
2017-09-14,4.5,4.55,4.4,4.55,4.55,131636,0.0,1.0
2017-09-15,4.55,4.55,4.4,4.5,4.5,419390,0.0,1.0
2017-09-18,4.5,4.55,4.45,4.55,4.55,139440,0.0,1.0
2017-09-19,4.5,4.6,4.47,4.55,4.55,92301,0.0,1.0
2017-09-20,4.5,4.65,4.5,4.55,4.55,193267,0.0,1.0
2017-09-21,4.55,4.65,4.53,4.65,4.65,76746,0.0,1.0
2017-09-22,4.6,4.65,4.55,4.6,4.6,80802,0.0,1.0
2017-09-25,4.55,4.72,4.45,4.6,4.6,267308,0.0,1.0
2017-09-26,4.65,4.75,4.59,4.75,4.75,122188,0.0,1.0
2017-09-27,4.8,4.86,4.6,4.65,4.65,195290,0.0,1.0
2017-09-28,4.65,4.7,4.6,4.65,4.65,147314,0.0,1.0
2017-09-29,4.6,4.7,4.55,4.55,4.55,151231,0.0,1.0
2017-10-02,4.6,4.75,4.55,4.65,4.65,146404,0.0,1.0
2017-10-03,4.7,4.75,4.61,4.65,4.65,293563,0.0,1.0
2017-10-04,4.7,4.85,4.65,4.7,4.7,227843,0.0,1.0
2017-10-05,4.75,4.75,4.56,4.65,4.65,188939,0.0,1.0
2017-10-06,4.7,4.85,4.65,4.75,4.75,117401,0.0,1.0
2017-10-09,4.75,4.75,4.6,4.65,4.65,76744,0.0,1.0
2017-10-10,4.7,4.8,4.63,4.75,4.75,96124,0.0,1.0
2017-10-11,4.7,4.78,4.6,4.7,4.7,102152,0.0,1.0
2017-10-12,4.7,4.85,4.68,4.85,4.85,101599,0.0,1.0
2017-10-13,4.85,4.85,4.7,4.7,4.7,83421,0.0,1.0
2017-10-16,4.65,4.85,4.55,4.85,4.85,99951,0.0,1.0
2017-10-17,4.8,4.85,4.65,4.75,4.75,130880,0.0,1.0
2017-10-18,4.75,4.8,4.65,4.8,4.8,112769,0.0,1.0
2017-10-19,4.8,4.8,4.7,4.75,4.75,30308,0.0,1.0
2017-10-20,4.8,4.9,4.55,4.65,4.65,234921,0.0,1.0
2017-10-23,4.7,4.75,4.55,4.55,4.55,79695,0.0,1.0
2017-10-24,4.5,4.65,4.5,4.5,4.5,117215,0.0,1.0
2017-10-25,4.55,4.6,4.46,4.55,4.55,83697,0.0,1.0
2017-10-26,4.6,4.6,4.46,4.6,4.6,127609,0.0,1.0
2017-10-27,4.6,4.61,4.5,4.6,4.6,170539,0.0,1.0
2017-10-30,4.55,4.63,4.4,4.45,4.45,221199,0.0,1.0
2017-10-31,4.5,4.6,4.4,4.5,4.5,258782,0.0,1.0
2017-11-01,4.55,4.55,4.3,4.35,4.35,116140,0.0,1.0
2017-11-02,4.0,4.7,3.85,4.7,4.7,218885,0.0,1.0
2017-11-03,4.65,4.93,4.5,4.8,4.8,213350,0.0,1.0
2017-11-06,4.8,4.8,4.68,4.8,4.8,70878,0.0,1.0
2017-11-07,4.85,4.85,4.55,4.55,4.55,100559,0.0,1.0
2017-11-08,4.5,4.65,4.5,4.6,4.6,138016,0.0,1.0
2017-11-09,4.55,4.8,4.55,4.75,4.75,79892,0.0,1.0
2017-11-10,4.75,4.85,4.7,4.75,4.75,187684,0.0,1.0
2017-11-13,4.8,4.8,4.61,4.7,4.7,89173,0.0,1.0
2017-11-14,4.65,4.65,4.45,4.55,4.55,112395,0.0,1.0
2017-11-15,4.5,4.53,4.4,4.4,4.4,69012,0.0,1.0
2017-11-16,4.35,4.6,4.35,4.58,4.58,115910,0.0,1.0
2017-11-17,4.5,4.7,4.45,4.65,4.65,111205,0.0,1.0
2017-11-20,4.7,4.8,4.65,4.8,4.8,100487,0.0,1.0
2017-11-21,4.8,4.9,4.7,4.88,4.88,149373,0.0,1.0
2017-11-22,4.9,5.0,4.7,4.75,4.75,169462,0.0,1.0
2017-11-24,4.75,4.95,4.7,4.95,4.95,47671,0.0,1.0
2017-11-27,4.9,5.05,4.825,5.0,5.0,157377,0.0,1.0
2017-11-28,5.0,5.075,4.85,5.05,5.05,95383,0.0,1.0
2017-11-29,5.05,5.05,4.85,4.95,4.95,106086,0.0,1.0
2017-11-30,4.95,4.95,4.75,4.8,4.8,152850,0.0,1.0
2017-12-01,4.75,4.85,4.5,4.725,4.725,90011,0.0,1.0
2017-12-04,4.8,4.85,4.65,4.65,4.65,44054,0.0,1.0
2017-12-05,4.7,4.745,4.475,4.5,4.5,147081,0.0,1.0
2017-12-06,4.55,4.6,4.4,4.4,4.4,75336,0.0,1.0
2017-12-07,4.4,4.55,4.35,4.5,4.5,127823,0.0,1.0
2017-12-08,4.5,4.55,4.4,4.5,4.5,83717,0.0,1.0
2017-12-11,4.5,4.55,4.35,4.35,4.35,91856,0.0,1.0
2017-12-12,4.4,4.4,4.1,4.2,4.2,155800,0.0,1.0
2017-12-13,4.15,4.3,4.1,4.3,4.3,399843,0.0,1.0
2017-12-14,4.3,4.3,4.1182,4.2,4.2,165890,0.0,1.0
2017-12-15,4.2,4.45,4.2,4.2,4.2,351080,0.0,1.0
2017-12-18,4.25,4.3,4.2,4.25,4.25,146287,0.0,1.0
2017-12-19,4.2,4.3,4.2,4.2,4.2,225805,0.0,1.0
2017-12-20,4.2,4.2,4.075,4.15,4.15,233723,0.0,1.0
2017-12-21,4.15,4.25,4.15,4.225,4.225,131020,0.0,1.0
2017-12-22,4.2,4.25,4.15,4.15,4.15,131125,0.0,1.0
2017-12-26,4.1,4.4,4.1,4.35,4.35,148752,0.0,1.0
2017-12-27,4.35,4.4,4.2,4.2,4.2,65561,0.0,1.0
2017-12-28,4.2,4.325,4.15,4.25,4.25,76857,0.0,1.0
2017-12-29,4.05,4.2,3.9,4.1,4.1,889731,0.0,1.0
2018-01-02,4.15,4.3,4.1,4.1,4.1,91950,0.0,1.0
2018-01-03,4.1,4.25,4.05,4.2,4.2,177679,0.0,1.0
2018-01-04,4.25,4.35,4.2,4.3,4.3,80282,0.0,1.0
2018-01-05,4.4,4.6,4.3,4.45,4.45,414364,0.0,1.0
2018-01-08,4.45,4.45,4.3248,4.35,4.35,51042,0.0,1.0
2018-01-09,4.4,4.5,4.35,4.4,4.4,89606,0.0,1.0
2018-01-10,4.35,4.5,4.35,4.5,4.5,80399,0.0,1.0
2018-01-11,4.5,4.6,4.45,4.55,4.55,97576,0.0,1.0
2018-01-12,4.55,4.65,4.4,4.4,4.4,150699,0.0,1.0
2018-01-16,4.4,4.55,4.35,4.5,4.5,111269,0.0,1.0
2018-01-17,4.55,4.55,4.4,4.45,4.45,59146,0.0,1.0
2018-01-18,4.4,4.45,4.25,4.4,4.4,130022,0.0,1.0
2018-01-19,4.35,4.45,4.35,4.45,4.45,90819,0.0,1.0
2018-01-22,4.4,4.55,4.4,4.55,4.55,113764,0.0,1.0
2018-01-23,4.5,4.5,4.3,4.325,4.325,88026,0.0,1.0
2018-01-24,4.4,4.45,4.35,4.35,4.35,58906,0.0,1.0
2018-01-25,4.4,4.5,4.3375,4.4,4.4,172236,0.0,1.0
2018-01-26,4.4,4.45,4.3,4.4,4.4,117273,0.0,1.0
2018-01-29,4.35,4.45,4.35,4.35,4.35,68782,0.0,1.0
2018-01-30,4.35,4.5,4.35,4.45,4.45,75211,0.0,1.0
2018-01-31,4.45,4.5,4.4,4.5,4.5,112101,0.0,1.0
2018-02-01,4.45,4.463,4.4,4.45,4.45,85871,0.0,1.0
2018-02-02,4.45,4.55,4.35,4.4,4.4,161711,0.0,1.0
2018-02-05,4.35,4.55,4.35,4.45,4.45,160127,0.0,1.0
2018-02-06,4.4,4.6,4.4,4.5,4.5,155011,0.0,1.0
2018-02-07,4.45,4.55,4.4232,4.45,4.45,102125,0.0,1.0
2018-02-08,4.5,4.6,4.4,4.4,4.4,225097,0.0,1.0
2018-02-09,4.4,4.475,4.35,4.4,4.4,319182,0.0,1.0
2018-02-12,4.4,4.5,4.4,4.4,4.4,102651,0.0,1.0
2018-02-13,4.4,4.5,4.4,4.5,4.5,93076,0.0,1.0
2018-02-14,4.45,4.6,4.45,4.5,4.5,157020,0.0,1.0
2018-02-15,4.5,4.625,4.475,4.6,4.6,120965,0.0,1.0
2018-02-16,4.55,4.65,4.4,4.65,4.65,155039,0.0,1.0
2018-02-20,4.6,4.8,4.5,4.5,4.5,128018,0.0,1.0
2018-02-21,4.55,4.75,4.4,4.5,4.5,65824,0.0,1.0
2018-02-22,4.5,4.55,4.4,4.45,4.45,75311,0.0,1.0
2018-02-23,4.45,4.55,4.4,4.5,4.5,77400,0.0,1.0
2018-02-26,4.45,4.55,4.4,4.45,4.45,108406,0.0,1.0
2018-02-27,4.45,4.5,4.2,4.3,4.3,554287,0.0,1.0
2018-02-28,4.3,4.4,4.201,4.25,4.25,264484,0.0,1.0
2018-03-01,4.2,4.5,4.2,4.4,4.4,89975,0.0,1.0
