timestamp,open,high,low,close,adjusted_close,volume,dividend_amount,split_coefficient
2018-03-02,26.5200,27.7800,26.0010,27.4400,27.4400,896335,0.0000,1.0000
2018-03-01,27.0200,27.1500,26.3600,26.6000,26.6000,563666,0.0000,1.0000
2018-02-28,27.3400,27.7200,27.0000,27.0000,27.0000,585599,0.0000,1.0000
2018-02-27,28.1500,28.3800,27.2500,27.2500,27.2500,810977,0.0000,1.0000
2018-02-26,27.5900,28.2650,27.4100,28.2200,28.2200,1339307,0.0000,1.0000
2018-02-23,26.7500,27.4800,26.2200,27.4600,27.4600,1156423,0.0000,1.0000
2018-02-22,26.1200,27.3388,25.1850,26.5500,26.5500,2464362,0.0000,1.0000
2018-02-21,26.9300,27.5200,26.8200,26.9800,26.9800,922372,0.0000,1.0000
2018-02-20,27.2100,27.6050,26.7500,26.9500,26.9500,609670,0.0000,1.0000
2018-02-16,27.5300,27.8039,27.0800,27.3000,27.3000,798954,0.0000,1.0000
2018-02-15,27.6100,27.8100,27.2200,27.5900,27.5900,1047304,0.0000,1.0000
2018-02-14,26.3300,27.4350,26.3000,27.3800,27.3800,946426,0.0000,1.0000
2018-02-13,26.3600,26.5600,26.2000,26.5500,26.5500,950203,0.0000,1.0000
2018-02-12,26.1100,26.6600,25.8900,26.5600,26.5600,1109553,0.0000,1.0000
2018-02-09,24.9700,26.1500,24.7000,25.9000,25.9000,1115457,0.0000,1.0000
2018-02-08,25.4800,25.6100,24.7400,24.7400,24.7400,931933,0.0000,1.0000
2018-02-07,26.0400,26.3300,25.1600,25.4200,25.4200,1087166,0.0000,1.0000
2018-02-06,24.5200,26.1500,24.4100,26.0700,26.0700,1345341,0.0000,1.0000
2018-02-05,26.0600,26.7000,24.8200,25.1300,25.1300,1454223,0.0000,1.0000
2018-02-02,26.9400,27.1100,26.3900,26.4300,26.4300,592928,0.0000,1.0000
2018-02-01,27.2800,27.7300,26.9138,26.9800,26.9800,990441,0.0000,1.0000
2018-01-31,28.2100,28.2700,27.3000,27.5000,27.5000,929100,0.0000,1.0000
2018-01-30,28.2300,28.3500,27.1500,28.0400,28.0400,905616,0.0000,1.0000
2018-01-29,28.4300,28.6300,28.1100,28.5300,28.5300,692297,0.0000,1.0000
2018-01-26,27.5200,28.6603,27.5200,28.4600,28.4600,941972,0.0000,1.0000
2018-01-25,27.8700,27.8800,27.0800,27.4200,27.4200,1195866,0.0000,1.0000
2018-01-24,28.3700,28.6300,27.5400,27.5900,27.5900,1286560,0.0000,1.0000
2018-01-23,30.1200,30.1499,28.2200,28.3600,28.3600,1536582,0.0000,1.0000
2018-01-22,31.1600,31.1600,30.0600,30.1500,30.1500,602330,0.0000,1.0000
2018-01-19,31.0500,31.6000,30.7300,31.2700,31.2700,687021,0.0000,1.0000
2018-01-18,30.8000,31.1600,30.6650,31.1200,31.1200,1274197,0.0000,1.0000
2018-01-17,31.2600,31.2600,30.6400,30.8300,30.8300,551572,0.0000,1.0000
2018-01-16,31.9300,32.3656,30.6900,30.9500,30.9500,448444,0.0000,1.0000
2018-01-12,31.8100,32.1600,31.7700,31.8100,31.8100,312914,0.0000,1.0000
2018-01-11,31.8700,32.0900,31.6000,31.7700,31.7700,508661,0.0000,1.0000
2018-01-10,31.6600,31.8500,31.4200,31.8100,31.8100,702299,0.0000,1.0000
2018-01-09,31.9600,32.2300,31.6300,31.9700,31.9700,1015769,0.0000,1.0000
2018-01-08,31.1000,32.6200,30.9300,31.9300,31.9300,947358,0.0000,1.0000
2018-01-05,30.7300,31.1800,30.6100,31.1400,31.1400,375703,0.0000,1.0000
2018-01-04,30.8600,31.0900,30.5800,30.7400,30.7400,432322,0.0000,1.0000
2018-01-03,31.1600,31.2900,30.4700,30.6800,30.6800,908213,0.0000,1.0000
2018-01-02,31.2500,31.4495,31.0500,31.1600,31.1600,504421,0.0000,1.0000
2017-12-29,31.5000,31.5800,31.1800,31.2000,31.2000,308564,0.0000,1.0000
2017-12-28,31.5100,31.6300,31.2500,31.4400,31.4400,249670,0.0000,1.0000
2017-12-27,30.9000,31.4500,30.7400,31.3800,31.3800,361743,0.0000,1.0000
2017-12-26,32.1200,32.2400,30.7900,30.8400,30.8400,539790,0.0000,1.0000
2017-12-22,32.3700,32.5500,32.0900,32.2000,32.2000,463518,0.0000,1.0000
2017-12-21,32.0800,32.4800,31.9400,32.3400,32.3400,617290,0.0000,1.0000
2017-12-20,31.7800,32.3100,31.7020,32.1500,32.1500,624021,0.0000,1.0000
2017-12-19,31.3700,31.8600,31.1900,31.6100,31.6100,688308,0.0000,1.0000
2017-12-18,32.0400,32.2100,31.5100,31.6900,31.6900,597984,0.0000,1.0000
2017-12-15,31.4300,31.9500,31.1800,31.6900,31.6900,2036552,0.0000,1.0000
2017-12-14,31.3100,31.5400,31.0800,31.2800,31.2800,656438,0.0000,1.0000
2017-12-13,30.6500,31.3000,30.4800,31.0100,31.0100,590925,0.0000,1.0000
2017-12-12,29.9500,30.9600,29.9500,30.6400,30.6400,722124,0.0000,1.0000
2017-12-11,30.4100,30.6800,29.8250,29.9000,29.9000,801535,0.0000,1.0000
2017-12-08,30.9200,31.0200,30.2900,30.3600,30.3600,597933,0.0000,1.0000
2017-12-07,30.4400,31.3000,30.3700,30.8600,30.8600,587680,0.0000,1.0000
2017-12-06,30.0200,30.7000,30.0200,30.5900,30.5900,1240837,0.0000,1.0000
2017-12-05,30.3400,31.1300,29.9000,29.9900,29.9900,779073,0.0000,1.0000
2017-12-04,31.6100,31.8700,30.1700,30.2900,30.2900,623665,0.0000,1.0000
2017-12-01,31.4900,31.5300,30.1700,31.1900,31.1900,1057853,0.0000,1.0000
2017-11-30,31.0500,31.6300,30.6900,31.4900,31.4900,746192,0.0000,1.0000
2017-11-29,31.2300,31.3990,30.4800,30.7600,30.7600,659051,0.0000,1.0000
2017-11-28,30.4200,31.3500,30.3200,31.2300,31.2300,739187,0.0000,1.0000
2017-11-27,30.3800,30.4100,29.9400,30.3100,30.3100,774739,0.0000,1.0000
2017-11-24,30.1500,30.4200,30.1300,30.4200,30.4200,179551,0.0000,1.0000
2017-11-22,30.4000,30.4000,29.9900,30.0700,30.0700,346250,0.0000,1.0000
2017-11-21,29.9500,30.4300,29.9300,30.3600,30.3600,576972,0.0000,1.0000
2017-11-20,29.0500,29.9100,28.9100,29.8200,29.8200,628208,0.0000,1.0000
2017-11-17,29.1000,29.5100,29.0100,29.0400,29.0400,397077,0.0000,1.0000
2017-11-16,29.0000,29.5500,28.8600,29.2700,29.2700,301648,0.0000,1.0000
2017-11-15,28.8700,29.0000,28.4700,28.8700,28.8700,467408,0.0000,1.0000
2017-11-14,28.6900,29.2600,28.3500,29.1400,29.1400,512467,0.0000,1.0000
2017-11-13,29.0000,29.1500,28.6400,28.8700,28.8700,542620,0.0000,1.0000
2017-11-10,29.7500,29.8100,29.0600,29.0900,29.0900,570062,0.0000,1.0000
2017-11-09,30.2900,30.6600,29.8000,29.8500,29.8500,735807,0.0000,1.0000
2017-11-08,29.8000,30.3600,29.5800,30.2700,30.2700,728237,0.0000,1.0000
2017-11-07,30.4500,30.4500,29.5100,29.9700,29.9700,1110730,0.0000,1.0000
2017-11-06,27.9500,30.3900,27.9000,30.2000,30.2000,1913528,0.0000,1.0000
2017-11-03,30.5600,30.5600,27.6600,27.9700,27.9700,3022643,0.0000,1.0000
2017-11-02,30.7800,32.3600,30.7700,32.1500,32.1500,803043,0.0000,1.0000
2017-11-01,31.7900,31.9700,30.3300,30.8400,30.8400,937265,0.0000,1.0000
2017-10-31,31.5000,31.7300,31.0400,31.5800,31.5800,957831,0.0000,1.0000
2017-10-30,32.2000,32.4800,31.2700,31.5500,31.5500,543943,0.0000,1.0000
2017-10-27,32.2900,32.8600,32.1600,32.5000,32.5000,540529,0.0000,1.0000
2017-10-26,32.4600,32.7700,32.0800,32.3500,32.3500,675073,0.0000,1.0000
2017-10-25,32.5000,32.7100,32.0400,32.4200,32.4200,358077,0.0000,1.0000
2017-10-24,32.0000,32.7200,31.9100,32.6400,32.6400,865032,0.0000,1.0000
2017-10-23,33.0300,33.5000,31.8500,31.9200,31.9200,2028028,0.0000,1.0000
2017-10-20,34.2300,34.5100,34.0200,34.4000,34.4000,576423,0.0000,1.0000
2017-10-19,33.4200,33.9900,32.9200,33.8900,33.8900,588269,0.0000,1.0000
2017-10-18,33.5700,34.3300,33.4200,33.5400,33.5400,724659,0.0000,1.0000
2017-10-17,33.1800,33.3900,32.7200,33.3800,33.3800,1341536,0.0000,1.0000
2017-10-16,33.8500,33.9800,33.0600,33.3200,33.3200,986441,0.0000,1.0000
2017-10-13,35.2500,35.2600,33.6200,33.7700,33.7700,1259011,0.0000,1.0000
2017-10-12,34.9000,35.6500,34.9000,35.3100,35.3100,531924,0.0000,1.0000
2017-10-11,35.2600,35.4900,34.7200,34.8500,34.8500,500357,0.0000,1.0000
2017-10-10,35.5100,35.9100,35.0300,35.1900,35.1900,775346,0.0000,1.0000
2017-10-09,35.4000,35.7500,35.1500,35.3700,35.3700,693903,0.0000,1.0000
2017-10-06,34.8000,35.1100,34.5900,35.0500,35.0500,490175,0.0000,1.0000
2017-10-05,34.8500,35.0700,34.7400,34.8400,34.8400,317218,0.0000,1.0000
2017-10-04,35.0000,35.2000,34.5500,34.8100,34.8100,615913,0.0000,1.0000
2017-10-03,35.6200,35.6200,34.7000,34.9800,34.9800,908116,0.0000,1.0000
2017-10-02,35.0700,35.7400,34.8200,35.7300,35.7300,778819,0.0000,1.0000
2017-09-29,35.0000,35.7300,34.9100,35.0100,35.0100,1066707,0.0000,1.0000
2017-09-28,35.1600,35.8000,34.7100,34.9900,34.9900,2004330,0.0000,1.0000
2017-09-27,35.3200,36.2500,35.1200,35.1600,35.1600,1313805,0.0000,1.0000
2017-09-26,34.1700,35.5000,34.1000,35.0000,35.0000,1689451,0.0000,1.0000
2017-09-25,33.8900,34.2500,33.6000,33.9300,33.9300,1585766,0.0000,1.0000
2017-09-22,32.7500,35.4400,32.7500,33.8900,33.8900,3164485,0.0000,1.0000
2017-09-21,31.7800,32.5600,31.6300,32.3000,32.3000,1127555,0.0000,1.0000
2017-09-20,30.8200,32.2400,30.8200,31.7500,31.7500,1603221,0.0000,1.0000
2017-09-19,30.2900,30.8500,30.0700,30.7900,30.7900,936464,0.0000,1.0000
2017-09-18,29.1700,31.3900,29.1700,30.2400,30.2400,2213435,0.0000,1.0000
2017-09-15,27.9100,28.4800,27.9100,28.3300,28.3300,1117200,0.0000,1.0000
2017-09-14,28.1200,28.2800,27.9200,27.9600,27.9600,720994,0.0000,1.0000
2017-09-13,28.2500,28.4600,27.8000,28.1100,28.1100,775816,0.0000,1.0000
2017-09-12,28.7600,28.9200,28.2300,28.2900,28.2900,739962,0.0000,1.0000
2017-09-11,28.8100,29.1000,28.4000,28.6800,28.6800,771062,0.0000,1.0000
2017-09-08,29.2700,29.5300,28.3300,28.5400,28.5400,677405,0.0000,1.0000
2017-09-07,28.5600,29.6000,28.5000,29.4600,29.4600,817660,0.0000,1.0000
2017-09-06,29.2500,29.5300,28.5000,28.5200,28.5200,746752,0.0000,1.0000
2017-09-05,30.0000,30.0600,28.5000,29.1000,29.1000,1091772,0.0000,1.0000
2017-09-01,29.7000,30.0000,29.5600,29.9500,29.9500,614733,0.0000,1.0000
2017-08-31,29.2800,29.7200,29.0800,29.6300,29.6300,817563,0.0000,1.0000
2017-08-30,28.0600,29.2500,28.0500,29.1900,29.1900,720121,0.0000,1.0000
2017-08-29,27.6300,28.2500,27.6300,28.0400,28.0400,632440,0.0000,1.0000
2017-08-28,27.7400,28.1100,27.5900,27.7100,27.7100,870767,0.0000,1.0000
2017-08-25,28.1400,28.2000,27.5000,27.6000,27.6000,517129,0.0000,1.0000
2017-08-24,28.1700,28.4200,28.0000,28.0900,28.0900,516643,0.0000,1.0000
2017-08-23,28.2400,28.4900,27.8000,28.1300,28.1300,617649,0.0000,1.0000
2017-08-22,27.8300,28.4200,27.3700,28.3800,28.3800,1409544,0.0000,1.0000
2017-08-21,27.2600,27.7100,27.0900,27.6500,27.6500,758148,0.0000,1.0000
2017-08-18,26.7500,27.1800,26.4100,27.0900,27.0900,803893,0.0000,1.0000
2017-08-17,27.2300,27.4800,27.0000,27.0200,27.0200,409380,0.0000,1.0000
2017-08-16,27.4800,27.9400,27.1800,27.3200,27.3200,416904,0.0000,1.0000
2017-08-15,27.0900,27.4900,26.9500,27.2800,27.2800,489526,0.0000,1.0000
2017-08-14,27.1900,27.3200,26.8700,27.0000,27.0000,691591,0.0000,1.0000
2017-08-11,26.5000,27.3000,26.2700,26.8900,26.8900,759257,0.0000,1.0000
2017-08-10,27.3100,27.3100,26.6600,26.8300,26.8300,546137,0.0000,1.0000
2017-08-09,26.8500,27.4600,26.1600,27.3000,27.3000,1003224,0.0000,1.0000
2017-08-08,26.9700,27.4800,26.9000,26.9700,26.9700,558389,0.0000,1.0000
2017-08-07,27.2600,27.9500,27.0300,27.0600,27.0600,907714,0.0000,1.0000
2017-08-04,26.6600,27.4900,25.8100,27.2200,27.2200,2239800,0.0000,1.0000
2017-08-03,23.5400,23.8400,23.5000,23.8200,23.8200,253674,0.0000,1.0000
2017-08-02,23.6900,23.8600,23.4500,23.5300,23.5300,429993,0.0000,1.0000
2017-08-01,23.4400,23.9000,23.1200,23.6900,23.6900,651376,0.0000,1.0000
2017-07-31,23.9400,23.9800,23.4100,23.4500,23.4500,513139,0.0000,1.0000
2017-07-28,23.4000,24.1200,23.4000,23.9400,23.9400,736029,0.0000,1.0000
2017-07-27,23.7000,23.7000,23.1800,23.4900,23.4900,474716,0.0000,1.0000
2017-07-26,23.8900,23.9400,23.4800,23.6300,23.6300,539528,0.0000,1.0000
2017-07-25,23.8500,23.9400,23.4500,23.8500,23.8500,720115,0.0000,1.0000
2017-07-24,23.1800,23.7600,22.9700,23.7500,23.7500,488558,0.0000,1.0000
2017-07-21,23.0600,23.3900,22.9500,23.2200,23.2200,325145,0.0000,1.0000
2017-07-20,22.8300,23.0800,22.7400,23.0100,23.0100,331904,0.0000,1.0000
2017-07-19,22.5100,22.8400,22.5100,22.8300,22.8300,423004,0.0000,1.0000
2017-07-18,22.5800,22.6100,22.3100,22.5100,22.5100,222215,0.0000,1.0000
2017-07-17,22.5500,22.6500,22.3600,22.6400,22.6400,263949,0.0000,1.0000
2017-07-14,22.2100,22.7000,22.2100,22.5400,22.5400,309003,0.0000,1.0000
2017-07-13,22.3900,22.3900,22.0200,22.1100,22.1100,223917,0.0000,1.0000
2017-07-12,22.0900,22.4100,21.9600,22.3700,22.3700,462343,0.0000,1.0000
2017-07-11,21.7500,22.0500,21.6700,21.9900,21.9900,443113,0.0000,1.0000
2017-07-10,21.6100,21.9800,21.4400,21.7500,21.7500,324395,0.0000,1.0000
2017-07-07,21.4100,21.8000,21.3500,21.7900,21.7900,199450,0.0000,1.0000
2017-07-06,21.7300,21.7837,21.3000,21.3300,21.3300,324609,0.0000,1.0000
2017-07-05,21.3100,21.9600,21.2700,21.8900,21.8900,454108,0.0000,1.0000
2017-07-03,20.9100,21.3900,20.7700,21.2900,21.2900,184848,0.0000,1.0000
2017-06-30,20.8200,20.9500,20.6500,20.8000,20.8000,193381,0.0000,1.0000
2017-06-29,20.9000,20.9600,20.4700,20.7600,20.7600,303975,0.0000,1.0000
2017-06-28,20.7200,20.9000,20.4400,20.8900,20.8900,285814,0.0000,1.0000
2017-06-27,20.3300,20.6000,20.2600,20.5400,20.5400,405336,0.0000,1.0000
2017-06-26,20.5000,20.7400,20.3300,20.3800,20.3800,275437,0.0000,1.0000
2017-06-23,20.3000,20.5900,20.1700,20.5000,20.5000,1818101,0.0000,1.0000
2017-06-22,20.4600,20.5400,20.2600,20.2900,20.2900,271182,0.0000,1.0000
2017-06-21,20.6000,20.7600,20.3500,20.4100,20.4100,257809,0.0000,1.0000
2017-06-20,20.9300,21.0400,20.7100,20.7300,20.7300,262692,0.0000,1.0000
2017-06-19,20.9800,21.1400,20.5500,21.0300,21.0300,479214,0.0000,1.0000
2017-06-16,20.8700,21.0400,20.8000,20.8400,20.8400,1023823,0.0000,1.0000
2017-06-15,21.1500,21.2800,20.8700,20.9600,20.9600,513307,0.0000,1.0000
2017-06-14,21.3700,21.5200,21.1800,21.3100,21.3100,444790,0.0000,1.0000
2017-06-13,21.5300,21.6700,21.2600,21.3200,21.3200,575474,0.0000,1.0000
2017-06-12,21.7500,21.9800,21.4600,21.5400,21.5400,334494,0.0000,1.0000
2017-06-09,21.7000,21.9700,21.6100,21.7800,21.7800,503033,0.0000,1.0000
2017-06-08,21.2500,21.7400,21.1300,21.7200,21.7200,365068,0.0000,1.0000
2017-06-07,21.4000,21.5000,21.1900,21.2500,21.2500,262212,0.0000,1.0000
2017-06-06,21.8000,21.8700,21.2800,21.3000,21.3000,329705,0.0000,1.0000
2017-06-05,22.0600,22.4100,21.8400,21.9800,21.9800,362942,0.0000,1.0000
2017-06-02,22.0000,22.5100,21.9700,22.1300,22.1300,716181,0.0000,1.0000
2017-06-01,21.9600,22.0300,21.7500,21.9700,21.9700,322230,0.0000,1.0000
2017-05-31,21.9200,22.0200,21.5700,21.9000,21.9000,344301,0.0000,1.0000
2017-05-30,21.6300,21.7500,21.4900,21.7000,21.7000,445553,0.0000,1.0000
2017-05-26,21.8100,21.8500,21.6300,21.6900,21.6900,294665,0.0000,1.0000
2017-05-25,21.6900,21.8900,21.6100,21.8400,21.8400,463574,0.0000,1.0000
2017-05-24,21.3700,21.7400,21.3600,21.5500,21.5500,495111,0.0000,1.0000
2017-05-23,21.3900,21.4600,21.1100,21.3500,21.3500,528942,0.0000,1.0000
2017-05-22,20.8300,21.2900,20.8000,21.2800,21.2800,470620,0.0000,1.0000
2017-05-19,20.3300,20.7900,20.3100,20.6800,20.6800,268064,0.0000,1.0000
2017-05-18,20.3200,20.3900,20.0600,20.2900,20.2900,228251,0.0000,1.0000
2017-05-17,20.6900,20.6900,20.2400,20.3800,20.3800,496258,0.0000,1.0000
2017-05-16,21.0400,21.0800,20.5600,20.6900,20.6900,511668,0.0000,1.0000
2017-05-15,20.4000,20.8500,20.4000,20.8300,20.8300,433825,0.0000,1.0000
2017-05-12,20.6800,20.7100,20.2600,20.3400,20.3400,278338,0.0000,1.0000
2017-05-11,20.7200,20.8300,20.4800,20.7200,20.7200,236607,0.0000,1.0000
2017-05-10,21.0000,21.2800,20.7800,20.8700,20.8700,329711,0.0000,1.0000
2017-05-09,21.7900,22.0100,20.6500,21.1000,21.1000,917308,0.0000,1.0000
2017-05-08,22.1000,22.1300,21.8200,22.0000,22.0000,187336,0.0000,1.0000
2017-05-05,22.0800,22.0900,21.7400,22.0900,22.0900,194837,0.0000,1.0000
2017-05-04,21.9500,22.3400,21.7800,22.0300,22.0300,164994,0.0000,1.0000
2017-05-03,22.0900,22.1300,21.8400,21.9900,21.9900,352032,0.0000,1.0000
2017-05-02,22.3500,22.4300,22.0800,22.1800,22.1800,234270,0.0000,1.0000
2017-05-01,22.4200,22.5200,22.1400,22.3500,22.3500,207890,0.0000,1.0000
2017-04-28,22.9000,22.9500,22.3100,22.4100,22.4100,284371,0.0000,1.0000
2017-04-27,23.0200,23.2000,22.7900,22.8600,22.8600,454123,0.0000,1.0000
2017-04-26,23.1200,23.2700,22.9000,22.9400,22.9400,389346,0.0000,1.0000
2017-04-25,22.9000,23.1900,22.7800,23.1800,23.1800,571453,0.0000,1.0000
2017-04-24,22.7200,22.9000,22.4500,22.8800,22.8800,615533,0.0000,1.0000
2017-04-21,22.1900,22.5100,22.1900,22.3100,22.3100,452016,0.0000,1.0000
2017-04-20,22.4400,22.5700,22.0200,22.2100,22.2100,423973,0.0000,1.0000
2017-04-19,21.9000,22.5400,21.8900,22.4300,22.4300,948795,0.0000,1.0000
2017-04-18,21.5200,21.8800,21.3200,21.8700,21.8700,489169,0.0000,1.0000
2017-04-17,21.3600,21.6500,21.1900,21.6200,21.6200,293701,0.0000,1.0000
2017-04-13,21.2200,21.5000,21.0900,21.2000,21.2000,261451,0.0000,1.0000
2017-04-12,21.7000,21.7200,21.0700,21.3600,21.3600,486935,0.0000,1.0000
2017-04-11,21.6600,21.8500,21.5200,21.7500,21.7500,325673,0.0000,1.0000
2017-04-10,21.7300,21.8500,21.4700,21.7500,21.7500,421758,0.0000,1.0000
2017-04-07,21.7000,21.7800,21.4600,21.5000,21.5000,608311,0.0000,1.0000
2017-04-06,21.1500,21.4300,20.9800,21.3500,21.3500,356298,0.0000,1.0000
2017-04-05,21.7000,21.8500,21.0800,21.1200,21.1200,401879,0.0000,1.0000
2017-04-04,21.1300,21.6300,21.1300,21.6100,21.6100,805122,0.0000,1.0000
2017-04-03,21.6700,21.7900,21.0600,21.1500,21.1500,711143,0.0000,1.0000
2017-03-31,21.8200,22.1300,21.5700,21.7000,21.7000,1533248,0.0000,1.0000
2017-03-30,21.6300,21.7600,21.4500,21.5000,21.5000,304284,0.0000,1.0000
2017-03-29,21.5700,21.6400,21.4700,21.6100,21.6100,232658,0.0000,1.0000
2017-03-28,21.3000,21.6000,21.3000,21.5800,21.5800,549498,0.0000,1.0000
2017-03-27,21.0400,21.5200,20.9500,21.3800,21.3800,281235,0.0000,1.0000
2017-03-24,21.6800,21.8300,21.3100,21.4200,21.4200,455442,0.0000,1.0000
2017-03-23,21.5500,21.9300,21.3500,21.6500,21.6500,353886,0.0000,1.0000
2017-03-22,21.6400,21.8900,21.3300,21.4600,21.4600,519842,0.0000,1.0000
2017-03-21,22.5900,22.6200,21.6000,21.6500,21.6500,547171,0.0000,1.0000
2017-03-20,22.8200,22.9900,22.4100,22.4800,22.4800,423087,0.0000,1.0000
2017-03-17,22.4800,22.9100,22.3300,22.8300,22.8300,1887949,0.0000,1.0000
2017-03-16,22.1100,22.4000,21.9300,22.3000,22.3000,451299,0.0000,1.0000
2017-03-15,22.0000,22.2700,21.7500,22.0200,22.0200,589671,0.0000,1.0000
2017-03-14,21.8800,21.9800,21.4300,21.8800,21.8800,378152,0.0000,1.0000
2017-03-13,21.9100,22.2700,21.7700,22.0600,22.0600,472938,0.0000,1.0000
2017-03-10,22.2700,22.4800,21.8300,21.9700,21.9700,293544,0.0000,1.0000
2017-03-09,21.9100,22.2500,21.8700,22.1200,22.1200,382451,0.0000,1.0000
2017-03-08,22.1500,22.2600,21.8800,21.9600,21.9600,322997,0.0000,1.0000
2017-03-07,21.4100,22.1600,21.4100,22.0000,22.0000,518380,0.0000,1.0000
2017-03-06,21.4200,21.6900,21.3400,21.5800,21.5800,733207,0.0000,1.0000
2017-03-03,21.5900,21.9600,21.3400,21.5000,21.5000,741904,0.0000,1.0000
2017-03-02,20.2000,22.3600,20.0900,21.5900,21.5900,18460,0.0000,1.0000
2017-03-01,19.9700,20.2500,19.7500,19.8700,19.8700,397525,0.0000,1.0000
2017-02-28,19.8800,19.9000,19.3500,19.3900,19.3900,401605,0.0000,1.0000
2017-02-27,19.2800,19.9100,19.1600,19.8800,19.8800,592694,0.0000,1.0000
2017-02-24,18.9100,19.2500,18.8800,19.2500,19.2500,164512,0.0000,1.0000
2017-02-23,19.3000,19.4000,18.9600,19.0900,19.0900,185186,0.0000,1.0000
2017-02-22,19.2700,19.4500,18.9900,19.2500,19.2500,231901,0.0000,1.0000
2017-02-21,19.4200,19.5200,19.0700,19.3300,19.3300,302255,0.0000,1.0000
2017-02-17,19.2400,19.3600,19.0300,19.3400,19.3400,360177,0.0000,1.0000
2017-02-16,19.3500,19.4000,19.1200,19.2700,19.2700,205819,0.0000,1.0000
2017-02-15,19.1900,19.3900,19.1100,19.3000,19.3000,171568,0.0000,1.0000
2017-02-14,19.1000,19.3700,19.1000,19.2400,19.2400,178161,0.0000,1.0000
2017-02-13,19.3900,19.4500,19.1300,19.2400,19.2400,274132,0.0000,1.0000
2017-02-10,19.1400,19.2400,19.0100,19.2100,19.2100,175620,0.0000,1.0000
2017-02-09,18.8000,19.0400,18.7700,18.9900,18.9900,401205,0.0000,1.0000
2017-02-08,18.5900,19.0000,18.4100,18.6900,18.6900,384293,0.0000,1.0000
2017-02-07,18.6900,18.9300,18.6100,18.7100,18.7100,371612,0.0000,1.0000
2017-02-06,18.5500,18.7300,18.5200,18.5800,18.5800,199044,0.0000,1.0000
2017-02-03,18.3100,18.6100,18.2100,18.5900,18.5900,233291,0.0000,1.0000
2017-02-02,17.8300,18.2200,17.7500,18.1600,18.1600,461720,0.0000,1.0000
2017-02-01,18.1500,18.3100,17.9200,17.9600,17.9600,252294,0.0000,1.0000
2017-01-31,17.8200,18.1700,17.7601,18.1100,18.1100,201474,0.0000,1.0000
2017-01-30,17.8900,17.9800,17.6900,17.8800,17.8800,318332,0.0000,1.0000
2017-01-27,18.3400,18.4700,18.1600,18.1700,18.1700,245081,0.0000,1.0000
2017-01-26,18.2600,18.4300,18.0200,18.3600,18.3600,556119,0.0000,1.0000
2017-01-25,18.6000,18.6400,18.3000,18.3400,18.3400,327137,0.0000,1.0000
2017-01-24,18.3000,18.3730,18.0700,18.3300,18.3300,482959,0.0000,1.0000
2017-01-23,18.2200,18.3300,17.9200,18.1400,18.1400,189339,0.0000,1.0000
2017-01-20,18.2900,18.4708,18.0700,18.2500,18.2500,241981,0.0000,1.0000
2017-01-19,18.7000,18.7000,18.1600,18.3500,18.3500,638283,0.0000,1.0000
2017-01-18,17.8400,18.3600,17.7550,18.3000,18.3000,648344,0.0000,1.0000
2017-01-17,18.3000,18.3000,17.8000,17.8500,17.8500,324597,0.0000,1.0000
2017-01-13,18.3000,18.5900,18.3000,18.3900,18.3900,298525,0.0000,1.0000
2017-01-12,18.2000,18.2700,17.7100,18.1700,18.1700,439665,0.0000,1.0000
2017-01-11,17.9500,18.2500,17.9500,18.2200,18.2200,488030,0.0000,1.0000
2017-01-10,17.8600,18.1503,17.7700,18.0200,18.0200,326325,0.0000,1.0000
2017-01-09,18.0900,18.0900,17.7800,17.7800,17.7800,205804,0.0000,1.0000
2017-01-06,18.4500,18.4500,18.0700,18.0700,18.0700,275377,0.0000,1.0000
2017-01-05,18.5200,18.7300,18.3000,18.4400,18.4400,318066,0.0000,1.0000
2017-01-04,18.5000,18.6100,18.3800,18.4900,18.4900,450044,0.0000,1.0000
2017-01-03,18.2600,18.4900,17.9200,18.4100,18.4100,427380,0.0000,1.0000
2016-12-30,17.9400,18.0500,17.8800,17.9500,17.9500,187116,0.0000,1.0000
2016-12-29,18.0200,18.1700,17.8700,17.9600,17.9600,125919,0.0000,1.0000
2016-12-28,18.2500,18.2710,17.8907,18.0100,18.0100,174730,0.0000,1.0000
2016-12-27,18.3900,18.5000,18.1500,18.2300,18.2300,154707,0.0000,1.0000
2016-12-23,18.0800,18.3300,18.0800,18.3000,18.3000,239837,0.0000,1.0000
2016-12-22,17.8200,18.1900,17.8200,18.1300,18.1300,284027,0.0000,1.0000
2016-12-21,18.1500,18.4000,17.8800,17.8900,17.8900,318107,0.0000,1.0000
2016-12-20,18.1700,18.4500,17.9500,18.2000,18.2000,492410,0.0000,1.0000
2016-12-19,18.0200,18.2550,17.8600,18.0000,18.0000,300857,0.0000,1.0000
2016-12-16,17.8400,18.4000,17.8400,18.0200,18.0200,1016037,0.0000,1.0000
2016-12-15,17.7700,18.2100,17.6800,17.7300,17.7300,523886,0.0000,1.0000
2016-12-14,18.6600,18.6900,17.5600,17.7200,17.7200,835916,0.0000,1.0000
2016-12-13,18.5900,19.0100,18.5800,18.6400,18.6400,783497,0.0000,1.0000
2016-12-12,18.5000,18.5900,18.3137,18.5700,18.5700,1073211,0.0000,1.0000
2016-12-09,19.1400,19.1700,18.2305,18.5000,18.5000,2075625,0.0000,1.0000
2016-12-08,19.8300,19.9900,17.8600,19.0100,19.0100,2885353,0.0000,1.0000
2016-12-07,21.0000,21.4000,20.9500,21.3600,21.3600,239114,0.0000,1.0000
2016-12-06,20.6800,20.9900,20.5200,20.9800,20.9800,191957,0.0000,1.0000
2016-12-05,20.4700,20.7600,20.4500,20.7500,20.7500,216876,0.0000,1.0000
2016-12-02,20.3800,20.5200,20.2510,20.3200,20.3200,132951,0.0000,1.0000
2016-12-01,20.3200,20.7300,20.2400,20.3500,20.3500,243717,0.0000,1.0000
2016-11-30,20.6800,20.6800,20.1400,20.3200,20.3200,317964,0.0000,1.0000
2016-11-29,20.7700,21.0600,20.5000,20.5300,20.5300,241210,0.0000,1.0000
2016-11-28,21.0000,21.1200,20.7500,20.7500,20.7500,332206,0.0000,1.0000
2016-11-25,20.5600,21.1100,20.5100,21.0100,21.0100,179956,0.0000,1.0000
2016-11-23,20.9900,20.9900,20.4800,20.5000,20.5000,342997,0.0000,1.0000
2016-11-22,20.7000,20.9899,20.5100,20.9200,20.9200,324770,0.0000,1.0000
2016-11-21,20.2700,20.6000,20.2200,20.5800,20.5800,216013,0.0000,1.0000
2016-11-18,20.3900,20.4100,20.1900,20.2200,20.2200,295400,0.0000,1.0000
2016-11-17,20.3700,20.6000,20.2850,20.3800,20.3800,265816,0.0000,1.0000
2016-11-16,20.1900,20.2604,19.9064,20.2300,20.2300,287883,0.0000,1.0000
2016-11-15,19.9800,20.2800,19.9600,20.1900,20.1900,294140,0.0000,1.0000
2016-11-14,20.4600,20.6000,19.7595,20.1100,20.1100,634151,0.0000,1.0000
2016-11-11,19.4600,20.6700,19.3700,20.2700,20.2700,627124,0.0000,1.0000
2016-11-10,18.6000,19.3900,18.3786,19.3200,19.3200,473402,0.0000,1.0000
2016-11-09,16.2700,18.3100,16.2000,18.2700,18.2700,422415,0.0000,1.0000
2016-11-08,16.3200,16.5300,16.2700,16.3800,16.3800,105909,0.0000,1.0000
2016-11-07,16.4400,16.6000,16.2400,16.4100,16.4100,304052,0.0000,1.0000
2016-11-04,16.1600,16.3400,16.1400,16.1600,16.1600,250300,0.0000,1.0000
2016-11-03,16.3500,16.3600,16.0400,16.0800,16.0800,354602,0.0000,1.0000
2016-11-02,17.5200,17.5200,16.2700,16.3400,16.3400,453038,0.0000,1.0000
2016-11-01,17.6400,17.9000,17.4700,17.5600,17.5600,376243,0.0000,1.0000
2016-10-31,17.2000,17.6600,17.0500,17.6000,17.6000,509896,0.0000,1.0000
2016-10-28,17.2100,17.3900,16.9800,17.2100,17.2100,452256,0.0000,1.0000
2016-10-27,17.2600,17.3500,17.1400,17.2800,17.2800,184441,0.0000,1.0000
2016-10-26,17.2600,17.4100,17.1000,17.1800,17.1800,304792,0.0000,1.0000
2016-10-25,16.9000,17.4800,16.9000,17.4500,17.4500,404924,0.0000,1.0000
2016-10-24,17.0400,17.1000,16.7600,16.8400,16.8400,191333,0.0000,1.0000
2016-10-21,16.7900,16.9500,16.7200,16.7300,16.7300,129465,0.0000,1.0000
2016-10-20,17.0700,17.1750,16.9500,16.9600,16.9600,143636,0.0000,1.0000
2016-10-19,17.2200,17.3400,17.1000,17.1700,17.1700,97860,0.0000,1.0000
2016-10-18,17.1900,17.4250,17.0500,17.2500,17.2500,99808,0.0000,1.0000
2016-10-17,17.0000,17.1100,16.9200,17.0300,17.0300,155442,0.0000,1.0000
2016-10-14,17.2700,17.4200,17.0200,17.0400,17.0400,147656,0.0000,1.0000
2016-10-13,17.0500,18.0500,16.9770,17.2200,17.2200,303982,0.0000,1.0000
2016-10-12,17.3400,17.4300,17.1900,17.2200,17.2200,123064,0.0000,1.0000
2016-10-11,17.6800,17.6800,17.2100,17.3900,17.3900,193627,0.0000,1.0000
2016-10-10,17.7900,17.8200,17.4700,17.6800,17.6800,314091,0.0000,1.0000
2016-10-07,17.3800,17.6900,17.1700,17.6200,17.6200,369816,0.0000,1.0000
2016-10-06,17.4000,17.5100,17.2000,17.4500,17.4500,180608,0.0000,1.0000
2016-10-05,17.4800,17.6100,17.4400,17.4900,17.4900,116167,0.0000,1.0000
2016-10-04,17.5600,17.7500,17.3700,17.4500,17.4500,118290,0.0000,1.0000
2016-10-03,17.4300,17.6500,17.3960,17.6300,17.6300,214037,0.0000,1.0000
2016-09-30,17.5000,17.6850,17.3800,17.5800,17.5800,282588,0.0000,1.0000
2016-09-29,17.9100,17.9890,17.5000,17.5100,17.5100,130291,0.0000,1.0000
2016-09-28,17.7200,18.0400,17.7000,18.0200,18.0200,145123,0.0000,1.0000
2016-09-27,17.7500,17.9500,17.7100,17.7700,17.7700,192129,0.0000,1.0000
2016-09-26,17.8900,18.0000,17.7000,17.8500,17.8500,193178,0.0000,1.0000
2016-09-23,17.8500,18.1300,17.8100,18.0500,18.0500,288747,0.0000,1.0000
2016-09-22,17.7900,17.9600,17.6120,17.9400,17.9400,340759,0.0000,1.0000
2016-09-21,17.5500,17.7100,17.4000,17.6600,17.6600,228568,0.0000,1.0000
2016-09-20,17.6300,17.9000,17.4100,17.4200,17.4200,229535,0.0000,1.0000
2016-09-19,17.6200,17.7000,17.4050,17.5900,17.5900,1047835,0.0000,1.0000
2016-09-16,17.6100,17.6400,17.4200,17.6000,17.6000,1395816,0.0000,1.0000
2016-09-15,17.3900,17.6500,17.3900,17.6300,17.6300,110675,0.0000,1.0000
2016-09-14,17.4800,17.5100,17.3200,17.4000,17.4000,174701,0.0000,1.0000
2016-09-13,17.5700,17.6500,17.4000,17.4300,17.4300,211086,0.0000,1.0000
2016-09-12,17.5300,17.7500,17.5000,17.7100,17.7100,244223,0.0000,1.0000
2016-09-09,17.9000,17.9300,17.5900,17.6100,17.6100,164906,0.0000,1.0000
2016-09-08,18.1500,18.1500,17.8500,18.0600,18.0600,340192,0.0000,1.0000
2016-09-07,18.2500,18.4300,17.9800,18.2300,18.2300,365032,0.0000,1.0000
2016-09-06,18.3600,18.4800,18.2800,18.3000,18.3000,154119,0.0000,1.0000
2016-09-02,18.1900,18.4400,18.1100,18.3600,18.3600,188094,0.0000,1.0000
2016-09-01,17.9600,18.1100,17.7800,18.1000,18.1000,131417,0.0000,1.0000
2016-08-31,18.0000,18.0200,17.7050,17.9700,17.9700,319345,0.0000,1.0000
2016-08-30,18.1500,18.1800,18.0100,18.0500,18.0500,128217,0.0000,1.0000
2016-08-29,17.8200,18.2599,17.8200,18.0500,18.0500,185993,0.0000,1.0000
2016-08-26,17.8400,17.9700,17.6200,17.8200,17.8200,173916,0.0000,1.0000
2016-08-25,17.8600,17.9250,17.7800,17.8600,17.8600,193802,0.0000,1.0000
2016-08-24,17.9300,17.9600,17.7600,17.8600,17.8600,180776,0.0000,1.0000
2016-08-23,18.0200,18.0800,17.8100,17.9600,17.9600,196727,0.0000,1.0000
2016-08-22,18.0000,18.1000,17.9200,18.0400,18.0400,181476,0.0000,1.0000
2016-08-19,17.7000,18.1500,17.6400,18.0100,18.0100,716472,0.0000,1.0000
2016-08-18,17.3000,17.7100,17.2400,17.7000,17.7000,238238,0.0000,1.0000
2016-08-17,17.5200,17.5500,17.1910,17.2800,17.2800,270622,0.0000,1.0000
2016-08-16,17.8100,17.8200,17.5600,17.5800,17.5800,208320,0.0000,1.0000
2016-08-15,17.9300,17.9300,17.6500,17.8200,17.8200,338615,0.0000,1.0000
2016-08-12,17.8800,18.1400,17.8100,17.9200,17.9200,302571,0.0000,1.0000
2016-08-11,17.4600,17.9300,17.3800,17.8900,17.8900,399273,0.0000,1.0000
2016-08-10,18.5300,18.5700,16.8000,17.3400,17.3400,952666,0.0000,1.0000
2016-08-09,18.8900,18.9400,18.5100,18.6000,18.6000,292201,0.0000,1.0000
2016-08-08,19.1400,19.1600,18.8274,18.9200,18.9200,156067,0.0000,1.0000
2016-08-05,18.6700,19.1600,18.6300,19.1400,19.1400,175447,0.0000,1.0000
2016-08-04,18.6400,18.9000,18.5800,18.5900,18.5900,126614,0.0000,1.0000
2016-08-03,18.6000,18.6550,18.3719,18.6300,18.6300,182825,0.0000,1.0000
2016-08-02,18.8500,18.9700,18.6000,18.6200,18.6200,186771,0.0000,1.0000
2016-08-01,18.8200,19.1100,18.7200,18.8800,18.8800,296173,0.0000,1.0000
2016-07-29,18.6600,18.8700,18.5100,18.8600,18.8600,817734,0.0000,1.0000
2016-07-28,18.8100,18.9400,18.6000,18.7400,18.7400,230433,0.0000,1.0000
2016-07-27,18.7400,18.9100,18.7050,18.8100,18.8100,316770,0.0000,1.0000
2016-07-26,18.6200,18.9954,18.5700,18.7500,18.7500,186613,0.0000,1.0000
2016-07-25,18.4500,18.6150,18.4100,18.6100,18.6100,266369,0.0000,1.0000
2016-07-22,18.5400,18.6100,18.1950,18.4600,18.4600,179770,0.0000,1.0000
2016-07-21,18.5700,18.8200,18.4900,18.6100,18.6100,161577,0.0000,1.0000
2016-07-20,18.2200,18.7000,18.0700,18.6200,18.6200,315330,0.0000,1.0000
2016-07-19,18.5600,18.8300,18.1100,18.2000,18.2000,310481,0.0000,1.0000
2016-07-18,18.5500,18.7500,18.4700,18.5500,18.5500,186955,0.0000,1.0000
2016-07-15,18.5900,18.6200,18.4500,18.5100,18.5100,227375,0.0000,1.0000
2016-07-14,18.6600,18.6600,18.3800,18.4300,18.4300,208799,0.0000,1.0000
2016-07-13,18.5800,18.8400,18.4500,18.4800,18.4800,226108,0.0000,1.0000
2016-07-12,18.5500,18.7000,18.4100,18.6100,18.6100,423555,0.0000,1.0000
2016-07-11,18.4300,18.6250,18.2900,18.4600,18.4600,571410,0.0000,1.0000
2016-07-08,18.0800,18.4600,18.0800,18.4000,18.4000,340749,0.0000,1.0000
2016-07-07,17.8400,18.1600,17.8400,17.9400,17.9400,198970,0.0000,1.0000
2016-07-06,17.5800,17.9200,17.3900,17.8500,17.8500,246639,0.0000,1.0000
2016-07-05,18.0700,18.1000,17.7830,17.8500,17.8500,141766,0.0000,1.0000
2016-07-01,18.2800,18.4700,17.8700,18.1000,18.1000,434472,0.0000,1.0000
2016-06-30,17.9800,18.2800,17.7800,18.2800,18.2800,561017,0.0000,1.0000
2016-06-29,17.9000,18.0500,17.6900,17.8800,17.8800,415326,0.0000,1.0000
2016-06-28,17.5800,17.7500,17.5350,17.7500,17.7500,349706,0.0000,1.0000
2016-06-27,17.3900,17.5000,17.1500,17.4300,17.4300,293168,0.0000,1.0000
2016-06-24,17.3500,17.8300,17.3500,17.7600,17.7600,487922,0.0000,1.0000
2016-06-23,17.7200,18.1300,17.5900,18.1200,18.1200,302634,0.0000,1.0000
2016-06-22,17.5300,17.6100,17.4200,17.4400,17.4400,973118,0.0000,1.0000
2016-06-21,17.5000,17.5620,17.3586,17.4700,17.4700,227225,0.0000,1.0000
2016-06-20,17.7800,17.8900,17.3700,17.4900,17.4900,382501,0.0000,1.0000
2016-06-17,17.3600,17.6000,17.1301,17.4900,17.4900,390629,0.0000,1.0000
2016-06-16,17.1400,17.3700,16.9300,17.3100,17.3100,124529,0.0000,1.0000
2016-06-15,17.3800,17.4600,17.2500,17.2600,17.2600,108266,0.0000,1.0000
2016-06-14,17.1800,17.2900,17.0270,17.2800,17.2800,128235,0.0000,1.0000
2016-06-13,18.0500,18.0800,17.2500,17.2700,17.2700,216167,0.0000,1.0000
2016-06-10,18.0500,18.1200,17.8300,18.0500,18.0500,275986,0.0000,1.0000
2016-06-09,18.1100,18.2500,17.9400,18.1900,18.1900,187997,0.0000,1.0000
2016-06-08,18.1400,18.3400,18.0300,18.2500,18.2500,235767,0.0000,1.0000
2016-06-07,18.0900,18.2200,17.9300,18.1100,18.1100,247241,0.0000,1.0000
2016-06-06,17.5100,18.0000,17.4580,17.9500,17.9500,254340,0.0000,1.0000
2016-06-03,17.8100,17.8100,17.4400,17.5100,17.5100,179026,0.0000,1.0000
2016-06-02,17.5800,17.9500,17.5500,17.8500,17.8500,292268,0.0000,1.0000
2016-06-01,17.2400,17.6200,17.1600,17.5700,17.5700,156996,0.0000,1.0000
2016-05-31,17.4400,17.5000,17.1600,17.2400,17.2400,251788,0.0000,1.0000
2016-05-27,17.3100,17.4800,17.1300,17.4400,17.4400,116632,0.0000,1.0000
2016-05-26,17.2900,17.4999,17.2500,17.2700,17.2700,116668,0.0000,1.0000
2016-05-25,17.5300,17.6000,17.3400,17.3700,17.3700,149084,0.0000,1.0000
2016-05-24,17.0200,17.5200,16.9301,17.4700,17.4700,285534,0.0000,1.0000
2016-05-23,17.1900,17.2000,16.7700,16.8900,16.8900,339047,0.0000,1.0000
2016-05-20,17.1500,17.2800,16.9900,17.1900,17.1900,239866,0.0000,1.0000
2016-05-19,16.9400,17.1000,16.7500,17.0300,17.0300,207487,0.0000,1.0000
2016-05-18,17.0700,17.3600,16.9300,17.0400,17.0400,180799,0.0000,1.0000
2016-05-17,17.6000,17.7200,17.0600,17.1800,17.1800,225215,0.0000,1.0000
2016-05-16,17.5400,17.8475,17.4400,17.5800,17.5800,186590,0.0000,1.0000
2016-05-13,17.6600,17.7200,17.4000,17.5400,17.5400,185068,0.0000,1.0000
2016-05-12,18.0400,18.1890,17.6100,17.7500,17.7500,241403,0.0000,1.0000
2016-05-11,18.5000,18.8600,17.6000,18.0400,18.0400,385032,0.0000,1.0000
2016-05-10,17.8900,18.1400,17.8200,18.0500,18.0500,116592,0.0000,1.0000
2016-05-09,17.5100,17.8800,17.4200,17.8100,17.8100,150373,0.0000,1.0000
2016-05-06,17.3800,17.5500,17.1400,17.5100,17.5100,277456,0.0000,1.0000
2016-05-05,17.7900,17.9900,17.3900,17.4000,17.4000,161753,0.0000,1.0000
2016-05-04,17.8100,17.8900,17.6200,17.6400,17.6400,159087,0.0000,1.0000
2016-05-03,18.1200,18.2600,17.7300,17.8100,17.8100,297134,0.0000,1.0000
2016-05-02,18.1500,18.3200,17.8600,18.3200,18.3200,235428,0.0000,1.0000
2016-04-29,18.3900,18.6400,18.0501,18.1200,18.1200,188774,0.0000,1.0000
2016-04-28,18.1700,18.8300,18.1700,18.4600,18.4600,333388,0.0000,1.0000
2016-04-27,18.0600,18.4300,17.7300,18.3600,18.3600,246000,0.0000,1.0000
2016-04-26,17.2500,18.0600,17.2500,18.0500,18.0500,251639,0.0000,1.0000
2016-04-25,17.7500,17.7500,17.0600,17.1700,17.1700,144840,0.0000,1.0000
2016-04-22,17.2500,17.7800,17.1400,17.7800,17.7800,281956,0.0000,1.0000
2016-04-21,17.2800,17.4400,16.9400,17.0900,17.0900,189816,0.0000,1.0000
2016-04-20,17.1700,17.3300,17.0100,17.2600,17.2600,210458,0.0000,1.0000
2016-04-19,17.6900,17.6900,17.0900,17.1700,17.1700,256310,0.0000,1.0000
2016-04-18,17.0000,17.8000,16.6800,17.6600,17.6600,462731,0.0000,1.0000
2016-04-15,16.3500,16.5900,16.2700,16.5300,16.5300,104574,0.0000,1.0000
2016-04-14,16.4900,16.5700,16.3300,16.4000,16.4000,175681,0.0000,1.0000
2016-04-13,16.0600,16.5600,15.8800,16.5500,16.5500,242580,0.0000,1.0000
2016-04-12,15.7500,16.0800,15.6400,15.9500,15.9500,139872,0.0000,1.0000
2016-04-11,15.8400,15.8500,15.5200,15.7100,15.7100,189159,0.0000,1.0000
2016-04-08,15.7000,16.3400,15.7000,15.7800,15.7800,145183,0.0000,1.0000
2016-04-07,16.1000,16.2900,15.6600,15.8300,15.8300,289698,0.0000,1.0000
2016-04-06,15.9300,16.1800,15.7900,16.1500,16.1500,147947,0.0000,1.0000
2016-04-05,16.0400,16.1400,15.8629,15.9800,15.9800,274192,0.0000,1.0000
2016-04-04,16.4000,16.5300,16.1400,16.1600,16.1600,149011,0.0000,1.0000
2016-04-01,16.1400,16.5000,16.0400,16.4000,16.4000,151040,0.0000,1.0000
2016-03-31,16.6000,16.6800,16.2400,16.3800,16.3800,147439,0.0000,1.0000
2016-03-30,16.5800,16.8900,16.5000,16.6000,16.6000,206698,0.0000,1.0000
2016-03-29,15.8000,16.5200,15.6453,16.4900,16.4900,211314,0.0000,1.0000
2016-03-28,15.9000,15.9000,15.5800,15.8300,15.8300,193283,0.0000,1.0000
2016-03-24,15.8000,15.9400,15.5601,15.8700,15.8700,134675,0.0000,1.0000
2016-03-23,16.1600,16.2000,15.8700,15.9000,15.9000,254553,0.0000,1.0000
2016-03-22,16.4300,16.4800,16.1000,16.2400,16.2400,121903,0.0000,1.0000
2016-03-21,16.4000,16.6800,16.3300,16.4600,16.4600,194305,0.0000,1.0000
2016-03-18,16.3500,16.6700,16.1400,16.4000,16.4000,413956,0.0000,1.0000
2016-03-17,15.8100,16.3300,15.6700,16.2200,16.2200,275677,0.0000,1.0000
2016-03-16,15.6300,15.9400,15.3500,15.7800,15.7800,251934,0.0000,1.0000
2016-03-15,16.1700,16.2500,15.5400,15.6600,15.6600,214372,0.0000,1.0000
2016-03-14,16.6200,16.6500,16.2600,16.3000,16.3000,157091,0.0000,1.0000
2016-03-11,16.7500,16.9600,16.5400,16.6800,16.6800,157497,0.0000,1.0000
2016-03-10,16.8400,16.8500,16.4300,16.6700,16.6700,423465,0.0000,1.0000
2016-03-09,16.6400,16.8200,16.3100,16.7000,16.7000,210013,0.0000,1.0000
2016-03-08,16.9500,17.0100,16.4800,16.5900,16.5900,565006,0.0000,1.0000
2016-03-07,16.8600,17.2000,16.8400,17.0400,17.0400,305757,0.0000,1.0000
2016-03-04,16.3600,16.9800,16.3600,16.9700,16.9700,334486,0.0000,1.0000
2016-03-03,16.1000,16.6100,16.1000,16.4100,16.4100,242194,0.0000,1.0000
2016-03-02,16.1500,16.4000,16.0000,16.1200,16.1200,312072,0.0000,1.0000
2016-03-01,15.8100,16.4000,15.6700,16.2200,16.2200,289214,0.0000,1.0000
2016-02-29,15.7000,15.8700,15.5150,15.5300,15.5300,354859,0.0000,1.0000
2016-02-26,15.6500,15.7850,15.5100,15.6600,15.6600,323975,0.0000,1.0000
2016-02-25,16.0600,16.2000,15.5600,15.6000,15.6000,220431,0.0000,1.0000
2016-02-24,15.3400,16.0800,15.3000,16.0000,16.0000,227722,0.0000,1.0000
2016-02-23,16.0600,16.1300,15.4600,15.5800,15.5800,389222,0.0000,1.0000
2016-02-22,15.8000,16.2200,15.7300,15.9800,15.9800,309267,0.0000,1.0000
2016-02-19,15.5800,15.6600,15.4000,15.5200,15.5200,308213,0.0000,1.0000
2016-02-18,15.6400,15.6900,15.2400,15.6300,15.6300,374424,0.0000,1.0000
2016-02-17,15.6000,16.0600,15.6000,15.6500,15.6500,446549,0.0000,1.0000
2016-02-16,15.5200,15.8000,15.2400,15.7300,15.7300,220164,0.0000,1.0000
2016-02-12,15.2000,15.3200,15.0800,15.3100,15.3100,189923,0.0000,1.0000
2016-02-11,15.1700,15.2600,14.6900,15.1300,15.1300,275111,0.0000,1.0000
2016-02-10,15.0300,15.6400,14.8700,15.3800,15.3800,164363,0.0000,1.0000
2016-02-09,14.7500,15.1000,14.6300,15.0200,15.0200,246863,0.0000,1.0000
2016-02-08,14.8200,15.0800,14.6101,15.0300,15.0300,266535,0.0000,1.0000
2016-02-05,15.1600,15.1800,14.8180,15.0500,15.0500,330346,0.0000,1.0000
2016-02-04,14.9500,15.4000,14.9320,15.2500,15.2500,233482,0.0000,1.0000
2016-02-03,14.8800,15.0700,14.4440,15.0300,15.0300,351784,0.0000,1.0000
2016-02-02,14.9000,15.0100,14.4300,14.6800,14.6800,435543,0.0000,1.0000
2016-02-01,16.4100,16.4100,14.6400,15.2400,15.2400,460315,0.0000,1.0000
2016-01-29,15.4700,16.4500,15.3800,16.4500,16.4500,646572,0.0000,1.0000
2016-01-28,15.6400,15.6500,15.1700,15.3900,15.3900,371608,0.0000,1.0000
2016-01-27,15.5400,15.6500,15.3400,15.5200,15.5200,294979,0.0000,1.0000
2016-01-26,15.4900,15.7900,15.3900,15.6900,15.6900,308880,0.0000,1.0000
2016-01-25,15.4000,15.5900,15.2900,15.4200,15.4200,243549,0.0000,1.0000
2016-01-22,15.5000,15.6900,15.2200,15.4900,15.4900,331215,0.0000,1.0000
2016-01-21,15.3700,15.4400,14.9400,15.1800,15.1800,402371,0.0000,1.0000
2016-01-20,14.5000,15.3600,14.0100,15.3400,15.3400,439632,0.0000,1.0000
2016-01-19,15.1200,15.1600,14.5100,14.7500,14.7500,538804,0.0000,1.0000
2016-01-15,14.4300,15.0500,14.3500,15.0300,15.0300,415046,0.0000,1.0000
2016-01-14,14.3300,14.9900,14.2400,14.8800,14.8800,381114,0.0000,1.0000
2016-01-13,14.9700,15.2700,14.3350,14.3900,14.3900,545217,0.0000,1.0000
2016-01-12,14.6900,15.1000,14.5600,14.8300,14.8300,381655,0.0000,1.0000
2016-01-11,14.0100,14.5900,14.0000,14.5300,14.5300,386072,0.0000,1.0000
2016-01-08,14.2200,14.4600,13.9800,14.0400,14.0400,393102,0.0000,1.0000
2016-01-07,14.6500,14.7200,14.0700,14.2400,14.2400,301758,0.0000,1.0000
2016-01-06,14.9300,15.0600,14.7100,14.8000,14.8000,222377,0.0000,1.0000
2016-01-05,15.4800,15.5020,14.8700,15.1300,15.1300,227577,0.0000,1.0000
2016-01-04,15.3700,15.4550,14.9900,15.4000,15.4000,341757,0.0000,1.0000
2015-12-31,15.7000,15.8400,15.6500,15.6600,15.6600,213307,0.0000,1.0000
2015-12-30,16.1500,16.1700,15.7000,15.7200,15.7200,145741,0.0000,1.0000
2015-12-29,15.7700,16.2900,15.7700,16.2500,16.2500,117984,0.0000,1.0000
2015-12-28,16.0300,16.0300,15.5400,15.6900,15.6900,198264,0.0000,1.0000
2015-12-24,15.7300,16.0800,15.7300,16.0000,16.0000,62472,0.0000,1.0000
2015-12-23,16.1200,16.2100,15.5900,15.7400,15.7400,227110,0.0000,1.0000
2015-12-22,15.8500,16.2300,15.6800,16.0700,16.0700,236671,0.0000,1.0000
2015-12-21,15.7400,15.9500,15.5000,15.7700,15.7700,173247,0.0000,1.0000
2015-12-18,15.8600,15.9900,15.6300,15.7800,15.7800,832492,0.0000,1.0000
2015-12-17,16.2200,16.5100,15.8600,15.8700,15.8700,231291,0.0000,1.0000
2015-12-16,16.3300,16.5800,15.9040,16.2200,16.2200,515318,0.0000,1.0000
2015-12-15,16.1000,16.2800,15.9600,16.1800,16.1800,249542,0.0000,1.0000
2015-12-14,16.4800,16.6900,15.9000,15.9400,15.9400,306847,0.0000,1.0000
2015-12-11,16.7300,16.8700,16.4000,16.4800,16.4800,217829,0.0000,1.0000
2015-12-10,17.0000,17.1400,16.8800,16.9800,16.9800,183005,0.0000,1.0000
2015-12-09,17.4700,17.7000,16.8900,17.0500,17.0500,139644,0.0000,1.0000
2015-12-08,17.8600,17.8700,17.4200,17.4700,17.4700,199496,0.0000,1.0000
2015-12-07,18.1500,18.3800,17.8900,17.9700,17.9700,297811,0.0000,1.0000
2015-12-04,18.6900,18.7200,18.0800,18.1200,18.1200,383878,0.0000,1.0000
2015-12-03,18.6500,18.8700,18.3900,18.5400,18.5400,458434,0.0000,1.0000
2015-12-02,17.8500,18.7200,17.8500,18.5900,18.5900,536682,0.0000,1.0000
2015-12-01,17.5700,17.9100,17.5600,17.8500,17.8500,316713,0.0000,1.0000
2015-11-30,17.3200,17.5800,17.2500,17.5400,17.5400,388375,0.0000,1.0000
2015-11-27,17.5400,17.7200,17.2600,17.2900,17.2900,204843,0.0000,1.0000
2015-11-25,18.1000,18.1025,17.4400,17.5000,17.5000,587762,0.0000,1.0000
2015-11-24,18.7000,19.5000,18.1400,18.2300,18.2300,640531,0.0000,1.0000
2015-11-23,16.1800,16.4500,16.1500,16.2500,16.2500,319741,0.0000,1.0000
2015-11-20,16.2400,16.5100,16.1350,16.2000,16.2000,249386,0.0000,1.0000
2015-11-19,15.9800,16.3200,15.9600,16.1200,16.1200,231494,0.0000,1.0000
2015-11-18,16.1700,16.2700,15.7100,15.9500,15.9500,445493,0.0000,1.0000
2015-11-17,16.4900,16.7400,16.1700,16.1800,16.1800,293332,0.0000,1.0000
2015-11-16,15.1300,16.3400,15.1300,16.2700,16.2700,328585,0.0000,1.0000
2015-11-13,15.1400,15.2800,14.8600,15.0700,15.0700,666857,0.0000,1.0000
2015-11-12,16.1100,16.1100,15.2900,15.3300,15.3300,243973,0.0000,1.0000
2015-11-11,16.3100,16.5099,16.0400,16.2300,16.2300,290594,0.0000,1.0000
2015-11-10,16.5900,16.6376,16.1600,16.2500,16.2500,301559,0.0000,1.0000
2015-11-09,17.2800,17.3400,16.5500,16.5800,16.5800,193602,0.0000,1.0000
2015-11-06,17.1100,17.3400,16.9350,17.2800,17.2800,150756,0.0000,1.0000
2015-11-05,17.4000,17.4500,17.0000,17.2000,17.2000,142698,0.0000,1.0000
2015-11-04,17.4400,17.7100,17.3500,17.4000,17.4000,194317,0.0000,1.0000
2015-11-03,17.1700,17.4600,17.0300,17.4400,17.4400,146679,0.0000,1.0000
2015-11-02,16.9900,17.3800,16.9300,17.1900,17.1900,355628,0.0000,1.0000
2015-10-30,16.6800,17.1400,16.6500,16.9400,16.9400,282233,0.0000,1.0000
2015-10-29,16.9400,17.2200,16.6000,16.7000,16.7000,324815,0.0000,1.0000
2015-10-28,16.4300,16.9700,16.3900,16.9300,16.9300,264051,0.0000,1.0000
2015-10-27,16.4500,16.6400,16.1500,16.3500,16.3500,232419,0.0000,1.0000
2015-10-26,17.0500,17.2500,16.4600,16.5300,16.5300,306731,0.0000,1.0000
2015-10-23,16.7800,17.2600,16.7050,17.1600,17.1600,209225,0.0000,1.0000
2015-10-22,16.5200,16.7970,16.4500,16.6700,16.6700,316439,0.0000,1.0000
2015-10-21,16.7600,16.9100,16.3500,16.5400,16.5400,255373,0.0000,1.0000
2015-10-20,16.4500,16.7900,16.3450,16.6600,16.6600,248655,0.0000,1.0000
2015-10-19,16.7000,16.8200,16.3100,16.4300,16.4300,216251,0.0000,1.0000
2015-10-16,16.7100,16.8000,16.5100,16.7800,16.7800,297978,0.0000,1.0000
2015-10-15,16.9000,17.1000,16.4800,16.7100,16.7100,323867,0.0000,1.0000
2015-10-14,17.3300,17.6600,16.5300,16.6100,16.6100,424430,0.0000,1.0000
2015-10-13,16.9700,17.4200,16.8800,17.2500,17.2500,255407,0.0000,1.0000
2015-10-12,17.3300,17.3400,16.9550,17.0700,17.0700,146651,0.0000,1.0000
2015-10-09,17.2700,17.7200,17.2700,17.3900,17.3900,271304,0.0000,1.0000
2015-10-08,17.1500,17.4000,17.0404,17.2700,17.2700,227093,0.0000,1.0000
2015-10-07,17.4500,17.7700,17.1300,17.2100,17.2100,426636,0.0000,1.0000
2015-10-06,17.2300,17.5300,17.1400,17.3700,17.3700,495186,0.0000,1.0000
2015-10-05,16.7500,17.2800,16.5600,17.2700,17.2700,361031,0.0000,1.0000
2015-10-02,16.1000,16.6000,16.0300,16.5800,16.5800,277322,0.0000,1.0000
2015-10-01,16.2400,16.5900,16.0900,16.2200,16.2200,452444,0.0000,1.0000
2015-09-30,16.1600,16.3400,15.8900,16.1800,16.1800,589524,0.0000,1.0000
2015-09-29,16.0900,16.2000,15.8100,16.0800,16.0800,436093,0.0000,1.0000
2015-09-28,16.5800,16.6900,16.0500,16.0500,16.0500,432278,0.0000,1.0000
2015-09-25,17.4900,17.4900,16.6200,16.7000,16.7000,544651,0.0000,1.0000
2015-09-24,17.7800,18.2400,17.2900,17.4400,17.4400,852135,0.0000,1.0000
2015-09-23,19.4100,19.5500,17.5400,17.5500,17.5500,773423,0.0000,1.0000
2015-09-22,19.7400,19.7800,19.3500,19.4300,19.4300,336591,0.0000,1.0000
2015-09-21,19.8100,20.1500,19.6200,19.8500,19.8500,197171,0.0000,1.0000
2015-09-18,20.3900,20.6400,19.7200,19.7700,19.7700,514065,0.0000,1.0000
2015-09-17,20.6900,20.8900,20.4350,20.6200,20.6200,315591,0.0000,1.0000
2015-09-16,21.3200,21.4100,20.5500,20.7200,20.7200,274469,0.0000,1.0000
2015-09-15,21.2000,21.3200,21.0301,21.3000,21.3000,196768,0.0000,1.0000
2015-09-14,21.5000,21.5000,21.1200,21.1800,21.1800,183898,0.0000,1.0000
2015-09-11,22.1100,22.2200,21.2200,21.5000,21.5000,599678,0.0000,1.0000
2015-09-10,22.8000,23.4600,22.0400,22.3000,22.3000,383624,0.0000,1.0000
2015-09-09,21.6400,23.0499,21.2500,22.7700,22.7700,1150049,0.0000,1.0000
2015-09-08,20.4100,20.7500,20.3700,20.7100,20.7100,229839,0.0000,1.0000
2015-09-04,20.1400,20.3300,20.1000,20.1800,20.1800,161327,0.0000,1.0000
2015-09-03,20.4400,20.5700,20.3200,20.3800,20.3800,151278,0.0000,1.0000
2015-09-02,20.0200,20.5300,19.9700,20.4300,20.4300,319332,0.0000,1.0000
2015-09-01,20.2500,20.3400,19.8300,20.0200,20.0200,301695,0.0000,1.0000
2015-08-31,20.5800,20.7400,20.4400,20.5700,20.5700,334437,0.0000,1.0000
2015-08-28,20.5700,20.7200,20.4800,20.6000,20.6000,163162,0.0000,1.0000
2015-08-27,20.3200,20.7700,20.2300,20.6100,20.6100,249305,0.0000,1.0000
2015-08-26,20.3800,20.4100,19.8350,20.2100,20.2100,440611,0.0000,1.0000
2015-08-25,20.6700,20.6700,19.9300,19.9800,19.9800,386338,0.0000,1.0000
2015-08-24,19.6900,20.8700,19.4700,20.1500,20.1500,475901,0.0000,1.0000
2015-08-21,20.9100,21.1200,20.3100,20.6200,20.6200,494184,0.0000,1.0000
2015-08-20,21.5200,21.7400,21.1600,21.1800,21.1800,276931,0.0000,1.0000
2015-08-19,22.0000,22.0800,21.6000,21.7700,21.7700,467174,0.0000,1.0000
2015-08-18,22.5700,22.6400,22.1300,22.1800,22.1800,330610,0.0000,1.0000
2015-08-17,22.5700,22.8500,22.1700,22.6400,22.6400,573323,0.0000,1.0000
2015-08-14,22.4200,22.7200,22.2950,22.5500,22.5500,410736,0.0000,1.0000
2015-08-13,22.3800,22.6900,22.3500,22.4500,22.4500,276184,0.0000,1.0000
2015-08-12,22.1500,22.4200,22.0300,22.3800,22.3800,397090,0.0000,1.0000
2015-08-11,22.3600,22.6500,22.1900,22.2700,22.2700,350329,0.0000,1.0000
2015-08-10,22.5800,22.9600,22.5100,22.5900,22.5900,311350,0.0000,1.0000
2015-08-07,22.6400,22.8380,22.4300,22.5300,22.5300,247340,0.0000,1.0000
2015-08-06,22.8600,22.9780,22.6800,22.8300,22.8300,444533,0.0000,1.0000
2015-08-05,23.3000,23.4920,22.7750,22.8500,22.8500,465956,0.0000,1.0000
2015-08-04,23.3300,23.5000,23.0900,23.1300,23.1300,353847,0.0000,1.0000
2015-08-03,23.3700,23.4400,23.0600,23.3300,23.3300,291098,0.0000,1.0000
2015-07-31,22.6700,23.5400,22.6001,23.4100,23.4100,662716,0.0000,1.0000
2015-07-30,23.1500,23.1900,22.5200,22.6400,22.6400,300500,0.0000,1.0000
2015-07-29,23.4100,23.4900,23.1000,23.2000,23.2000,195707,0.0000,1.0000
2015-07-28,23.3200,23.5500,22.9425,23.3500,23.3500,284017,0.0000,1.0000
2015-07-27,22.7500,23.3000,22.5600,23.1400,23.1400,368697,0.0000,1.0000
2015-07-24,23.1400,23.3900,22.7100,22.7900,22.7900,174995,0.0000,1.0000
2015-07-23,23.7400,23.7900,22.9900,23.2000,23.2000,197871,0.0000,1.0000
2015-07-22,23.7500,23.8500,23.5100,23.7100,23.7100,201860,0.0000,1.0000
2015-07-21,23.7900,23.9600,23.4261,23.8200,23.8200,309812,0.0000,1.0000
2015-07-20,24.3000,24.3500,23.8500,23.9200,23.9200,397794,0.0000,1.0000
2015-07-17,24.2700,24.3500,24.1700,24.2400,24.2400,295120,0.0000,1.0000
2015-07-16,24.1200,24.3000,24.0800,24.2700,24.2700,384965,0.0000,1.0000
2015-07-15,23.8200,24.1200,23.7200,24.0500,24.0500,502640,0.0000,1.0000
2015-07-14,22.8500,23.8100,22.8500,23.7800,23.7800,746888,0.0000,1.0000
2015-07-13,21.5000,23.0000,21.3100,22.8400,22.8400,760870,0.0000,1.0000
2015-07-10,21.0600,21.3400,20.8600,21.2200,21.2200,229581,0.0000,1.0000
2015-07-09,20.7200,21.0100,20.5100,20.8700,20.8700,238220,0.0000,1.0000
2015-07-08,20.4900,20.9200,20.4601,20.5400,20.5400,474314,0.0000,1.0000
2015-07-07,20.8400,20.8800,20.5200,20.7300,20.7300,216594,0.0000,1.0000
2015-07-06,20.7000,21.0000,20.6150,20.8200,20.8200,211854,0.0000,1.0000
2015-07-02,21.0600,21.1000,20.7575,20.8000,20.8000,172417,0.0000,1.0000
2015-07-01,20.7400,21.0700,20.6600,21.0100,21.0100,250093,0.0000,1.0000
2015-06-30,20.7700,20.8300,20.5500,20.6100,20.6100,534144,0.0000,1.0000
2015-06-29,20.9400,21.2000,20.5300,20.6600,20.6600,455384,0.0000,1.0000
2015-06-26,21.2000,21.3400,20.8050,21.0400,21.0400,739586,0.0000,1.0000
2015-06-25,21.0400,21.2200,20.9700,21.1400,21.1400,138741,0.0000,1.0000
2015-06-24,21.1900,21.3500,20.9900,21.0400,21.0400,135920,0.0000,1.0000
2015-06-23,21.2900,21.5800,21.1500,21.3000,21.3000,128978,0.0000,1.0000
2015-06-22,21.1300,21.4000,21.0250,21.3200,21.3200,108522,0.0000,1.0000
2015-06-19,20.9400,21.3400,20.9400,21.1300,21.1300,391571,0.0000,1.0000
2015-06-18,20.6700,21.0500,20.6500,20.8100,20.8100,213453,0.0000,1.0000
2015-06-17,20.9500,21.1899,20.5000,20.6200,20.6200,105979,0.0000,1.0000
2015-06-16,20.5200,20.9700,20.4300,20.8400,20.8400,104217,0.0000,1.0000
2015-06-15,20.1500,20.8800,20.0900,20.6000,20.6000,213231,0.0000,1.0000
2015-06-12,20.9100,21.1100,20.0500,20.2200,20.2200,319164,0.0000,1.0000
2015-06-11,20.7800,21.0800,20.7600,21.0400,21.0400,122899,0.0000,1.0000
2015-06-10,20.0900,20.7700,20.0900,20.7200,20.7200,223046,0.0000,1.0000
2015-06-09,20.2600,20.3000,19.9800,20.0500,20.0500,152719,0.0000,1.0000
2015-06-08,20.4900,20.6100,20.2100,20.2400,20.2400,143524,0.0000,1.0000
2015-06-05,20.7000,20.8100,20.4700,20.5500,20.5500,305841,0.0000,1.0000
2015-06-04,20.9200,20.9500,20.7000,20.7600,20.7600,135705,0.0000,1.0000
2015-06-03,20.6000,21.0400,20.5500,20.9500,20.9500,198299,0.0000,1.0000
2015-06-02,20.5200,20.9100,20.2900,20.5800,20.5800,298166,0.0000,1.0000
2015-06-01,20.8200,20.9900,20.4600,20.5900,20.5900,243836,0.0000,1.0000
2015-05-29,20.9700,20.9800,20.6600,20.7500,20.7500,384001,0.0000,1.0000
2015-05-28,20.7900,21.0600,20.7000,21.0100,21.0100,158558,0.0000,1.0000
2015-05-27,20.8200,20.9800,20.7200,20.8900,20.8900,134924,0.0000,1.0000
2015-05-26,20.6300,20.8300,20.2300,20.8000,20.8000,164882,0.0000,1.0000
2015-05-22,20.6300,21.1100,20.5500,20.7200,20.7200,160378,0.0000,1.0000
2015-05-21,21.1400,21.1800,20.9500,21.1000,21.1000,328627,0.0000,1.0000
2015-05-20,21.0800,21.2100,21.0000,21.1000,21.1000,177902,0.0000,1.0000
2015-05-19,21.1700,21.1700,20.9200,21.0100,21.0100,273452,0.0000,1.0000
2015-05-18,21.0000,21.3000,20.9900,21.1700,21.1700,138231,0.0000,1.0000
2015-05-15,21.0400,21.3500,20.8901,21.0100,21.0100,231237,0.0000,1.0000
2015-05-14,20.5700,21.0500,20.4800,21.0400,21.0400,165989,0.0000,1.0000
2015-05-13,20.4400,20.6700,20.3100,20.5100,20.5100,151933,0.0000,1.0000
2015-05-12,20.3800,20.5200,20.2100,20.4300,20.4300,205496,0.0000,1.0000
2015-05-11,20.2800,20.6600,20.2800,20.5000,20.5000,219729,0.0000,1.0000
2015-05-08,20.2800,20.6300,20.2400,20.3400,20.3400,284904,0.0000,1.0000
2015-05-07,19.6600,20.2300,19.5900,20.1700,20.1700,307217,0.0000,1.0000
2015-05-06,19.3400,19.5500,19.2100,19.4700,19.4700,218401,0.0000,1.0000
2015-05-05,20.9900,20.9900,19.1600,19.3000,19.3000,488425,0.0000,1.0000
2015-05-04,20.0000,20.2700,19.9200,19.9400,19.9400,227980,0.0000,1.0000
2015-05-01,19.6200,20.4500,19.6200,20.0300,20.0300,85411,0.0000,1.0000
2015-04-30,20.2100,20.4400,19.5800,19.6600,19.6600,520600,0.0000,1.0000
2015-04-29,20.8700,21.1400,20.2000,20.3100,20.3100,475762,0.0000,1.0000
2015-04-28,22.1000,22.1000,20.6600,20.7000,20.7000,87106,0.0000,1.0000
2015-04-27,20.9500,22.3000,20.9200,22.3000,22.3000,482234,0.0000,1.0000
2015-04-24,20.8300,20.9700,20.7600,20.8000,20.8000,257579,0.0000,1.0000
2015-04-23,20.7000,20.8900,20.6400,20.8500,20.8500,195343,0.0000,1.0000
2015-04-22,20.5000,20.8100,20.3300,20.7700,20.7700,308331,0.0000,1.0000
2015-04-21,20.4700,20.6000,20.3140,20.5400,20.5400,230373,0.0000,1.0000
2015-04-20,20.5700,20.7800,20.3200,20.3900,20.3900,396443,0.0000,1.0000
2015-04-17,20.6500,20.6550,20.2600,20.4800,20.4800,384749,0.0000,1.0000
2015-04-16,20.8000,21.0100,20.7100,20.7400,20.7400,330706,0.0000,1.0000
2015-04-15,21.4200,21.4700,20.8500,20.8800,20.8800,534659,0.0000,1.0000
2015-04-14,21.3100,21.5900,21.3100,21.3900,21.3900,542735,0.0000,1.0000
2015-04-13,21.5300,21.6100,21.2800,21.3300,21.3300,524000,0.0000,1.0000
2015-04-10,22.7000,22.7000,20.5200,21.5500,21.5500,2224462,0.0000,1.0000
2015-04-09,22.9200,23.0800,22.5900,22.7600,22.7600,298945,0.0000,1.0000
2015-04-08,22.9000,23.0200,22.8000,22.9700,22.9700,754239,0.0000,1.0000
2015-04-07,23.0300,23.2000,22.8700,22.9000,22.9000,545434,0.0000,1.0000
2015-04-06,22.8800,23.1100,22.8000,23.0500,23.0500,847460,0.0000,1.0000
2015-04-02,23.0300,23.2600,22.8500,22.9200,22.9200,819155,0.0000,1.0000
2015-04-01,23.2300,23.2800,22.9100,23.0100,23.0100,579162,0.0000,1.0000
2015-03-31,23.0900,23.3900,22.9400,23.1900,23.1900,662626,0.0000,1.0000
2015-03-30,23.0000,23.2700,22.9600,23.0600,23.0600,500406,0.0000,1.0000
2015-03-27,22.8500,23.0400,22.7700,22.9200,22.9200,410019,0.0000,1.0000
2015-03-26,22.9100,22.9300,22.6683,22.8200,22.8200,355785,0.0000,1.0000
2015-03-25,22.8700,23.0300,22.7800,22.9200,22.9200,781824,0.0000,1.0000
2015-03-24,22.2900,22.8700,22.2400,22.8500,22.8500,499654,0.0000,1.0000
2015-03-23,22.0800,22.3500,22.0600,22.2700,22.2700,305580,0.0000,1.0000
2015-03-20,21.9500,22.3000,21.9000,22.1200,22.1200,587346,0.0000,1.0000
2015-03-19,21.8500,21.9500,21.7000,21.8300,21.8300,373729,0.0000,1.0000
2015-03-18,21.8000,22.0000,21.5800,21.8500,21.8500,403608,0.0000,1.0000
2015-03-17,21.5900,21.8500,21.5600,21.7800,21.7800,422002,0.0000,1.0000
2015-03-16,21.7000,22.0100,21.5500,21.5800,21.5800,420135,0.0000,1.0000
2015-03-13,21.4400,21.6700,21.2600,21.6200,21.6200,365711,0.0000,1.0000
2015-03-12,21.3900,21.6100,21.0800,21.3600,21.3600,516112,0.0000,1.0000
2015-03-11,20.5000,21.5000,20.5000,21.2300,21.2300,949604,0.0000,1.0000
2015-03-10,20.0700,20.5800,20.0700,20.5100,20.5100,863534,0.0000,1.0000
2015-03-09,20.0300,20.2700,20.0100,20.2100,20.2100,287030,0.0000,1.0000
2015-03-06,19.9500,20.2000,19.7900,19.9500,19.9500,654908,0.0000,1.0000
2015-03-05,19.4600,19.9800,19.3000,19.9100,19.9100,566449,0.0000,1.0000
2015-03-04,19.2400,19.4500,19.1800,19.3200,19.3200,474471,0.0000,1.0000
2015-03-03,19.3900,19.5100,19.0947,19.3500,19.3500,166623,0.0000,1.0000
2015-03-02,19.2600,19.6200,19.2500,19.4800,19.4800,210167,0.0000,1.0000
2015-02-27,19.2600,19.4400,19.2500,19.3000,19.3000,190857,0.0000,1.0000
2015-02-26,19.2400,19.3900,19.1300,19.3400,19.3400,186856,0.0000,1.0000
2015-02-25,19.1100,19.3300,19.1100,19.2200,19.2200,234098,0.0000,1.0000
2015-02-24,19.2100,19.2600,19.0000,19.1700,19.1700,196390,0.0000,1.0000
2015-02-23,19.0400,19.1900,18.9200,19.1500,19.1500,450601,0.0000,1.0000
2015-02-20,18.9800,19.0900,18.8800,19.0600,19.0600,1160988,0.0000,1.0000
2015-02-19,18.8600,19.1300,18.8200,19.0700,19.0700,313801,0.0000,1.0000
2015-02-18,18.9300,19.0600,18.8500,18.9600,18.9600,341869,0.0000,1.0000
2015-02-17,18.8600,19.0800,18.7800,18.9000,18.9000,372250,0.0000,1.0000
2015-02-13,18.7800,18.9700,18.7700,18.9100,18.9100,371904,0.0000,1.0000
2015-02-12,18.8000,18.9700,18.6500,18.8000,18.8000,541821,0.0000,1.0000
2015-02-11,18.5900,18.9000,18.5000,18.7200,18.7200,595196,0.0000,1.0000
2015-02-10,18.6300,18.7800,18.4900,18.6000,18.6000,498320,0.0000,1.0000
2015-02-09,18.6700,18.9200,18.4300,18.4700,18.4700,444851,0.0000,1.0000
2015-02-06,18.5800,18.9300,18.5500,18.6800,18.6800,840402,0.0000,1.0000
2015-02-05,18.4700,18.6600,18.2400,18.6200,18.6200,578421,0.0000,1.0000
2015-02-04,18.1900,18.6900,18.1700,18.4800,18.4800,768497,0.0000,1.0000
2015-02-03,17.5800,18.2100,17.5800,18.1700,18.1700,968779,0.0000,1.0000
2015-02-02,16.8500,17.8000,16.8500,17.4000,17.4000,838952,0.0000,1.0000
2015-01-30,16.9800,17.2100,16.7100,16.8000,16.8000,667526,0.0000,1.0000
2015-01-29,17.0200,17.2400,16.8000,17.0900,17.0900,213283,0.0000,1.0000
2015-01-28,17.5300,17.5300,16.9800,17.0100,17.0100,203640,0.0000,1.0000
2015-01-27,17.3200,17.4300,17.3000,17.3600,17.3600,161717,0.0000,1.0000
2015-01-26,17.7900,17.8300,17.4200,17.5500,17.5500,261970,0.0000,1.0000
2015-01-23,17.7500,17.9000,17.5000,17.7700,17.7700,721074,0.0000,1.0000
2015-01-22,17.3200,17.7900,17.1320,17.6900,17.6900,297517,0.0000,1.0000
2015-01-21,17.2300,17.4500,17.0500,17.1700,17.1700,256003,0.0000,1.0000
2015-01-20,17.3100,17.3300,17.0401,17.2200,17.2200,247240,0.0000,1.0000
2015-01-16,17.0400,17.3100,16.9300,17.2700,17.2700,202540,0.0000,1.0000
2015-01-15,17.9800,18.4100,17.0700,17.1700,17.1700,260962,0.0000,1.0000
2015-01-14,17.1600,17.3800,17.0350,17.2000,17.2000,129926,0.0000,1.0000
2015-01-13,17.3000,17.5800,17.0800,17.3900,17.3900,155399,0.0000,1.0000
2015-01-12,17.4100,17.4800,17.0800,17.2600,17.2600,229177,0.0000,1.0000
2015-01-09,17.2600,17.5000,17.1400,17.3500,17.3500,120591,0.0000,1.0000
2015-01-08,17.2900,17.6400,17.2500,17.2900,17.2900,271447,0.0000,1.0000
2015-01-07,17.5800,17.7800,17.1100,17.2100,17.2100,190653,0.0000,1.0000
2015-01-06,17.9800,18.0500,17.2700,17.5100,17.5100,174365,0.0000,1.0000
2015-01-05,18.0100,18.1900,17.7100,17.9200,17.9200,141199,0.0000,1.0000
2015-01-02,18.4000,18.5450,18.1100,18.1500,18.1500,204529,0.0000,1.0000
2014-12-31,18.5400,18.7500,18.2800,18.3000,18.3000,190015,0.0000,1.0000
2014-12-30,18.3400,18.5500,18.0747,18.4300,18.4300,115241,0.0000,1.0000
2014-12-29,18.2900,18.4900,18.2300,18.3800,18.3800,130624,0.0000,1.0000
2014-12-26,18.2500,18.3800,18.1000,18.3400,18.3400,92574,0.0000,1.0000
2014-12-24,18.0100,18.2000,17.8800,18.2000,18.2000,81181,0.0000,1.0000
2014-12-23,17.6100,18.1700,17.5500,17.9200,17.9200,258915,0.0000,1.0000
2014-12-22,17.4800,17.7200,17.3200,17.6200,17.6200,220783,0.0000,1.0000
2014-12-19,17.4800,17.6500,17.1200,17.5100,17.5100,1062595,0.0000,1.0000
2014-12-18,17.2500,17.6400,17.1300,17.3800,17.3800,220119,0.0000,1.0000
2014-12-17,16.5700,17.0000,16.2400,16.9900,16.9900,258040,0.0000,1.0000
2014-12-16,16.3100,16.8400,16.2000,16.5000,16.5000,250830,0.0000,1.0000
2014-12-15,16.6400,16.6400,16.2000,16.2300,16.2300,238217,0.0000,1.0000
2014-12-12,17.0300,17.0400,16.4000,16.5300,16.5300,259738,0.0000,1.0000
2014-12-11,17.4200,17.4500,17.0900,17.1900,17.1900,280908,0.0000,1.0000
2014-12-10,17.5200,17.5600,17.1101,17.2900,17.2900,324621,0.0000,1.0000
2014-12-09,16.5200,17.5000,16.4700,17.4900,17.4900,250682,0.0000,1.0000
2014-12-08,16.8400,17.1600,16.6750,16.7200,16.7200,105045,0.0000,1.0000
2014-12-05,16.6700,17.0000,16.6700,16.9400,16.9400,164727,0.0000,1.0000
2014-12-04,16.8900,16.9300,16.5600,16.6800,16.6800,158043,0.0000,1.0000
2014-12-03,16.7300,17.1500,16.7300,16.9200,16.9200,201613,0.0000,1.0000
2014-12-02,16.4500,16.8600,16.3051,16.7700,16.7700,158684,0.0000,1.0000
2014-12-01,16.5800,16.6800,16.3900,16.4100,16.4100,207967,0.0000,1.0000
2014-11-28,16.9900,17.1060,16.6500,16.7000,16.7000,74608,0.0000,1.0000
2014-11-26,16.9000,17.0300,16.8400,16.9400,16.9400,170804,0.0000,1.0000
2014-11-25,16.9500,17.1500,16.8800,16.9200,16.9200,98650,0.0000,1.0000
2014-11-24,16.7100,16.9500,16.6300,16.9200,16.9200,175635,0.0000,1.0000
2014-11-21,16.8200,16.8800,16.5900,16.7100,16.7100,331443,0.0000,1.0000
2014-11-20,16.3300,16.5600,16.3000,16.5400,16.5400,157391,0.0000,1.0000
2014-11-19,16.4900,16.5400,16.2400,16.4100,16.4100,135658,0.0000,1.0000
2014-11-18,16.2300,16.5600,16.2300,16.5000,16.5000,151253,0.0000,1.0000
2014-11-17,16.3600,16.4500,16.2050,16.2200,16.2200,144151,0.0000,1.0000
2014-11-14,16.6500,16.7399,16.3900,16.4100,16.4100,184730,0.0000,1.0000
2014-11-13,16.7400,16.8900,16.6650,16.6800,16.6800,172447,0.0000,1.0000
2014-11-12,16.6100,16.8100,16.5400,16.7600,16.7600,154322,0.0000,1.0000
2014-11-11,16.8200,16.8600,16.5300,16.7100,16.7100,286637,0.0000,1.0000
2014-11-10,16.8000,16.8500,16.6800,16.8100,16.8100,204898,0.0000,1.0000
2014-11-07,16.8000,16.8500,16.7000,16.8300,16.8300,221894,0.0000,1.0000
2014-11-06,16.8800,16.9100,16.7000,16.8000,16.8000,2517536,0.0000,1.0000
2014-11-05,17.0100,17.1000,16.6600,16.8500,16.8500,335703,0.0000,1.0000
2014-11-04,16.9600,17.2200,16.8200,16.9400,16.9400,174979,0.0000,1.0000
2014-11-03,16.9600,17.2100,16.8500,17.0000,17.0000,429621,0.0000,1.0000
2014-10-31,17.0000,17.0000,16.6500,16.9600,16.9600,387214,0.0000,1.0000
2014-10-30,16.7400,16.8900,16.6650,16.6800,16.6800,172447,0.0000,1.0000
2014-10-29,16.4300,16.7000,15.7500,16.2600,16.2600,1483984,0.0000,1.0000
2014-10-28,16.9300,17.2100,16.9100,17.1800,17.1800,672416,0.0000,1.0000
2014-10-27,16.7400,16.8700,16.5000,16.8400,16.8400,223212,0.0000,1.0000
2014-10-24,16.7000,16.8700,16.5950,16.8500,16.8500,244795,0.0000,1.0000
2014-10-23,16.4600,16.8370,16.3400,16.6900,16.6900,1564846,0.0000,1.0000
2014-10-22,16.6500,16.7400,16.2900,16.3500,16.3500,3524537,0.0000,1.0000
2014-10-21,16.3200,16.7200,16.2500,16.6700,16.6700,312418,0.0000,1.0000
2014-10-20,16.4400,16.5400,16.0900,16.1700,16.1700,378637,0.0000,1.0000
2014-10-17,16.2000,16.7150,16.1900,16.5400,16.5400,632560,0.0000,1.0000
2014-10-16,15.7300,16.1700,15.7300,16.0300,16.0300,372571,0.0000,1.0000
2014-10-15,15.6000,16.0700,15.3400,15.9400,15.9400,797378,0.0000,1.0000
2014-10-14,15.8500,16.1300,15.7300,15.8800,15.8800,570067,0.0000,1.0000
2014-10-13,15.1400,15.7700,15.1100,15.6200,15.6200,964670,0.0000,1.0000
2014-10-10,15.3700,15.5300,15.1200,15.1700,15.1700,339971,0.0000,1.0000
2014-10-09,15.9200,16.0300,15.4400,15.4600,15.4600,257737,0.0000,1.0000
2014-10-08,15.9500,16.0600,15.7300,15.9700,15.9700,373916,0.0000,1.0000
2014-10-07,16.2500,16.2600,15.9850,16.0000,16.0000,419420,0.0000,1.0000
2014-10-06,16.3800,16.5300,16.2300,16.3500,16.3500,447793,0.0000,1.0000
2014-10-03,16.1000,16.4100,16.0300,16.3700,16.3700,313193,0.0000,1.0000
2014-10-02,15.6600,15.9800,15.6200,15.9700,15.9700,1108921,0.0000,1.0000
2014-10-01,15.9200,16.0000,15.6800,15.7600,15.7600,953986,0.0000,1.0000
2014-09-30,16.3200,16.4000,15.8800,15.9700,15.9700,1321379,0.0000,1.0000
2014-09-29,16.2500,16.4250,16.2300,16.2800,16.2800,497476,0.0000,1.0000
2014-09-26,16.3700,16.5100,16.3130,16.4200,16.4200,216997,0.0000,1.0000
2014-09-25,16.6700,16.6800,16.3700,16.3700,16.3700,274775,0.0000,1.0000
2014-09-24,16.6500,16.7500,16.5850,16.6700,16.6700,327429,0.0000,1.0000
2014-09-23,16.7000,16.8000,16.6520,16.6700,16.6700,542058,0.0000,1.0000
2014-09-22,16.6800,16.7300,16.5500,16.7000,16.7000,471564,0.0000,1.0000
2014-09-19,16.8700,17.0600,16.6500,16.7400,16.7400,647796,0.0000,1.0000
2014-09-18,17.1300,17.1900,16.7300,16.8900,16.8900,443079,0.0000,1.0000
2014-09-17,17.2500,17.3200,17.0900,17.1400,17.1400,386951,0.0000,1.0000
2014-09-16,17.1500,17.3200,16.7300,17.3100,17.3100,460380,0.0000,1.0000
2014-09-15,17.6000,17.7700,17.2600,17.3200,17.3200,158985,0.0000,1.0000
2014-09-12,17.8200,17.9400,17.5400,17.5900,17.5900,143451,0.0000,1.0000
2014-09-11,17.5100,17.8200,17.5000,17.8100,17.8100,183093,0.0000,1.0000
2014-09-10,17.8700,17.8800,17.5300,17.6400,17.6400,1072729,0.0000,1.0000
2014-09-09,18.0000,18.0800,17.8400,17.8800,17.8800,295917,0.0000,1.0000
2014-09-08,18.0000,18.0900,17.8800,18.0500,18.0500,211783,0.0000,1.0000
2014-09-05,18.1800,18.3695,18.0000,18.0300,18.0300,156933,0.0000,1.0000
2014-09-04,18.2800,18.4000,18.2150,18.2600,18.2600,677849,0.0000,1.0000
2014-09-03,18.4100,18.5300,18.2500,18.2700,18.2700,153902,0.0000,1.0000
2014-09-02,18.4700,18.4800,18.2500,18.3800,18.3800,236891,0.0000,1.0000
2014-08-29,18.3500,18.5400,18.2500,18.4300,18.4300,182102,0.0000,1.0000
2014-08-28,18.4300,18.4300,18.2801,18.3700,18.3700,135945,0.0000,1.0000
2014-08-27,18.5300,18.7420,18.4400,18.5200,18.5200,161003,0.0000,1.0000
2014-08-26,18.4600,18.5600,18.4500,18.5000,18.5000,254431,0.0000,1.0000
2014-08-25,18.4700,18.5600,18.2910,18.4300,18.4300,157778,0.0000,1.0000
2014-08-22,18.5300,18.5600,18.3800,18.3900,18.3900,387621,0.0000,1.0000
2014-08-21,18.4400,18.5600,18.3000,18.5400,18.5400,192796,0.0000,1.0000
2014-08-20,18.4200,18.5800,18.3000,18.4500,18.4500,484532,0.0000,1.0000
2014-08-19,18.5300,18.6400,18.4300,18.4400,18.4400,916945,0.0000,1.0000
2014-08-18,18.6400,18.7050,18.4700,18.4800,18.4800,352420,0.0000,1.0000
2014-08-15,18.6800,18.7400,18.3250,18.5200,18.5200,646234,0.0000,1.0000
2014-08-14,18.2800,18.5900,18.2300,18.5200,18.5200,603036,0.0000,1.0000
2014-08-13,18.0900,18.3000,18.0300,18.1900,18.1900,216316,0.0000,1.0000
2014-08-12,18.4200,18.4600,17.9100,18.0200,18.0200,165126,0.0000,1.0000
2014-08-11,18.3700,18.6000,18.2940,18.4200,18.4200,228980,0.0000,1.0000
2014-08-08,18.0100,18.2800,17.9800,18.2200,18.2200,266915,0.0000,1.0000
2014-08-07,18.4900,18.5700,17.9900,18.0300,18.0300,690309,0.0000,1.0000
2014-08-06,18.2000,18.5300,18.1100,18.3500,18.3500,250185,0.0000,1.0000
2014-08-05,18.1500,18.4400,18.0200,18.3200,18.3200,798163,0.0000,1.0000
2014-08-04,18.0100,18.1800,17.9100,18.1700,18.1700,1583434,0.0000,1.0000
2014-08-01,17.7500,18.0100,17.7300,17.9900,17.9900,996740,0.0000,1.0000
2014-07-31,17.7600,17.9000,17.4700,17.7500,17.7500,2158154,0.0000,1.0000
2014-07-30,17.9500,18.1200,17.7500,17.9600,17.9600,268499,0.0000,1.0000
2014-07-29,17.9900,18.1800,17.9000,17.9000,17.9000,1357454,0.0000,1.0000
2014-07-28,17.8200,18.0100,17.6100,18.0000,18.0000,328869,0.0000,1.0000
2014-07-25,17.8900,18.0000,17.7500,17.8400,17.8400,323839,0.0000,1.0000
2014-07-24,18.2700,18.4700,18.0000,18.0100,18.0100,1026119,0.0000,1.0000
2014-07-23,18.3700,18.3900,18.1700,18.2900,18.2900,261007,0.0000,1.0000
2014-07-22,18.5300,18.6400,18.3000,18.3700,18.3700,325794,0.0000,1.0000
2014-07-21,18.3500,18.4900,18.2300,18.4600,18.4600,182835,0.0000,1.0000
2014-07-18,18.2100,19.0700,18.2100,18.4100,18.4100,778850,0.0000,1.0000
2014-07-17,18.2700,18.3400,18.2300,18.2700,18.2700,566106,0.0000,1.0000
2014-07-16,18.3200,18.4000,18.2200,18.3400,18.3400,369545,0.0000,1.0000
2014-07-15,18.3200,18.3701,18.0700,18.2400,18.2400,563642,0.0000,1.0000
2014-07-14,18.3800,18.5000,18.2300,18.3000,18.3000,298388,0.0000,1.0000
2014-07-11,17.9200,18.3600,17.9101,18.2700,18.2700,584483,0.0000,1.0000
2014-07-10,17.9500,18.2000,17.5900,17.9800,17.9800,1021770,0.0000,1.0000
2014-07-09,18.3500,18.4800,18.0200,18.4200,18.4200,432425,0.0000,1.0000
2014-07-08,18.7500,18.7800,18.3100,18.3600,18.3600,681712,0.0000,1.0000
2014-07-07,18.9600,18.9700,18.7100,18.7500,18.7500,417937,0.0000,1.0000
2014-07-03,18.9600,19.0400,18.8800,19.0000,19.0000,194941,0.0000,1.0000
2014-07-02,19.0200,19.2300,18.8500,18.8900,18.8900,500515,0.0000,1.0000
2014-07-01,19.2100,19.3200,18.9900,19.0100,19.0100,525699,0.0000,1.0000
2014-06-30,19.0600,19.1300,18.9400,19.1000,19.1000,363811,0.0000,1.0000
2014-06-27,18.9400,19.1600,18.9100,19.0900,19.0900,635241,0.0000,1.0000
2014-06-26,19.0100,19.1200,18.9330,19.0000,19.0000,253277,0.0000,1.0000
2014-06-25,19.0100,19.1100,18.9000,19.0200,19.0200,280162,0.0000,1.0000
2014-06-24,19.4500,19.6780,19.1300,19.1400,19.1400,390856,0.0000,1.0000
2014-06-23,19.7300,19.7676,19.3500,19.4400,19.4400,404350,0.0000,1.0000
2014-06-20,19.3800,19.5700,19.3450,19.5100,19.5100,760587,0.0000,1.0000
2014-06-19,19.3700,19.5000,19.2600,19.3300,19.3300,166185,0.0000,1.0000
2014-06-18,19.2200,19.3500,19.0500,19.3200,19.3200,172999,0.0000,1.0000
2014-06-17,19.1400,19.3300,19.0200,19.2500,19.2500,856486,0.0000,1.0000
2014-06-16,19.2200,19.2800,19.0500,19.2300,19.2300,194226,0.0000,1.0000
2014-06-13,19.1200,19.2450,19.0400,19.2100,19.2100,156332,0.0000,1.0000
2014-06-12,19.3400,19.3900,19.0000,19.1100,19.1100,266392,0.0000,1.0000
2014-06-11,19.5800,19.6800,19.3410,19.3900,19.3900,300518,0.0000,1.0000
2014-06-10,19.4100,19.7100,19.4100,19.6900,19.6900,369385,0.0000,1.0000
2014-06-09,19.2000,19.5000,19.2000,19.3400,19.3400,411658,0.0000,1.0000
2014-06-06,19.0900,19.2963,19.0280,19.2200,19.2200,319322,0.0000,1.0000
2014-06-05,18.6900,19.0200,18.6400,19.0000,19.0000,410601,0.0000,1.0000
2014-06-04,18.4600,18.6300,18.4000,18.6100,18.6100,252322,0.0000,1.0000
2014-06-03,18.5700,18.7600,18.4400,18.5000,18.5000,301185,0.0000,1.0000
2014-06-02,18.6900,18.7600,18.4350,18.6400,18.6400,348331,0.0000,1.0000
2014-05-30,18.7800,18.9000,18.6100,18.6100,18.6100,321362,0.0000,1.0000
2014-05-29,18.9800,18.9800,18.7800,18.8300,18.8300,213195,0.0000,1.0000
2014-05-28,18.9100,18.9900,18.7400,18.8900,18.8900,286736,0.0000,1.0000
2014-05-27,18.6700,19.2200,18.5500,18.9600,18.9600,547504,0.0000,1.0000
2014-05-23,18.6300,18.9000,18.4200,18.8600,18.8600,641148,0.0000,1.0000
2014-05-22,18.1300,18.6900,18.1100,18.6000,18.6000,3411271,0.0000,1.0000
2014-05-21,18.0600,18.1850,17.9400,18.1400,18.1400,445311,0.0000,1.0000
2014-05-20,18.0000,18.0900,17.9400,18.0200,18.0200,1406714,0.0000,1.0000
2014-05-19,17.8200,18.1300,17.7000,18.0000,18.0000,2332499,0.0000,1.0000
2014-05-16,17.6600,17.9000,17.6401,17.8900,17.8900,455902,0.0000,1.0000
2014-05-15,17.6400,17.7600,17.5000,17.7100,17.7100,466868,0.0000,1.0000
2014-05-14,17.9800,18.0600,17.6700,17.7500,17.7500,460524,0.0000,1.0000
2014-05-13,18.0600,18.2300,17.8350,17.9600,17.9600,308422,0.0000,1.0000
2014-05-12,17.8000,18.2200,17.8000,18.0500,18.0500,557198,0.0000,1.0000
2014-05-09,17.4500,17.7800,17.4100,17.7000,17.7000,580916,0.0000,1.0000
2014-05-08,17.6300,17.7800,17.4700,17.5000,17.5000,999619,0.0000,1.0000
2014-05-07,17.5900,17.7200,17.4000,17.5900,17.5900,733812,0.0000,1.0000
2014-05-06,17.7300,17.8300,17.4900,17.6000,17.6000,839006,0.0000,1.0000
2014-05-05,17.5900,17.8800,17.4300,17.7800,17.7800,440547,0.0000,1.0000
2014-05-02,17.6500,18.0600,17.5700,17.6600,17.6600,436338,0.0000,1.0000
2014-05-01,17.5900,17.7400,17.3300,17.5900,17.5900,710779,0.0000,1.0000
2014-04-30,17.3500,17.5700,17.2300,17.5600,17.5600,1763575,0.0000,1.0000
2014-04-29,17.6800,17.8600,17.3200,17.4500,17.4500,478779,0.0000,1.0000
2014-04-28,17.5700,17.8600,17.4000,17.5300,17.5300,1547448,0.0000,1.0000
2014-04-25,17.4100,17.5500,17.3000,17.5000,17.5000,723116,0.0000,1.0000
2014-04-24,17.4600,17.5400,17.2300,17.5100,17.5100,542643,0.0000,1.0000
2014-04-23,17.3000,17.3800,17.1700,17.3200,17.3200,1522061,0.0000,1.0000
2014-04-22,17.1700,17.5100,17.1700,17.3000,17.3000,389349,0.0000,1.0000
2014-04-21,17.2300,17.2900,17.0900,17.1700,17.1700,249867,0.0000,1.0000
2014-04-17,17.3300,17.4954,17.1100,17.2100,17.2100,768099,0.0000,1.0000
2014-04-16,16.9200,17.3800,16.9150,17.3400,17.3400,786360,0.0000,1.0000
2014-04-15,16.9400,16.9400,16.3200,16.7600,16.7600,713239,0.0000,1.0000
2014-04-14,17.2500,17.3900,16.8000,16.9400,16.9400,406214,0.0000,1.0000
2014-04-11,17.3000,17.5000,17.1000,17.1200,17.1200,406217,0.0000,1.0000
2014-04-10,17.6500,17.8100,17.3200,17.3500,17.3500,494692,0.0000,1.0000
2014-04-09,17.3800,17.7600,17.2400,17.6800,17.6800,539058,0.0000,1.0000
2014-04-08,17.2500,17.4500,17.1900,17.3300,17.3300,449472,0.0000,1.0000
2014-04-07,17.1700,17.4100,17.1000,17.2700,17.2700,686034,0.0000,1.0000
2014-04-04,17.8400,17.9480,17.2400,17.2500,17.2500,484872,0.0000,1.0000
2014-04-03,18.2800,18.3100,17.6100,17.7700,17.7700,614403,0.0000,1.0000
2014-04-02,18.7300,18.8000,18.3000,18.3600,18.3600,587593,0.0000,1.0000
2014-04-01,18.2700,19.0400,18.0600,18.7100,18.7100,745777,0.0000,1.0000
2014-03-31,18.1600,18.8300,17.1800,18.2700,18.2700,1227233,0.0000,1.0000
2014-03-28,18.3700,18.7900,18.3600,18.6000,18.6000,315600,0.0000,1.0000
2014-03-27,18.3500,18.6300,18.0600,18.3400,18.3400,401549,0.0000,1.0000
2014-03-26,19.0800,19.1300,18.3900,18.4100,18.4100,443858,0.0000,1.0000
2014-03-25,19.1400,19.3700,18.8800,18.9500,18.9500,283890,0.0000,1.0000
2014-03-24,19.3700,19.3700,18.8300,19.0100,19.0100,290298,0.0000,1.0000
2014-03-21,19.4900,19.4900,19.3100,19.3600,19.3600,436608,0.0000,1.0000
2014-03-20,19.3200,19.5800,19.2300,19.3700,19.3700,202113,0.0000,1.0000
2014-03-19,19.6000,19.6900,19.2900,19.4000,19.4000,363158,0.0000,1.0000
2014-03-18,19.2500,19.6000,19.2500,19.6000,19.6000,302107,0.0000,1.0000
2014-03-17,19.1400,19.3915,19.0500,19.2200,19.2200,859157,0.0000,1.0000
2014-03-14,18.5700,19.1500,18.3300,19.0000,19.0000,653511,0.0000,1.0000
2014-03-13,19.0000,19.0300,18.4400,18.6500,18.6500,912592,0.0000,1.0000
2014-03-12,19.0000,19.0300,18.7700,18.9500,18.9500,259738,0.0000,1.0000
2014-03-11,19.3300,19.4600,19.0900,19.1100,19.1100,402435,0.0000,1.0000
2014-03-10,19.3000,19.4500,19.2000,19.3600,19.3600,753061,0.0000,1.0000
2014-03-07,19.5700,19.5800,19.2500,19.3200,19.3200,295484,0.0000,1.0000
2014-03-06,19.2900,19.5500,19.2300,19.4100,19.4100,300294,0.0000,1.0000
2014-03-05,19.4300,19.5800,19.2100,19.2300,19.2300,277264,0.0000,1.0000
2014-03-04,19.1700,19.5400,19.1600,19.4600,19.4600,576391,0.0000,1.0000
2014-03-03,18.5100,18.9400,18.2700,18.9000,18.9000,1166381,0.0000,1.0000
2014-02-28,18.9400,19.0900,18.5800,18.6300,18.6300,546319,0.0000,1.0000
2014-02-27,18.7700,19.0250,18.7600,18.9000,18.9000,405971,0.0000,1.0000
2014-02-26,18.7000,18.9499,18.6500,18.7300,18.7300,253920,0.0000,1.0000
2014-02-25,18.9000,19.0200,18.6600,18.6800,18.6800,213365,0.0000,1.0000
2014-02-24,19.0000,19.2100,18.8900,18.9000,18.9000,340364,0.0000,1.0000
2014-02-21,19.0400,19.1050,18.9500,19.0100,19.0100,1254209,0.0000,1.0000
2014-02-20,18.9000,19.0700,18.8900,19.0000,19.0000,595613,0.0000,1.0000
2014-02-19,18.7400,19.0200,18.7400,18.8400,18.8400,404517,0.0000,1.0000
2014-02-18,18.8700,19.0000,18.7100,18.8000,18.8000,418470,0.0000,1.0000
2014-02-14,18.4400,18.8300,18.3600,18.8000,18.8000,767208,0.0000,1.0000
2014-02-13,17.9500,18.4000,17.9400,18.4000,18.4000,406573,0.0000,1.0000
2014-02-12,17.9100,18.1599,17.9100,18.0600,18.0600,510757,0.0000,1.0000
2014-02-11,17.8400,17.9900,17.7000,17.8300,17.8300,455082,0.0000,1.0000
2014-02-10,17.9600,18.1200,17.6600,17.7400,17.7400,570951,0.0000,1.0000
2014-02-07,17.3400,17.9700,17.2600,17.9100,17.9100,677617,0.0000,1.0000
2014-02-06,16.7500,17.0300,16.6100,16.9700,16.9700,252972,0.0000,1.0000
2014-02-05,16.4200,16.7100,16.2500,16.5900,16.5900,279851,0.0000,1.0000
2014-02-04,16.4400,16.7200,16.3800,16.4800,16.4800,295839,0.0000,1.0000
2014-02-03,17.0300,17.1250,16.3400,16.4000,16.4000,450231,0.0000,1.0000
2014-01-31,16.6200,17.1600,16.5900,17.0200,17.0200,269242,0.0000,1.0000
2014-01-30,16.9200,17.0500,16.6500,16.9000,16.9000,304528,0.0000,1.0000
2014-01-29,16.9900,17.1000,16.7500,16.8100,16.8100,336561,0.0000,1.0000
2014-01-28,16.9300,17.2500,16.9000,17.1900,17.1900,406085,0.0000,1.0000
2014-01-27,17.1800,17.2200,16.8700,16.9300,16.9300,495946,0.0000,1.0000
2014-01-24,17.5000,17.5200,17.1800,17.1900,17.1900,893444,0.0000,1.0000
2014-01-23,17.6300,17.7700,17.5700,17.6000,17.6000,265178,0.0000,1.0000
2014-01-22,17.7200,17.7600,17.6000,17.6500,17.6500,1895064,0.0000,1.0000
2014-01-21,17.9000,17.9700,17.5800,17.7100,17.7100,268259,0.0000,1.0000
2014-01-17,17.9800,18.1200,17.7200,17.8300,17.8300,186777,0.0000,1.0000
2014-01-16,18.0800,18.0900,17.9000,18.0500,18.0500,417937,0.0000,1.0000
2014-01-15,18.0300,18.4000,18.0100,18.1700,18.1700,358833,0.0000,1.0000
2014-01-14,18.0100,18.1900,17.8732,17.9300,17.9300,380758,0.0000,1.0000
2014-01-13,17.9800,18.1100,17.8550,17.9800,17.9800,376925,0.0000,1.0000
2014-01-10,17.9700,18.1600,17.9000,18.0700,18.0700,428399,0.0000,1.0000
2014-01-09,17.8700,18.0500,17.7000,17.9400,17.9400,617497,0.0000,1.0000
2014-01-08,17.7900,17.8200,17.6500,17.7700,17.7700,261878,0.0000,1.0000
2014-01-07,17.7300,17.8500,17.6900,17.7700,17.7700,347763,0.0000,1.0000
2014-01-06,17.8000,17.8100,17.6500,17.6700,17.6700,317777,0.0000,1.0000
2014-01-03,17.7800,17.9300,17.7500,17.7900,17.7900,223062,0.0000,1.0000
2014-01-02,18.0000,18.0400,17.6450,17.7900,17.7900,417292,0.0000,1.0000
2013-12-31,17.9600,18.2500,17.9000,18.0200,18.0200,405369,0.0000,1.0000
2013-12-30,17.9400,18.1300,17.9300,17.9900,17.9900,324879,0.0000,1.0000
2013-12-27,17.9200,18.0200,17.8300,18.0000,18.0000,280846,0.0000,1.0000
2013-12-26,18.0200,18.1196,17.8200,17.9300,17.9300,164447,0.0000,1.0000
2013-12-24,17.9700,18.0450,17.8300,17.9100,17.9100,72243,0.0000,1.0000
2013-12-23,17.9200,18.0990,17.7500,17.9400,17.9400,247848,0.0000,1.0000
2013-12-20,17.6600,17.8600,17.5600,17.8300,17.8300,778052,0.0000,1.0000
2013-12-19,17.6400,17.8700,17.5200,17.6400,17.6400,211590,0.0000,1.0000
2013-12-18,17.4100,17.6900,17.3500,17.6500,17.6500,260741,0.0000,1.0000
2013-12-17,17.4400,17.4700,17.2900,17.4100,17.4100,288134,0.0000,1.0000
2013-12-16,17.0100,17.4700,16.9700,17.4000,17.4000,392944,0.0000,1.0000
2013-12-13,16.8100,16.9800,16.6000,16.9000,16.9000,1661339,0.0000,1.0000
2013-12-12,16.7800,16.8700,16.6800,16.7300,16.7300,274618,0.0000,1.0000
2013-12-11,17.2700,17.4100,16.6900,16.7700,16.7700,522462,0.0000,1.0000
2013-12-10,17.7800,17.8900,17.2500,17.2800,17.2800,556733,0.0000,1.0000
2013-12-09,17.7900,17.9200,17.7800,17.8600,17.8600,293835,0.0000,1.0000
2013-12-06,17.7700,17.8900,17.7000,17.7800,17.7800,242490,0.0000,1.0000
2013-12-05,17.5400,17.7600,17.4400,17.5700,17.5700,2292426,0.0000,1.0000
2013-12-04,17.7000,17.9700,17.3600,17.5600,17.5600,478802,0.0000,1.0000
2013-12-03,17.8500,18.1800,17.6300,17.8000,17.8000,483846,0.0000,1.0000
2013-12-02,18.3800,18.4400,18.0000,18.0100,18.0100,420970,0.0000,1.0000
2013-11-29,18.4100,18.5000,18.2200,18.3400,18.3400,178632,0.0000,1.0000
2013-11-27,18.1800,18.4100,18.1100,18.3500,18.3500,325877,0.0000,1.0000
2013-11-26,18.1000,18.2800,18.0360,18.1000,18.1000,375471,0.0000,1.0000
2013-11-25,17.7400,18.1000,17.6160,18.0600,18.0600,390395,0.0000,1.0000
2013-11-22,17.6000,17.7300,17.4703,17.6600,17.6600,502229,0.0000,1.0000
2013-11-21,17.2900,17.5900,17.2100,17.5800,17.5800,341392,0.0000,1.0000
2013-11-20,17.2400,17.2900,17.1110,17.2000,17.2000,670005,0.0000,1.0000
2013-11-19,17.5200,17.5500,17.1000,17.2100,17.2100,824440,0.0000,1.0000
2013-11-18,17.7800,17.8000,17.4250,17.5200,17.5200,416771,0.0000,1.0000
2013-11-15,17.6500,17.7600,17.5500,17.6900,17.6900,434120,0.0000,1.0000
2013-11-14,17.6400,17.7020,17.3600,17.6200,17.6200,260053,0.0000,1.0000
2013-11-13,17.4600,17.7200,17.3400,17.6900,17.6900,415621,0.0000,1.0000
2013-11-12,17.4800,17.6500,17.3400,17.5200,17.5200,311711,0.0000,1.0000
2013-11-11,17.5500,17.7400,17.4600,17.5400,17.5400,351241,0.0000,1.0000
2013-11-08,17.2100,17.6300,17.1700,17.5300,17.5300,608886,0.0000,1.0000
2013-11-07,17.3700,17.4500,17.0800,17.1400,17.1400,366191,0.0000,1.0000
2013-11-06,17.1900,17.2700,16.8300,17.2500,17.2500,426173,0.0000,1.0000
2013-11-05,16.8800,17.1200,16.7400,17.0400,17.0400,244006,0.0000,1.0000
2013-11-04,16.7600,17.0600,16.7200,16.9200,16.9200,245748,0.0000,1.0000
2013-11-01,16.7800,17.0100,16.6600,16.7600,16.7600,856221,0.0000,1.0000
2013-10-31,16.9300,17.0700,16.7900,16.8000,16.8000,263071,0.0000,1.0000
2013-10-30,17.1600,17.1853,16.8500,16.9200,16.9200,478406,0.0000,1.0000
2013-10-29,16.7800,17.1200,16.7400,17.1100,17.1100,415674,0.0000,1.0000
2013-10-28,16.6200,16.7600,16.5200,16.7500,16.7500,405933,0.0000,1.0000
2013-10-25,16.0900,16.6200,16.0200,16.5900,16.5900,611712,0.0000,1.0000
2013-10-24,15.4800,16.0200,15.4500,16.0100,16.0100,505871,0.0000,1.0000
2013-10-23,15.3800,15.5300,15.3120,15.4700,15.4700,312985,0.0000,1.0000
2013-10-22,15.5000,15.5500,15.2700,15.4200,15.4200,641164,0.0000,1.0000
2013-10-21,15.7400,15.7700,15.4300,15.4400,15.4400,448858,0.0000,1.0000
2013-10-18,15.6800,15.8200,15.4100,15.7000,15.7000,569794,0.0000,1.0000
2013-10-17,15.1000,15.5600,15.0050,15.5500,15.5500,1395591,0.0000,1.0000
2013-10-16,16.3900,16.4200,15.0700,15.1900,15.1900,6164099,0.0000,1.0000
2013-10-15,16.5500,16.7900,16.4400,16.6300,16.6300,316295,0.0000,1.0000
2013-10-14,16.7300,16.7900,16.5500,16.6400,16.6400,280145,0.0000,1.0000
2013-10-11,16.2600,16.8500,16.1400,16.8400,16.8400,394893,0.0000,1.0000
2013-10-10,15.9200,16.3300,15.8400,16.3200,16.3200,360588,0.0000,1.0000
2013-10-09,15.5400,16.0200,15.4800,15.7100,15.7100,573511,0.0000,1.0000
2013-10-08,15.4500,15.6400,15.3100,15.4900,15.4900,645999,0.0000,1.0000
2013-10-07,15.5700,15.5700,15.2900,15.4200,15.4200,728254,0.0000,1.0000
2013-10-04,15.7000,15.9400,15.6500,15.6700,15.6700,229800,0.0000,1.0000
2013-10-03,16.0800,16.2399,15.5300,15.7200,15.7200,803761,0.0000,1.0000
2013-10-02,16.1000,16.3299,15.9600,16.0700,16.0700,329199,0.0000,1.0000
2013-10-01,16.1000,16.4700,16.0100,16.2700,16.2700,1282771,0.0000,1.0000
2013-09-30,16.0000,16.1500,15.8200,16.0300,16.0300,387641,0.0000,1.0000
2013-09-27,16.2100,16.4400,16.1900,16.2000,16.2000,174918,0.0000,1.0000
2013-09-26,16.1600,16.3300,16.1000,16.2600,16.2600,230633,0.0000,1.0000
2013-09-25,16.4600,16.4800,16.1500,16.1500,16.1500,374467,0.0000,1.0000
2013-09-24,16.4000,16.5850,16.2500,16.4400,16.4400,985172,0.0000,1.0000
2013-09-23,16.7500,16.7500,16.2600,16.4000,16.4000,380839,0.0000,1.0000
2013-09-20,16.8900,16.9000,16.7100,16.7700,16.7700,392502,0.0000,1.0000
2013-09-19,16.8100,16.9500,16.7500,16.8000,16.8000,281120,0.0000,1.0000
2013-09-18,16.4100,16.7900,16.2500,16.7500,16.7500,1554697,0.0000,1.0000
2013-09-17,16.0500,16.4400,16.0000,16.4100,16.4100,358202,0.0000,1.0000
2013-09-16,16.3100,16.4000,16.0400,16.0700,16.0700,341078,0.0000,1.0000
2013-09-13,16.0000,16.2300,15.8900,16.1500,16.1500,323893,0.0000,1.0000
2013-09-12,15.6200,15.9850,15.6200,15.9100,15.9100,339346,0.0000,1.0000
2013-09-11,15.5700,15.7400,15.5500,15.6600,15.6600,1556858,0.0000,1.0000
2013-09-10,15.5100,15.6700,15.4200,15.6400,15.6400,381093,0.0000,1.0000
2013-09-09,15.3400,15.5000,15.3320,15.4300,15.4300,269875,0.0000,1.0000
2013-09-06,15.5000,15.5900,15.1300,15.3100,15.3100,217143,0.0000,1.0000
2013-09-05,15.4600,15.5200,15.3500,15.4700,15.4700,178422,0.0000,1.0000
2013-09-04,15.5100,15.6800,15.4400,15.4600,15.4600,403811,0.0000,1.0000
2013-09-03,15.2700,15.6800,15.2700,15.5100,15.5100,530154,0.0000,1.0000
2013-08-30,15.0800,15.1500,14.9800,15.0700,15.0700,392100,0.0000,1.0000
2013-08-29,14.8800,15.3100,14.8300,15.1100,15.1100,1534406,0.0000,1.0000
2013-08-28,14.9000,15.0600,14.8101,14.8800,14.8800,450374,0.0000,1.0000
2013-08-27,15.2600,15.3300,14.8100,14.9100,14.9100,758266,0.0000,1.0000
2013-08-26,15.5900,15.7000,15.3250,15.3900,15.3900,408605,0.0000,1.0000
2013-08-23,15.6500,15.7500,15.5100,15.6100,15.6100,196119,0.0000,1.0000
2013-08-22,15.7500,15.9000,15.5700,15.6100,15.6100,227483,0.0000,1.0000
2013-08-21,15.7500,15.8095,15.5500,15.6700,15.6700,230765,0.0000,1.0000
2013-08-20,15.7100,16.0200,15.6200,15.8300,15.8300,455495,0.0000,1.0000
2013-08-19,15.8700,15.9100,15.7100,15.7100,15.7100,302349,0.0000,1.0000
2013-08-16,15.8200,16.0200,15.7400,15.8700,15.8700,488310,0.0000,1.0000
2013-08-15,16.0800,16.1700,15.8400,15.9000,15.9000,359704,0.0000,1.0000
2013-08-14,16.2500,16.3100,16.1100,16.2300,16.2300,277755,0.0000,1.0000
2013-08-13,16.1800,16.2900,15.9800,16.2500,16.2500,375539,0.0000,1.0000
2013-08-12,16.2300,16.2400,15.8200,16.2000,16.2000,1096409,0.0000,1.0000
2013-08-09,16.7500,16.7800,16.3001,16.3900,16.3900,653157,0.0000,1.0000
2013-08-08,16.8600,17.0600,16.7300,16.7500,16.7500,401184,0.0000,1.0000
2013-08-07,17.0000,17.0100,16.5900,16.8000,16.8000,682979,0.0000,1.0000
2013-08-06,17.2500,17.3500,16.9600,17.0000,17.0000,554474,0.0000,1.0000
2013-08-05,17.4700,17.4700,17.0700,17.2500,17.2500,865341,0.0000,1.0000
2013-08-02,17.0900,17.5100,17.0200,17.5000,17.5000,387506,0.0000,1.0000
2013-08-01,17.6700,17.6700,16.8800,17.1400,17.1400,963402,0.0000,1.0000
2013-07-31,17.6300,17.6500,17.3800,17.5100,17.5100,398558,0.0000,1.0000
2013-07-30,17.4900,17.6600,17.4000,17.6300,17.6300,452680,0.0000,1.0000
2013-07-29,17.3900,17.6200,17.3900,17.4600,17.4600,358138,0.0000,1.0000
2013-07-26,17.3100,17.4900,17.2239,17.4900,17.4900,404739,0.0000,1.0000
2013-07-25,17.3000,17.7600,17.1600,17.3500,17.3500,508820,0.0000,1.0000
2013-07-24,16.9900,17.4890,16.9700,17.3100,17.3100,703332,0.0000,1.0000
2013-07-23,16.9100,16.9500,16.7327,16.8900,16.8900,285467,0.0000,1.0000
2013-07-22,16.9900,17.1600,16.8800,16.9000,16.9000,144538,0.0000,1.0000
2013-07-19,17.1800,17.1800,16.9000,17.0100,17.0100,272706,0.0000,1.0000
2013-07-18,16.9600,17.2400,16.8700,17.1700,17.1700,290442,0.0000,1.0000
2013-07-17,16.9200,17.0000,16.6700,16.9600,16.9600,797626,0.0000,1.0000
2013-07-16,17.0000,17.0600,16.7300,16.8500,16.8500,451403,0.0000,1.0000
2013-07-15,17.0800,17.1500,16.8800,17.0000,17.0000,347397,0.0000,1.0000
2013-07-12,16.8400,17.0900,16.7300,17.0100,17.0100,751957,0.0000,1.0000
2013-07-11,16.9600,17.0820,16.7500,16.8000,16.8000,733394,0.0000,1.0000
2013-07-10,16.7000,16.8100,16.1600,16.7500,16.7500,664483,0.0000,1.0000
2013-07-09,17.0400,17.2500,16.6020,16.7900,16.7900,918003,0.0000,1.0000
2013-07-08,17.1900,17.4800,16.7350,16.8800,16.8800,833701,0.0000,1.0000
2013-07-05,16.8500,17.1000,16.7700,17.0900,17.0900,314903,0.0000,1.0000
2013-07-03,16.7500,16.8400,16.4700,16.6800,16.6800,214214,0.0000,1.0000
2013-07-02,16.9800,17.2200,16.6800,16.7900,16.7900,1952003,0.0000,1.0000
2013-07-01,16.3000,17.0800,16.3000,16.9600,16.9600,930216,0.0000,1.0000
2013-06-28,16.4400,16.7200,16.1700,16.2600,16.2600,1536441,0.0000,1.0000
2013-06-27,16.1700,16.6200,16.1000,16.5200,16.5200,627916,0.0000,1.0000
2013-06-26,15.9000,16.1500,15.8700,16.1000,16.1000,555403,0.0000,1.0000
2013-06-25,15.7800,15.8800,15.6500,15.7500,15.7500,543806,0.0000,1.0000
2013-06-24,16.1000,16.2000,15.3400,15.5800,15.5800,1380398,0.0000,1.0000
2013-06-21,16.2500,16.3800,15.9400,16.3000,16.3000,1004261,0.0000,1.0000
2013-06-20,16.3600,16.4400,16.1400,16.2200,16.2200,841057,0.0000,1.0000
2013-06-19,16.6000,16.8500,16.5100,16.6000,16.6000,2189186,0.0000,1.0000
2013-06-18,16.0900,16.9100,16.0200,16.5600,16.5600,1969802,0.0000,1.0000
2013-06-17,15.5400,16.0000,15.4900,15.9600,15.9600,996431,0.0000,1.0000
2013-06-14,15.4700,15.5200,15.1500,15.2900,15.2900,785893,0.0000,1.0000
2013-06-13,15.2900,15.6100,15.2000,15.4600,15.4600,998937,0.0000,1.0000
2013-06-12,15.2900,15.4864,14.9200,15.2900,15.2900,809682,0.0000,1.0000
2013-06-11,14.7000,15.3500,14.5000,15.1500,15.1500,1314405,0.0000,1.0000
2013-06-10,14.4500,15.1200,14.3000,14.7600,14.7600,1380109,0.0000,1.0000
2013-06-07,13.8700,14.4300,13.7800,14.3700,14.3700,1030358,0.0000,1.0000
2013-06-06,13.5900,13.7800,13.4900,13.7400,13.7400,729566,0.0000,1.0000
2013-06-05,13.4000,13.6600,13.4000,13.4800,13.4800,761602,0.0000,1.0000
2013-06-04,13.6500,13.7700,13.4700,13.4700,13.4700,820046,0.0000,1.0000
2013-06-03,13.6800,13.8000,13.5400,13.6400,13.6400,934038,0.0000,1.0000
2013-05-31,13.7800,13.8600,13.6800,13.6800,13.6800,591033,0.0000,1.0000
2013-05-30,13.8300,13.9800,13.8100,13.8900,13.8900,570583,0.0000,1.0000
2013-05-29,13.7700,13.9200,13.6100,13.8300,13.8300,748236,0.0000,1.0000
2013-05-28,13.9100,13.9600,13.7900,13.8500,13.8500,743856,0.0000,1.0000
2013-05-24,13.6800,13.7800,13.5470,13.7400,13.7400,276711,0.0000,1.0000
2013-05-23,13.5200,13.8100,13.4000,13.7300,13.7300,375905,0.0000,1.0000
2013-05-22,13.8000,13.8700,13.5800,13.6700,13.6700,634769,0.0000,1.0000
2013-05-21,13.8500,13.9300,13.7100,13.8100,13.8100,477308,0.0000,1.0000
2013-05-20,13.8300,13.9300,13.7800,13.8400,13.8400,939764,0.0000,1.0000
2013-05-17,13.8000,13.8900,13.6800,13.8600,13.8600,712519,0.0000,1.0000
2013-05-16,13.8400,13.8500,13.7600,13.7900,13.7900,781486,0.0000,1.0000
2013-05-15,13.8200,13.9500,13.8100,13.8700,13.8700,485105,0.0000,1.0000
2013-05-14,13.7900,13.9700,13.7600,13.8900,13.8900,1385968,0.0000,1.0000
2013-05-13,13.8600,13.8900,13.6900,13.8100,13.8100,335724,0.0000,1.0000
2013-05-10,13.7300,13.9000,13.6900,13.8700,13.8700,370477,0.0000,1.0000
2013-05-09,13.8000,13.8300,13.5400,13.6900,13.6900,673119,0.0000,1.0000
2013-05-08,13.7000,13.8200,13.6300,13.7900,13.7900,539938,0.0000,1.0000
2013-05-07,13.5600,13.7100,13.4400,13.6900,13.6900,615277,0.0000,1.0000
2013-05-06,13.4400,13.6700,13.3900,13.5000,13.5000,575107,0.0000,1.0000
2013-05-03,13.4500,13.6100,13.4100,13.4700,13.4700,468921,0.0000,1.0000
2013-05-02,13.0100,13.3500,12.9600,13.3200,13.3200,844502,0.0000,1.0000
2013-05-01,13.0100,13.0700,12.8700,12.9400,12.9400,607914,0.0000,1.0000
2013-04-30,12.9700,13.0900,12.8310,13.0700,13.0700,399327,0.0000,1.0000
2013-04-29,13.1100,13.1700,13.0000,13.0100,13.0100,710669,0.0000,1.0000
2013-04-26,13.1500,13.2200,12.9500,13.0600,13.0600,753924,0.0000,1.0000
2013-04-25,13.1500,13.3600,13.0300,13.1500,13.1500,669505,0.0000,1.0000
2013-04-24,12.7700,13.2500,12.7700,13.1200,13.1200,1140591,0.0000,1.0000
2013-04-23,12.5100,12.8800,12.5100,12.7600,12.7600,495784,0.0000,1.0000
2013-04-22,12.4300,12.4500,12.1500,12.4000,12.4000,759676,0.0000,1.0000
2013-04-19,12.2000,12.4500,12.1200,12.4300,12.4300,517115,0.0000,1.0000
2013-04-18,12.3200,12.3400,12.0550,12.1900,12.1900,896373,0.0000,1.0000
2013-04-17,12.4800,12.4800,12.1200,12.3500,12.3500,1684817,0.0000,1.0000
2013-04-16,12.6900,12.7300,12.4750,12.5900,12.5900,770674,0.0000,1.0000
2013-04-15,12.9000,12.9400,12.3400,12.5700,12.5700,1370130,0.0000,1.0000
2013-04-12,13.1600,13.2100,12.9400,12.9700,12.9700,733977,0.0000,1.0000
2013-04-11,13.2900,13.4300,13.1700,13.2300,13.2300,714222,0.0000,1.0000
2013-04-10,13.2900,13.5500,13.0500,13.3400,13.3400,1391455,0.0000,1.0000
2013-04-09,13.4900,13.5300,13.0500,13.2300,13.2300,1339019,0.0000,1.0000
2013-04-08,13.5800,13.7200,13.4200,13.5600,13.5600,1131094,0.0000,1.0000
2013-04-05,13.2000,13.8300,13.2000,13.6900,13.6900,1351387,0.0000,1.0000
2013-04-04,13.7200,13.8700,13.6600,13.8300,13.8300,682147,0.0000,1.0000
2013-04-03,13.7700,13.8000,13.4600,13.6900,13.6900,1035497,0.0000,1.0000
2013-04-02,13.6400,13.6900,13.3800,13.6800,13.6800,2157686,0.0000,1.0000
2013-04-01,13.6500,13.6500,13.2300,13.5000,13.5000,1334669,0.0000,1.0000
2013-03-28,13.4400,13.4400,13.2200,13.3000,13.3000,627032,0.0000,1.0000
2013-03-27,13.2200,13.4100,13.0300,13.3600,13.3600,616658,0.0000,1.0000
2013-03-26,13.4900,13.5600,13.0700,13.3500,13.3500,1172448,0.0000,1.0000
2013-03-25,13.5800,13.8100,13.2700,13.3800,13.3800,1979356,0.0000,1.0000
2013-03-22,13.4100,13.7500,13.3900,13.5700,13.5700,949790,0.0000,1.0000
2013-03-21,13.1100,13.6000,12.9700,13.4000,13.4000,2107350,0.0000,1.0000
2013-03-20,12.7600,13.0999,12.6600,12.8900,12.8900,820666,0.0000,1.0000
2013-03-19,12.8100,12.8400,12.4100,12.6500,12.6500,540682,0.0000,1.0000
2013-03-18,12.7000,12.8800,12.6400,12.7400,12.7400,585516,0.0000,1.0000
2013-03-15,12.7900,12.9800,12.7000,12.7900,12.7900,824037,0.0000,1.0000
2013-03-14,12.6300,12.8001,12.5100,12.8000,12.8000,566313,0.0000,1.0000
2013-03-13,12.4000,12.6400,12.3901,12.5700,12.5700,316693,0.0000,1.0000
2013-03-12,12.6600,12.6600,12.3700,12.4200,12.4200,537461,0.0000,1.0000
2013-03-11,12.6800,12.7400,12.5300,12.6800,12.6800,377869,0.0000,1.0000
2013-03-08,12.6500,12.7300,12.4516,12.6800,12.6800,621167,0.0000,1.0000
2013-03-07,12.4800,12.6300,12.3600,12.6100,12.6100,404352,0.0000,1.0000
2013-03-06,12.5100,12.6000,12.3400,12.5000,12.5000,268272,0.0000,1.0000
2013-03-05,12.3100,12.5000,12.1600,12.4500,12.4500,662738,0.0000,1.0000
2013-03-04,12.2900,12.3800,12.0300,12.2200,12.2200,441194,0.0000,1.0000
2013-03-01,11.9600,12.4000,11.8200,12.2900,12.2900,598190,0.0000,1.0000
2013-02-28,12.1400,12.3000,11.9300,12.0500,12.0500,1489385,0.0000,1.0000
2013-02-27,11.6500,12.3600,11.6500,12.1400,12.1400,818402,0.0000,1.0000
2013-02-26,11.4600,11.7800,11.3800,11.6500,11.6500,1326229,0.0000,1.0000
2013-02-25,11.7200,11.8845,11.3800,11.3800,11.3800,817334,0.0000,1.0000
2013-02-22,11.5800,11.7400,11.5300,11.6600,11.6600,872995,0.0000,1.0000
2013-02-21,11.7600,11.8300,11.3300,11.4800,11.4800,1142658,0.0000,1.0000
2013-02-20,11.6700,11.8800,11.6300,11.7900,11.7900,1171743,0.0000,1.0000
2013-02-19,11.7200,11.8100,11.6000,11.6600,11.6600,735772,0.0000,1.0000
2013-02-15,11.8500,11.9600,11.6600,11.7300,11.7300,800682,0.0000,1.0000
2013-02-14,11.7000,11.9600,11.6316,11.8700,11.8700,810488,0.0000,1.0000
2013-02-13,11.4900,11.8400,11.4100,11.7000,11.7000,1223361,0.0000,1.0000
2013-02-12,11.3900,11.6600,11.1700,11.4000,11.4000,1543656,0.0000,1.0000
2013-02-11,10.6600,10.7900,10.5000,10.7600,10.7600,527077,0.0000,1.0000
2013-02-08,10.5900,10.7890,10.5600,10.6900,10.6900,492112,0.0000,1.0000
2013-02-07,10.6100,10.7200,10.3800,10.5700,10.5700,501605,0.0000,1.0000
2013-02-06,10.3500,10.6400,10.3500,10.5800,10.5800,747968,0.0000,1.0000
2013-02-05,10.3200,10.6500,10.2700,10.3700,10.3700,659177,0.0000,1.0000
2013-02-04,10.4600,10.5800,10.2200,10.2400,10.2400,612018,0.0000,1.0000
2013-02-01,10.8000,10.8300,10.4650,10.5000,10.5000,1148850,0.0000,1.0000
2013-01-31,10.7900,10.9200,10.7200,10.7300,10.7300,554855,0.0000,1.0000
2013-01-30,10.9600,10.9900,10.7700,10.7800,10.7800,730783,0.0000,1.0000
2013-01-29,10.7400,11.0600,10.5200,10.9900,10.9900,909987,0.0000,1.0000
2013-01-28,11.2300,11.3100,10.6500,10.7400,10.7400,1819290,0.0000,1.0000
2013-01-25,11.3600,11.3600,11.1500,11.2700,11.2700,681009,0.0000,1.0000
2013-01-24,11.1700,11.4600,11.1000,11.3200,11.3200,1530296,0.0000,1.0000
2013-01-23,11.3000,11.4800,10.9100,11.2000,11.2000,4914502,0.0000,1.0000
2013-01-22,10.5300,11.5800,10.5100,11.3000,11.3000,3282400,0.0000,1.0000
2013-01-18,10.0300,10.5400,9.9900,10.5100,10.5100,2178095,0.0000,1.0000
2013-01-17,10.0200,10.0700,9.9600,10.0400,10.0400,1434681,0.0000,1.0000
2013-01-16,9.7600,9.9900,9.7300,9.9800,9.9800,965041,0.0000,1.0000
2013-01-15,9.7000,9.8500,9.6900,9.8100,9.8100,572495,0.0000,1.0000
2013-01-14,9.9400,10.0100,9.5900,9.7500,9.7500,575706,0.0000,1.0000
2013-01-11,10.0200,10.0300,9.9000,9.9400,9.9400,640214,0.0000,1.0000
2013-01-10,9.9100,10.0800,9.8500,10.0000,10.0000,1087156,0.0000,1.0000
2013-01-09,10.0500,10.0700,9.6900,9.9000,9.9000,1631630,0.0000,1.0000
2013-01-08,9.6200,9.7800,9.5800,9.7600,9.7600,491622,0.0000,1.0000
2013-01-07,9.6200,9.6500,9.5000,9.6000,9.6000,501057,0.0000,1.0000
2013-01-04,9.6900,9.7500,9.5300,9.6800,9.6800,566982,0.0000,1.0000
2013-01-03,9.4800,9.7400,9.3600,9.6500,9.6500,1152744,0.0000,1.0000
2013-01-02,9.4300,9.5200,9.2500,9.4900,9.4900,779171,0.0000,1.0000
2012-12-31,8.9400,9.1900,8.9400,9.1500,9.1500,420810,0.0000,1.0000
2012-12-28,8.9600,9.1000,8.9100,8.9900,8.9900,407420,0.0000,1.0000
2012-12-27,8.9400,9.0600,8.7700,9.0300,9.0300,525476,0.0000,1.0000
2012-12-26,9.0500,9.0600,8.8900,8.9500,8.9500,283004,0.0000,1.0000
2012-12-24,9.0500,9.1700,8.9700,9.0300,9.0300,219671,0.0000,1.0000
2012-12-21,9.0500,9.1900,8.9650,9.0000,9.0000,1000727,0.0000,1.0000
2012-12-20,9.2700,9.2900,9.0500,9.2200,9.2200,2054974,0.0000,1.0000
2012-12-19,9.1700,9.3200,9.0300,9.2400,9.2400,1830007,0.0000,1.0000
2012-12-18,9.0600,9.1900,9.0200,9.1500,9.1500,811134,0.0000,1.0000
2012-12-17,8.8100,9.0700,8.7300,9.0500,9.0500,473881,0.0000,1.0000
2012-12-14,8.7500,8.8800,8.7000,8.7300,8.7300,295548,0.0000,1.0000
2012-12-13,8.8500,8.9050,8.7500,8.7700,8.7700,354550,0.0000,1.0000
2012-12-12,9.1000,9.1600,8.8500,8.8500,8.8500,349462,0.0000,1.0000
2012-12-11,9.0700,9.1000,8.9200,9.0900,9.0900,255707,0.0000,1.0000
2012-12-10,8.9600,9.0400,8.8300,9.0100,9.0100,284762,0.0000,1.0000
2012-12-07,8.9700,8.9900,8.8600,8.9600,8.9600,180161,0.0000,1.0000
2012-12-06,9.1100,9.1100,8.8400,8.9000,8.9000,262446,0.0000,1.0000
2012-12-05,9.0900,9.1530,9.0100,9.0100,9.0100,206403,0.0000,1.0000
2012-12-04,9.0700,9.2500,8.9900,9.0800,9.0800,223909,0.0000,1.0000
2012-12-03,9.2100,9.3000,9.0000,9.0400,9.0400,416615,0.0000,1.0000
2012-11-30,9.1400,9.2700,9.1200,9.2000,9.2000,533810,0.0000,1.0000
2012-11-29,9.1000,9.1500,8.9800,9.1000,9.1000,899448,0.0000,1.0000
2012-11-28,8.8500,9.0900,8.7500,9.0400,9.0400,737831,0.0000,1.0000
2012-11-27,8.6100,8.9300,8.5300,8.9200,8.9200,355402,0.0000,1.0000
2012-11-26,8.4400,8.6500,8.4400,8.6000,8.6000,535726,0.0000,1.0000
2012-11-23,8.4700,8.5800,8.3600,8.4700,8.4700,260288,0.0000,1.0000
2012-11-21,8.3700,8.5100,8.3600,8.4200,8.4200,650745,0.0000,1.0000
2012-11-20,8.3100,8.3500,8.2500,8.3300,8.3300,598989,0.0000,1.0000
2012-11-19,8.2700,8.4200,8.2401,8.3400,8.3400,345058,0.0000,1.0000
2012-11-16,8.1700,8.2482,8.0500,8.1500,8.1500,343737,0.0000,1.0000
2012-11-15,8.2500,8.4000,8.0800,8.2000,8.2000,300444,0.0000,1.0000
2012-11-14,8.6800,8.7000,8.1800,8.2200,8.2200,531710,0.0000,1.0000
2012-11-13,8.6000,8.7700,8.6000,8.6500,8.6500,379670,0.0000,1.0000
2012-11-12,8.7100,8.8000,8.5200,8.6800,8.6800,451523,0.0000,1.0000
2012-11-09,8.6900,8.8500,8.6000,8.7000,8.7000,261175,0.0000,1.0000
2012-11-08,8.9500,9.0400,8.7500,8.7500,8.7500,514005,0.0000,1.0000
2012-11-07,9.0100,9.1400,8.8800,8.9600,8.9600,506437,0.0000,1.0000
2012-11-06,8.9400,9.2100,8.9000,9.1600,9.1600,457694,0.0000,1.0000
2012-11-05,8.7700,9.0000,8.6800,8.8400,8.8400,660386,0.0000,1.0000
2012-11-02,8.9600,9.0100,8.6200,8.7700,8.7700,513829,0.0000,1.0000
2012-11-01,8.8100,9.1400,8.7900,8.9800,8.9800,419536,0.0000,1.0000
2012-10-31,8.7800,8.9400,8.6900,8.8200,8.8200,157533,0.0000,1.0000
2012-10-26,8.7400,8.8300,8.5700,8.7500,8.7500,156478,0.0000,1.0000
2012-10-25,8.9500,8.9500,8.6700,8.7300,8.7300,240062,0.0000,1.0000
2012-10-24,8.9200,8.9700,8.7700,8.8700,8.8700,233339,0.0000,1.0000
2012-10-23,8.8000,8.9200,8.6300,8.8500,8.8500,555355,0.0000,1.0000
2012-10-22,9.1500,9.1500,8.7900,8.9000,8.9000,384825,0.0000,1.0000
2012-10-19,9.1700,9.1900,8.9200,9.0500,9.0500,476066,0.0000,1.0000
2012-10-18,9.3500,9.3900,9.1600,9.1700,9.1700,181196,0.0000,1.0000
2012-10-17,9.2800,9.4200,9.2280,9.3500,9.3500,342198,0.0000,1.0000
2012-10-16,9.3200,9.4000,9.1400,9.2400,9.2400,351455,0.0000,1.0000
2012-10-15,9.3300,9.3500,9.1000,9.2400,9.2400,424264,0.0000,1.0000
2012-10-12,9.4100,9.4100,9.0700,9.2700,9.2700,501810,0.0000,1.0000
2012-10-11,9.7500,9.8400,9.2700,9.3900,9.3900,859045,0.0000,1.0000
2012-10-10,9.6700,9.8500,9.6000,9.8300,9.8300,389261,0.0000,1.0000
2012-10-09,9.9100,9.9600,9.6300,9.6800,9.6800,398147,0.0000,1.0000
2012-10-08,9.9300,9.9500,9.8200,9.8900,9.8900,276350,0.0000,1.0000
2012-10-05,10.0100,10.3800,9.9000,9.9600,9.9600,710385,0.0000,1.0000
2012-10-04,10.2500,10.2500,9.8700,9.9900,9.9900,358607,0.0000,1.0000
2012-10-03,10.0800,10.2800,10.0200,10.1900,10.1900,841822,0.0000,1.0000
2012-10-02,9.8400,10.0600,9.7900,10.0400,10.0400,486724,0.0000,1.0000
2012-10-01,9.5400,9.9100,9.5300,9.8100,9.8100,732153,0.0000,1.0000
2012-09-28,9.6600,9.6708,9.4460,9.4900,9.4900,291691,0.0000,1.0000
2012-09-27,9.5500,9.7900,9.4900,9.7400,9.7400,373473,0.0000,1.0000
2012-09-26,9.6400,9.7000,9.4600,9.4900,9.4900,363256,0.0000,1.0000
2012-09-25,9.9500,10.0500,9.5200,9.5900,9.5900,646999,0.0000,1.0000
2012-09-24,10.0500,10.0900,9.8100,9.8800,9.8800,311961,0.0000,1.0000
2012-09-21,10.1800,10.2800,10.0700,10.1000,10.1000,680753,0.0000,1.0000
2012-09-20,10.1200,10.1700,9.9500,10.1200,10.1200,288745,0.0000,1.0000
2012-09-19,9.8700,10.2000,9.8540,10.1700,10.1700,498914,0.0000,1.0000
2012-09-18,9.9000,9.9200,9.7800,9.8700,9.8700,387313,0.0000,1.0000
2012-09-17,9.8800,10.0100,9.8000,9.9100,9.9100,536373,0.0000,1.0000
2012-09-14,10.0300,10.2680,9.9300,9.9700,9.9700,960876,0.0000,1.0000
2012-09-13,9.9100,10.2300,9.7800,10.0300,10.0300,637226,0.0000,1.0000
2012-09-12,9.8200,9.9400,9.7100,9.9400,9.9400,411907,0.0000,1.0000
2012-09-11,9.8200,9.9100,9.7400,9.8100,9.8100,779517,0.0000,1.0000
2012-09-10,9.8300,9.9601,9.6200,9.7900,9.7900,845603,0.0000,1.0000
2012-09-07,9.8700,9.9900,9.6900,9.8700,9.8700,529255,0.0000,1.0000
2012-09-06,9.7100,9.9790,9.6700,9.8400,9.8400,1316804,0.0000,1.0000
2012-09-05,9.3300,9.6500,9.3218,9.6100,9.6100,823507,0.0000,1.0000
2012-09-04,9.1100,9.4400,9.0500,9.3100,9.3100,596138,0.0000,1.0000
2012-08-31,9.1800,9.2500,9.0000,9.1300,9.1300,540526,0.0000,1.0000
2012-08-30,9.1000,9.2000,9.0213,9.1200,9.1200,417545,0.0000,1.0000
2012-08-29,9.0000,9.2400,8.9600,9.1100,9.1100,655626,0.0000,1.0000
2012-08-28,8.9800,9.0400,8.9100,9.0000,9.0000,518499,0.0000,1.0000
2012-08-27,8.9300,9.0000,8.7500,8.9500,8.9500,278913,0.0000,1.0000
2012-08-24,8.5200,8.9400,8.5200,8.8900,8.8900,464573,0.0000,1.0000
2012-08-23,8.7500,8.8100,8.4100,8.5200,8.5200,335331,0.0000,1.0000
2012-08-22,8.6900,8.8300,8.6400,8.7500,8.7500,193307,0.0000,1.0000
2012-08-21,8.8200,8.9700,8.6400,8.7500,8.7500,503540,0.0000,1.0000
2012-08-20,8.7000,8.7600,8.6510,8.7600,8.7600,294804,0.0000,1.0000
2012-08-17,8.8100,8.9000,8.6800,8.7000,8.7000,1510523,0.0000,1.0000
2012-08-16,8.7900,8.9200,8.7100,8.8500,8.8500,428738,0.0000,1.0000
2012-08-15,8.6500,8.8500,8.6500,8.8000,8.8000,319228,0.0000,1.0000
2012-08-14,8.6200,8.9000,8.5500,8.6900,8.6900,1062437,0.0000,1.0000
2012-08-13,8.1500,8.6200,8.1300,8.5800,8.5800,1177336,0.0000,1.0000
2012-08-10,8.1100,8.2390,8.1100,8.1800,8.1800,312166,0.0000,1.0000
2012-08-09,8.2000,8.2600,8.1000,8.1700,8.1700,231857,0.0000,1.0000
2012-08-08,8.1300,8.2400,8.0300,8.1700,8.1700,244585,0.0000,1.0000
2012-08-07,8.0400,8.2100,7.9600,8.1500,8.1500,288296,0.0000,1.0000
2012-08-06,8.1900,8.2400,7.8700,7.9700,7.9700,580496,0.0000,1.0000
2012-08-03,8.0600,8.2200,7.9900,8.1400,8.1400,486299,0.0000,1.0000
2012-08-02,7.9800,8.1600,7.8200,7.8700,7.8700,618030,0.0000,1.0000
2012-08-01,8.4500,8.5000,7.9300,8.0400,8.0400,998531,0.0000,1.0000
2012-07-31,8.3300,8.5600,8.3000,8.4500,8.4500,963819,0.0000,1.0000
2012-07-30,8.3700,8.4900,8.3300,8.3800,8.3800,440734,0.0000,1.0000
2012-07-27,8.1500,8.3800,8.1200,8.3400,8.3400,1526795,0.0000,1.0000
2012-07-26,8.2000,8.2500,8.0300,8.1300,8.1300,614290,0.0000,1.0000
2012-07-25,7.8800,8.2500,7.8800,8.1100,8.1100,1695008,0.0000,1.0000
2012-07-24,7.5700,7.8600,7.4700,7.8500,7.8500,1744937,0.0000,1.0000
2012-07-23,7.0700,7.8200,6.8300,7.5800,7.5800,2622427,0.0000,1.0000
2012-07-20,6.6100,6.8500,6.5500,6.7500,6.7500,254360,0.0000,1.0000
2012-07-19,6.7300,6.8600,6.6400,6.6900,6.6900,295905,0.0000,1.0000
2012-07-18,6.6500,6.8200,6.6400,6.7300,6.7300,215099,0.0000,1.0000
2012-07-17,6.7200,6.7800,6.6200,6.6900,6.6900,321785,0.0000,1.0000
2012-07-16,6.6800,6.9400,6.5300,6.7000,6.7000,317241,0.0000,1.0000
2012-07-13,6.5300,6.7800,6.4600,6.7100,6.7100,162559,0.0000,1.0000
2012-07-12,6.4900,6.5900,6.3900,6.5100,6.5100,232078,0.0000,1.0000
2012-07-11,6.5900,6.6600,6.4700,6.5400,6.5400,141914,0.0000,1.0000
2012-07-10,6.6000,6.7500,6.5312,6.5800,6.5800,103572,0.0000,1.0000
2012-07-09,6.5200,6.5800,6.4500,6.5700,6.5700,235056,0.0000,1.0000
2012-07-06,6.5600,6.5700,6.4600,6.5000,6.5000,202584,0.0000,1.0000
2012-07-05,6.7000,6.8799,6.6250,6.6500,6.6500,304298,0.0000,1.0000
2012-07-03,6.5400,6.8500,6.5200,6.7300,6.7300,216480,0.0000,1.0000
2012-07-02,6.5000,6.5700,6.2400,6.5700,6.5700,309498,0.0000,1.0000
2012-06-29,6.0050,6.6600,6.0050,6.5100,6.5100,502922,0.0000,1.0000
2012-06-28,6.0300,6.0600,5.8300,6.0100,6.0100,199419,0.0000,1.0000
2012-06-27,5.9800,6.1300,5.9100,6.1300,6.1300,186148,0.0000,1.0000
2012-06-26,6.0000,6.0300,5.8210,5.9500,5.9500,99910,0.0000,1.0000
2012-06-25,5.9700,6.0800,5.9000,6.0000,6.0000,111179,0.0000,1.0000
2012-06-22,5.9700,6.1000,5.9000,6.1000,6.1000,452542,0.0000,1.0000
2012-06-21,6.1100,6.1100,5.8200,5.9300,5.9300,154641,0.0000,1.0000
2012-06-20,6.2000,6.2300,6.0400,6.1400,6.1400,131149,0.0000,1.0000
2012-06-19,5.9400,6.3450,5.9400,6.2100,6.2100,276632,0.0000,1.0000
2012-06-18,5.8400,6.0105,5.8200,5.9100,5.9100,147482,0.0000,1.0000
2012-06-15,6.0300,6.0500,5.8400,5.8800,5.8800,369018,0.0000,1.0000
2012-06-14,5.9100,6.0900,5.9100,6.0600,6.0600,216267,0.0000,1.0000
2012-06-13,6.0000,6.1000,5.8800,5.9000,5.9000,130933,0.0000,1.0000
2012-06-12,6.0600,6.0800,5.9400,6.0200,6.0200,188417,0.0000,1.0000
2012-06-11,6.1700,6.2000,6.0000,6.0100,6.0100,285025,0.0000,1.0000
2012-06-08,6.0000,6.1200,5.9000,6.0900,6.0900,147364,0.0000,1.0000
2012-06-07,6.0900,6.1500,5.9400,5.9500,5.9500,180744,0.0000,1.0000
2012-06-06,5.9300,6.0100,5.8906,6.0100,6.0100,198702,0.0000,1.0000
2012-06-05,5.7300,5.8900,5.7000,5.8600,5.8600,66579,0.0000,1.0000
2012-06-04,5.8200,5.8800,5.7000,5.7900,5.7900,54690,0.0000,1.0000
2012-06-01,5.9900,6.0300,5.7500,5.8000,5.8000,348658,0.0000,1.0000
2012-05-31,6.0900,6.2500,5.9500,6.1200,6.1200,327806,0.0000,1.0000
2012-05-30,6.0300,6.0900,5.9600,6.0700,6.0700,218854,0.0000,1.0000
2012-05-29,6.1800,6.1900,6.0200,6.1200,6.1200,108139,0.0000,1.0000
2012-05-25,6.1500,6.1900,6.0400,6.0900,6.0900,117162,0.0000,1.0000
2012-05-24,6.2000,6.2601,6.0400,6.1700,6.1700,107246,0.0000,1.0000
2012-05-23,5.9500,6.2300,5.8500,6.2000,6.2000,220502,0.0000,1.0000
2012-05-22,6.0400,6.1100,5.9700,6.0300,6.0300,275950,0.0000,1.0000
2012-05-21,6.0700,6.1620,6.0199,6.0500,6.0500,358673,0.0000,1.0000
2012-05-18,6.1600,6.2700,5.9410,6.0200,6.0200,430058,0.0000,1.0000
2012-05-17,6.4600,6.5500,6.1100,6.1600,6.1600,330887,0.0000,1.0000
2012-05-16,6.6200,6.6601,6.4600,6.4600,6.4600,295763,0.0000,1.0000
2012-05-15,6.6100,6.6794,6.5400,6.6200,6.6200,168501,0.0000,1.0000
2012-05-14,6.5700,6.7700,6.5100,6.6300,6.6300,228445,0.0000,1.0000
2012-05-11,6.6800,6.7650,6.6200,6.6600,6.6600,180849,0.0000,1.0000
2012-05-10,6.9400,6.9400,6.7100,6.7600,6.7600,282317,0.0000,1.0000
2012-05-09,6.6900,6.9600,6.6900,6.8600,6.8600,418495,0.0000,1.0000
2012-05-08,6.6900,6.8100,6.6600,6.7900,6.7900,131028,0.0000,1.0000
2012-05-07,6.6500,6.7700,6.5900,6.7600,6.7600,151561,0.0000,1.0000
2012-05-04,6.8400,6.8400,6.6200,6.6900,6.6900,195665,0.0000,1.0000
2012-05-03,6.9000,6.9100,6.7800,6.8700,6.8700,143574,0.0000,1.0000
2012-05-02,6.8100,6.9500,6.8100,6.9200,6.9200,126301,0.0000,1.0000
2012-05-01,6.8500,7.1100,6.8200,6.8800,6.8800,422715,0.0000,1.0000
2012-04-30,6.9400,6.9400,6.7175,6.8700,6.8700,264213,0.0000,1.0000
2012-04-27,6.8200,7.0000,6.6700,6.9700,6.9700,253801,0.0000,1.0000
2012-04-26,6.8200,6.8600,6.7400,6.8200,6.8200,120639,0.0000,1.0000
2012-04-25,6.9800,6.9900,6.8000,6.8500,6.8500,275254,0.0000,1.0000
2012-04-24,6.6100,6.9300,6.5700,6.8500,6.8500,385935,0.0000,1.0000
2012-04-23,6.6800,6.7300,6.4400,6.6000,6.6000,311675,0.0000,1.0000
2012-04-20,6.7500,7.0000,6.7500,6.8100,6.8100,240404,0.0000,1.0000
2012-04-19,6.8500,6.9080,6.6400,6.6900,6.6900,176015,0.0000,1.0000
2012-04-18,6.8900,6.9500,6.8000,6.8500,6.8500,115175,0.0000,1.0000
2012-04-17,6.8700,7.0100,6.8700,6.9600,6.9600,203477,0.0000,1.0000
2012-04-16,6.7500,6.9400,6.6400,6.8200,6.8200,172456,0.0000,1.0000
2012-04-13,6.8100,6.8400,6.5900,6.7200,6.7200,228389,0.0000,1.0000
2012-04-12,6.7100,6.9000,6.7100,6.8600,6.8600,332589,0.0000,1.0000
2012-04-11,6.7000,6.7600,6.6000,6.7300,6.7300,308151,0.0000,1.0000
2012-04-10,6.7700,6.8399,6.5900,6.6100,6.6100,337918,0.0000,1.0000
2012-04-09,6.8600,6.9200,6.7800,6.8000,6.8000,272602,0.0000,1.0000
2012-04-05,6.7900,7.0700,6.7800,7.0200,7.0200,274724,0.0000,1.0000
2012-04-04,6.9700,7.0500,6.8000,6.8400,6.8400,347945,0.0000,1.0000
2012-04-03,7.0500,7.1700,6.9700,7.0700,7.0700,396546,0.0000,1.0000
2012-04-02,7.1100,7.2700,7.0300,7.1000,7.1000,511927,0.0000,1.0000
2012-03-30,7.0000,7.1800,6.9200,7.1000,7.1000,377306,0.0000,1.0000
2012-03-29,6.7600,6.9800,6.7100,6.9500,6.9500,318902,0.0000,1.0000
2012-03-28,6.7500,6.8300,6.6800,6.8200,6.8200,157055,0.0000,1.0000
2012-03-27,6.8200,6.8800,6.6995,6.7600,6.7600,340456,0.0000,1.0000
2012-03-26,6.5900,6.9700,6.5200,6.8400,6.8400,1120139,0.0000,1.0000
2012-03-23,6.3200,6.5300,6.2600,6.5300,6.5300,359477,0.0000,1.0000
2012-03-22,6.4000,6.5200,6.3100,6.3400,6.3400,690106,0.0000,1.0000
2012-03-21,6.4600,6.5300,6.3500,6.5000,6.5000,196857,0.0000,1.0000
2012-03-20,6.4900,6.5100,6.3800,6.4500,6.4500,245817,0.0000,1.0000
2012-03-19,6.3400,6.6100,6.2800,6.5600,6.5600,215221,0.0000,1.0000
2012-03-16,6.4700,6.4700,6.2900,6.3500,6.3500,536035,0.0000,1.0000
2012-03-15,6.3400,6.5100,6.2808,6.4800,6.4800,294347,0.0000,1.0000
2012-03-14,6.3300,6.4000,6.2680,6.3400,6.3400,183533,0.0000,1.0000
2012-03-13,6.2700,6.3600,6.2000,6.3500,6.3500,307316,0.0000,1.0000
2012-03-12,6.1300,6.2300,6.0700,6.2100,6.2100,208924,0.0000,1.0000
2012-03-09,5.9800,6.2600,5.9400,6.1500,6.1500,700325,0.0000,1.0000
2012-03-08,6.0000,6.0300,5.9100,5.9900,5.9900,306675,0.0000,1.0000
2012-03-07,5.8500,5.9900,5.7500,5.9600,5.9600,928497,0.0000,1.0000
2012-03-06,5.8900,6.0200,5.8000,5.8200,5.8200,450281,0.0000,1.0000
2012-03-05,5.7700,6.0050,5.7606,5.9800,5.9800,320292,0.0000,1.0000
2012-03-02,5.9000,6.0000,5.7800,5.8000,5.8000,397147,0.0000,1.0000
2012-03-01,6.0000,6.0000,5.8400,5.9300,5.9300,415642,0.0000,1.0000
2012-02-29,5.7100,6.1000,5.7100,6.0000,6.0000,823576,0.0000,1.0000
2012-02-28,5.8400,5.8800,5.7000,5.7100,5.7100,145603,0.0000,1.0000
2012-02-27,5.5800,5.8400,5.5000,5.8300,5.8300,262269,0.0000,1.0000
2012-02-24,5.7200,5.8000,5.6100,5.6100,5.6100,98954,0.0000,1.0000
2012-02-23,5.5700,5.7300,5.5000,5.7300,5.7300,213974,0.0000,1.0000
2012-02-22,5.6300,5.6400,5.5400,5.5800,5.5800,148944,0.0000,1.0000
2012-02-21,5.7700,5.7900,5.5850,5.6500,5.6500,238954,0.0000,1.0000
2012-02-17,5.7500,5.8300,5.7000,5.7800,5.7800,486284,0.0000,1.0000
2012-02-16,5.5200,5.7800,5.4000,5.7000,5.7000,473379,0.0000,1.0000
2012-02-15,5.7400,5.7900,5.6200,5.7000,5.7000,366722,0.0000,1.0000
2012-02-14,5.6600,5.7500,5.5890,5.6900,5.6900,227423,0.0000,1.0000
2012-02-13,5.7000,5.7700,5.6500,5.6700,5.6700,241265,0.0000,1.0000
2012-02-10,5.6400,5.7150,5.6100,5.6600,5.6600,275593,0.0000,1.0000
2012-02-09,5.5500,5.7950,5.5200,5.7000,5.7000,495011,0.0000,1.0000
2012-02-08,5.4500,5.5900,5.3800,5.5600,5.5600,511958,0.0000,1.0000
2012-02-07,5.9500,6.0500,5.3810,5.4500,5.4500,994243,0.0000,1.0000
2012-02-06,5.9500,6.0300,5.9400,6.0000,6.0000,101818,0.0000,1.0000
2012-02-03,5.9500,6.1500,5.9200,6.0000,6.0000,357872,0.0000,1.0000
2012-02-02,5.9200,5.9300,5.8000,5.8800,5.8800,377713,0.0000,1.0000
2012-02-01,5.5400,5.9500,5.5400,5.9100,5.9100,545874,0.0000,1.0000
2012-01-31,5.5300,5.6000,5.4700,5.4900,5.4900,263385,0.0000,1.0000
2012-01-30,5.5500,5.6000,5.3700,5.4900,5.4900,246165,0.0000,1.0000
2012-01-27,5.5100,5.6300,5.5100,5.6000,5.6000,175178,0.0000,1.0000
2012-01-26,5.5400,5.5900,5.5000,5.5300,5.5300,231396,0.0000,1.0000
2012-01-25,5.5600,5.6300,5.5100,5.5300,5.5300,392870,0.0000,1.0000
2012-01-24,5.4200,5.7000,5.3600,5.5800,5.5800,633500,0.0000,1.0000
2012-01-23,5.4300,5.6300,5.3400,5.4500,5.4500,849681,0.0000,1.0000
2012-01-20,5.4700,5.5800,5.4200,5.4600,5.4600,185621,0.0000,1.0000
2012-01-19,5.4100,5.5150,5.3500,5.4700,5.4700,318819,0.0000,1.0000
2012-01-18,5.3700,5.4100,5.2800,5.3900,5.3900,513141,0.0000,1.0000
2012-01-17,5.5000,5.5300,5.3298,5.3700,5.3700,265159,0.0000,1.0000
2012-01-13,5.4100,5.5300,5.3100,5.4500,5.4500,318597,0.0000,1.0000
2012-01-12,5.5000,5.5100,5.4100,5.4700,5.4700,364709,0.0000,1.0000
2012-01-11,5.5400,5.5900,5.4500,5.4800,5.4800,505447,0.0000,1.0000
2012-01-10,5.5500,5.5900,5.4700,5.5000,5.5000,405587,0.0000,1.0000
2012-01-09,5.4300,5.5100,5.3300,5.4600,5.4600,372586,0.0000,1.0000
2012-01-06,5.4200,5.4800,5.3450,5.4200,5.4200,186338,0.0000,1.0000
2012-01-05,5.3400,5.4200,5.3100,5.4100,5.4100,159124,0.0000,1.0000
2012-01-04,5.4400,5.5200,5.3500,5.3500,5.3500,203654,0.0000,1.0000
2012-01-03,5.4700,5.5900,5.4000,5.4900,5.4900,564917,0.0000,1.0000
2011-12-30,5.3600,5.4680,5.3200,5.3200,5.3200,227922,0.0000,1.0000
2011-12-29,5.2800,5.3900,5.2600,5.3900,5.3900,421997,0.0000,1.0000
2011-12-28,5.4200,5.4300,5.2600,5.2700,5.2700,184517,0.0000,1.0000
2011-12-27,5.4900,5.5392,5.3800,5.4200,5.4200,214429,0.0000,1.0000
2011-12-23,5.5200,5.5300,5.4100,5.5000,5.5000,210285,0.0000,1.0000
2011-12-22,5.4400,5.5300,5.4100,5.5000,5.5000,446726,0.0000,1.0000
2011-12-21,5.4800,5.6300,5.4100,5.4200,5.4200,591497,0.0000,1.0000
2011-12-20,5.3400,5.5200,5.3400,5.5100,5.5100,257298,0.0000,1.0000
2011-12-19,5.4200,5.5600,5.2100,5.2200,5.2200,198652,0.0000,1.0000
2011-12-16,5.3100,5.5600,5.2000,5.3700,5.3700,477376,0.0000,1.0000
2011-12-15,5.5000,5.5100,5.3500,5.3600,5.3600,203597,0.0000,1.0000
2011-12-14,5.2500,5.4200,5.2000,5.4200,5.4200,221781,0.0000,1.0000
2011-12-13,5.4700,5.6300,5.2600,5.2800,5.2800,238994,0.0000,1.0000
2011-12-12,5.4900,5.5395,5.3700,5.4400,5.4400,257573,0.0000,1.0000
2011-12-09,5.3800,5.6100,5.3700,5.5700,5.5700,263478,0.0000,1.0000
2011-12-08,5.4900,5.5500,5.3400,5.3400,5.3400,214792,0.0000,1.0000
2011-12-07,5.6600,5.7600,5.5300,5.5700,5.5700,362497,0.0000,1.0000
2011-12-06,5.5400,5.7300,5.5100,5.6600,5.6600,371103,0.0000,1.0000
2011-12-05,5.5200,5.6200,5.4500,5.5400,5.5400,228911,0.0000,1.0000
2011-12-02,5.5400,5.6500,5.4000,5.4200,5.4200,249902,0.0000,1.0000
2011-12-01,5.4500,5.5700,5.3500,5.4300,5.4300,313906,0.0000,1.0000
2011-11-30,5.2900,5.4400,5.1000,5.4400,5.4400,669792,0.0000,1.0000
2011-11-29,5.1300,5.2300,5.0500,5.0600,5.0600,256610,0.0000,1.0000
2011-11-28,5.0000,5.2500,4.9800,5.0900,5.0900,638610,0.0000,1.0000
2011-11-25,4.7200,4.8300,4.6700,4.7800,4.7800,182276,0.0000,1.0000
2011-11-23,4.6000,4.7600,4.5450,4.7400,4.7400,513610,0.0000,1.0000
2011-11-22,4.7900,4.7900,4.6200,4.6500,4.6500,298335,0.0000,1.0000
2011-11-21,4.7000,4.9900,4.5100,4.8000,4.8000,356996,0.0000,1.0000
2011-11-18,4.8100,4.9100,4.8100,4.8300,4.8300,135681,0.0000,1.0000
2011-11-17,4.9000,5.0000,4.7600,4.8200,4.8200,269656,0.0000,1.0000
2011-11-16,4.9400,5.0800,4.9200,4.9200,4.9200,175214,0.0000,1.0000
2011-11-15,4.8600,5.0400,4.8100,5.0200,5.0200,215117,0.0000,1.0000
2011-11-14,4.9600,4.9800,4.8500,4.8700,4.8700,155962,0.0000,1.0000
2011-11-11,4.8200,4.9800,4.8200,4.9700,4.9700,233670,0.0000,1.0000
2011-11-10,4.9400,5.0000,4.7600,4.7900,4.7900,226194,0.0000,1.0000
2011-11-09,4.8800,4.9500,4.8300,4.8400,4.8400,349367,0.0000,1.0000
2011-11-08,5.0900,5.0900,4.9000,5.0400,5.0400,180074,0.0000,1.0000
2011-11-07,4.9900,5.0500,4.9200,5.0400,5.0400,167518,0.0000,1.0000
2011-11-04,4.9400,5.0400,4.8800,4.9900,4.9900,219627,0.0000,1.0000
2011-11-03,4.8900,5.0700,4.7100,5.0200,5.0200,319879,0.0000,1.0000
2011-11-02,4.8000,4.9100,4.7500,4.8000,4.8000,363620,0.0000,1.0000
2011-11-01,4.6900,4.8000,4.6390,4.7000,4.7000,483064,0.0000,1.0000
2011-10-31,4.9200,4.9900,4.8600,4.8600,4.8600,179256,0.0000,1.0000
2011-10-28,5.0700,5.1600,5.0300,5.0300,5.0300,311428,0.0000,1.0000
2011-10-27,5.0400,5.2000,4.9600,5.0500,5.0500,876869,0.0000,1.0000
2011-10-26,4.8800,4.9600,4.7200,4.8900,4.8900,195390,0.0000,1.0000
2011-10-25,4.8800,4.9403,4.7700,4.7800,4.7800,228586,0.0000,1.0000
2011-10-24,4.7400,4.9700,4.6600,4.9400,4.9400,282705,0.0000,1.0000
2011-10-21,4.6200,4.7200,4.5400,4.7000,4.7000,291077,0.0000,1.0000
2011-10-20,4.4800,4.5500,4.3900,4.5300,4.5300,313080,0.0000,1.0000
2011-10-19,4.6200,4.6600,4.4300,4.4900,4.4900,259532,0.0000,1.0000
2011-10-18,4.4100,4.7300,4.3500,4.6300,4.6300,500642,0.0000,1.0000
2011-10-17,4.5200,4.5200,4.3100,4.4100,4.4100,378441,0.0000,1.0000
2011-10-14,4.5400,4.5900,4.3900,4.5800,4.5800,173446,0.0000,1.0000
2011-10-13,4.5300,4.5600,4.3600,4.4600,4.4600,150869,0.0000,1.0000
2011-10-12,4.5100,4.6100,4.4500,4.5800,4.5800,218487,0.0000,1.0000
2011-10-11,4.3600,4.5000,4.3300,4.4800,4.4800,266696,0.0000,1.0000
2011-10-10,4.3900,4.4600,4.2610,4.4300,4.4300,282884,0.0000,1.0000
2011-10-07,4.4000,4.4200,4.1600,4.2900,4.2900,229580,0.0000,1.0000
2011-10-06,4.2900,4.4100,4.2200,4.4100,4.4100,188060,0.0000,1.0000
2011-10-05,4.3000,4.3600,4.2100,4.3100,4.3100,249537,0.0000,1.0000
2011-10-04,4.0200,4.3100,3.9500,4.2900,4.2900,651671,0.0000,1.0000
2011-10-03,4.4700,4.5400,3.9550,4.0100,4.0100,1129530,0.0000,1.0000
2011-09-30,4.2100,4.6300,4.1700,4.4900,4.4900,692996,0.0000,1.0000
2011-09-29,4.1500,4.2000,4.0000,4.2000,4.2000,391012,0.0000,1.0000
2011-09-28,4.1000,4.1500,4.0000,4.0400,4.0400,353897,0.0000,1.0000
2011-09-27,3.9500,4.1900,3.8500,4.1100,4.1100,549785,0.0000,1.0000
2011-09-26,3.9200,3.9900,3.7400,3.8700,3.8700,257543,0.0000,1.0000
2011-09-23,3.8400,3.9800,3.8100,3.8900,3.8900,246488,0.0000,1.0000
2011-09-22,3.7800,3.9100,3.7800,3.8600,3.8600,600437,0.0000,1.0000
2011-09-21,4.0200,4.1200,3.9000,3.9300,3.9300,520828,0.0000,1.0000
2011-09-20,3.9900,4.0500,3.9300,4.0400,4.0400,420787,0.0000,1.0000
2011-09-19,4.0400,4.0900,3.9000,3.9900,3.9900,642535,0.0000,1.0000
2011-09-16,4.1300,4.1400,4.0300,4.1400,4.1400,445720,0.0000,1.0000
2011-09-15,4.0800,4.1100,4.0000,4.1000,4.1000,438750,0.0000,1.0000
2011-09-14,4.0300,4.1000,3.8800,4.0200,4.0200,340316,0.0000,1.0000
2011-09-13,4.0300,4.0900,3.9350,4.0100,4.0100,462055,0.0000,1.0000
2011-09-12,3.9100,4.0300,3.8900,4.0000,4.0000,242444,0.0000,1.0000
2011-09-09,4.1500,4.1600,3.8900,3.9800,3.9800,706518,0.0000,1.0000
2011-09-08,4.1900,4.2500,4.0600,4.1800,4.1800,292853,0.0000,1.0000
2011-09-07,4.0700,4.2400,4.0300,4.2400,4.2400,299819,0.0000,1.0000
2011-09-06,3.9400,4.0500,3.8500,4.0200,4.0200,357233,0.0000,1.0000
2011-09-02,4.1600,4.1700,4.0200,4.0200,4.0200,215798,0.0000,1.0000
2011-09-01,4.4600,4.5100,4.1900,4.2700,4.2700,320334,0.0000,1.0000
2011-08-31,4.4100,4.5300,4.3500,4.4500,4.4500,521860,0.0000,1.0000
2011-08-30,4.2100,4.3900,4.0700,4.3900,4.3900,359765,0.0000,1.0000
2011-08-29,4.1400,4.2800,4.1400,4.2300,4.2300,423390,0.0000,1.0000
2011-08-26,4.0200,4.1500,3.9250,4.0700,4.0700,313398,0.0000,1.0000
2011-08-25,4.2500,4.2900,3.9900,4.0500,4.0500,327214,0.0000,1.0000
2011-08-24,4.1100,4.2450,4.0700,4.2200,4.2200,260992,0.0000,1.0000
2011-08-23,4.0500,4.1600,3.9900,4.1200,4.1200,372150,0.0000,1.0000
2011-08-22,4.1600,4.1700,3.9600,4.0300,4.0300,533681,0.0000,1.0000
2011-08-19,4.1800,4.3100,4.0100,4.0400,4.0400,432793,0.0000,1.0000
2011-08-18,4.3100,4.3900,4.1800,4.2500,4.2500,481041,0.0000,1.0000
2011-08-17,4.6400,4.8600,4.4400,4.4400,4.4400,488797,0.0000,1.0000
2011-08-16,4.6000,4.6700,4.5400,4.6100,4.6100,397923,0.0000,1.0000
2011-08-15,4.7000,4.7391,4.5700,4.6600,4.6600,256577,0.0000,1.0000
2011-08-12,4.6300,4.6600,4.5400,4.6200,4.6200,383418,0.0000,1.0000
2011-08-11,4.4100,4.6700,4.3900,4.5900,4.5900,566379,0.0000,1.0000
2011-08-10,4.6700,4.7300,4.4100,4.4100,4.4100,1652473,0.0000,1.0000
2011-08-09,4.6600,4.8400,4.4000,4.8300,4.8300,1207457,0.0000,1.0000
2011-08-08,4.7500,4.8400,4.5200,4.5200,4.5200,1052217,0.0000,1.0000
2011-08-05,5.0900,5.0900,4.7900,4.9200,4.9200,932830,0.0000,1.0000
2011-08-04,5.1500,5.3000,5.0100,5.0100,5.0100,946851,0.0000,1.0000
2011-08-03,5.4500,5.4500,5.1700,5.2100,5.2100,787814,0.0000,1.0000
2011-08-02,5.6600,5.7000,5.4500,5.4600,5.4600,573914,0.0000,1.0000
2011-08-01,5.7200,5.8200,5.5700,5.6500,5.6500,436799,0.0000,1.0000
2011-07-29,5.6000,5.8100,5.5100,5.6600,5.6600,525168,0.0000,1.0000
2011-07-28,5.7200,5.8200,5.6700,5.6700,5.6700,240823,0.0000,1.0000
2011-07-27,5.8600,5.9020,5.6300,5.7000,5.7000,454497,0.0000,1.0000
2011-07-26,5.9600,6.0300,5.8700,5.9000,5.9000,162092,0.0000,1.0000
2011-07-25,6.0600,6.1400,5.9500,5.9900,5.9900,269177,0.0000,1.0000
2011-07-22,6.2500,6.2500,6.0800,6.1600,6.1600,185783,0.0000,1.0000
2011-07-21,6.1600,6.2500,6.1100,6.2300,6.2300,294648,0.0000,1.0000
2011-07-20,6.1400,6.2300,6.0000,6.1100,6.1100,271158,0.0000,1.0000
2011-07-19,6.0400,6.1700,6.0200,6.1400,6.1400,286684,0.0000,1.0000
2011-07-18,6.1900,6.2200,6.0000,6.0100,6.0100,483864,0.0000,1.0000
2011-07-15,6.2700,6.3800,6.1500,6.2500,6.2500,352078,0.0000,1.0000
2011-07-14,6.5700,6.5800,6.2500,6.2700,6.2700,457734,0.0000,1.0000
2011-07-13,6.4600,6.5700,6.3600,6.5700,6.5700,981028,0.0000,1.0000
2011-07-12,6.3100,6.5050,6.3100,6.4400,6.4400,621782,0.0000,1.0000
2011-07-11,6.3000,6.3700,6.2900,6.3100,6.3100,300509,0.0000,1.0000
2011-07-08,6.2800,6.4000,6.2800,6.3700,6.3700,437588,0.0000,1.0000
2011-07-07,6.4000,6.4200,6.3200,6.3800,6.3800,301616,0.0000,1.0000
2011-07-06,6.4000,6.4450,6.3200,6.3300,6.3300,470964,0.0000,1.0000
2011-07-05,6.4100,6.4200,6.2800,6.4200,6.4200,672759,0.0000,1.0000
2011-07-01,6.4200,6.5000,6.3500,6.4500,6.4500,495616,0.0000,1.0000
2011-06-30,6.4300,6.5100,6.3400,6.4200,6.4200,709507,0.0000,1.0000
2011-06-29,6.5000,6.5000,6.3700,6.4300,6.4300,191210,0.0000,1.0000
2011-06-28,6.3500,6.5000,6.2900,6.4700,6.4700,512381,0.0000,1.0000
2011-06-27,6.2700,6.4200,6.1501,6.3400,6.3400,487315,0.0000,1.0000
2011-06-24,6.4000,6.4000,6.2500,6.2700,6.2700,1083905,0.0000,1.0000
2011-06-23,6.3100,6.4400,6.1900,6.4000,6.4000,539337,0.0000,1.0000
2011-06-22,6.3900,6.4700,6.3000,6.4100,6.4100,578725,0.0000,1.0000
2011-06-21,6.2700,6.4200,6.1900,6.3800,6.3800,328287,0.0000,1.0000
2011-06-20,6.1500,6.2600,6.1000,6.1800,6.1800,398023,0.0000,1.0000
2011-06-17,6.1800,6.2700,6.1000,6.1900,6.1900,416159,0.0000,1.0000
2011-06-16,5.9500,6.1600,5.9400,6.1500,6.1500,361834,0.0000,1.0000
2011-06-15,6.0300,6.1700,5.9300,5.9300,5.9300,384414,0.0000,1.0000
2011-06-14,5.9800,6.1400,5.9700,6.0800,6.0800,351986,0.0000,1.0000
2011-06-13,5.8600,5.9700,5.8400,5.9000,5.9000,247095,0.0000,1.0000
2011-06-10,5.9000,6.0100,5.8800,5.8800,5.8800,1283644,0.0000,1.0000
2011-06-09,5.9100,5.9900,5.8600,5.9600,5.9600,377735,0.0000,1.0000
2011-06-08,5.9200,5.9400,5.8300,5.8800,5.8800,318194,0.0000,1.0000
2011-06-07,6.0100,6.0700,5.9200,5.9800,5.9800,480249,0.0000,1.0000
2011-06-06,5.9600,6.0400,5.9200,5.9400,5.9400,369234,0.0000,1.0000
2011-06-03,5.9500,6.0300,5.8800,5.9800,5.9800,403640,0.0000,1.0000
2011-06-02,6.2300,6.2300,6.0600,6.0800,6.0800,387520,0.0000,1.0000
2011-06-01,6.2800,6.4000,6.1900,6.2300,6.2300,814483,0.0000,1.0000
2011-05-31,6.1000,6.2800,6.0000,6.2800,6.2800,684745,0.0000,1.0000
2011-05-27,6.0500,6.0900,5.9500,6.0200,6.0200,157975,0.0000,1.0000
2011-05-26,5.9600,6.0700,5.8900,6.0400,6.0400,361468,0.0000,1.0000
2011-05-25,5.8700,6.0600,5.8400,6.0100,6.0100,263113,0.0000,1.0000
2011-05-24,6.0200,6.0900,5.8900,5.9100,5.9100,742911,0.0000,1.0000
2011-05-23,6.0600,6.0600,5.8600,6.0100,6.0100,330599,0.0000,1.0000
2011-05-20,6.2300,6.2300,6.0750,6.1000,6.1000,299296,0.0000,1.0000
2011-05-19,6.3300,6.3300,6.1500,6.2800,6.2800,256019,0.0000,1.0000
2011-05-18,6.2000,6.2700,6.1100,6.2600,6.2600,221305,0.0000,1.0000
2011-05-17,6.3500,6.3500,6.1000,6.2000,6.2000,428785,0.0000,1.0000
2011-05-16,6.3400,6.5100,6.2900,6.4200,6.4200,444833,0.0000,1.0000
2011-05-13,6.5200,6.5400,6.3000,6.3700,6.3700,212694,0.0000,1.0000
2011-05-12,6.3600,6.5300,6.2800,6.5000,6.5000,448407,0.0000,1.0000
2011-05-11,6.4100,6.5000,6.3700,6.4000,6.4000,278533,0.0000,1.0000
2011-05-10,6.3500,6.4400,6.2600,6.4200,6.4200,270240,0.0000,1.0000
2011-05-09,6.2400,6.3100,6.2100,6.2400,6.2400,294786,0.0000,1.0000
2011-05-06,6.3200,6.4400,6.2300,6.2700,6.2700,362714,0.0000,1.0000
2011-05-05,6.2000,6.3500,6.1300,6.2200,6.2200,465810,0.0000,1.0000
2011-05-04,6.3000,6.3500,6.0500,6.1900,6.1900,397811,0.0000,1.0000
2011-05-03,6.4200,6.4300,6.2000,6.2800,6.2800,407386,0.0000,1.0000
2011-05-02,6.5800,6.6300,6.4400,6.4500,6.4500,336179,0.0000,1.0000
2011-04-29,6.6800,6.6800,6.5100,6.5300,6.5300,293706,0.0000,1.0000
2011-04-28,6.5000,6.8200,6.4899,6.6500,6.6500,471747,0.0000,1.0000
2011-04-27,6.4500,6.5400,6.4100,6.4700,6.4700,261181,0.0000,1.0000
2011-04-26,6.3600,6.5300,6.3100,6.4600,6.4600,482853,0.0000,1.0000
2011-04-25,6.4300,6.4500,6.2800,6.3200,6.3200,410363,0.0000,1.0000
2011-04-21,6.5300,6.5300,6.3600,6.4400,6.4400,194626,0.0000,1.0000
2011-04-20,6.5300,6.5899,6.4300,6.4800,6.4800,244343,0.0000,1.0000
2011-04-19,6.6500,6.6700,6.4010,6.4300,6.4300,452509,0.0000,1.0000
2011-04-18,6.6200,6.6900,6.5900,6.6200,6.6200,453178,0.0000,1.0000
2011-04-15,6.5900,6.7200,6.5800,6.6900,6.6900,423194,0.0000,1.0000
2011-04-14,6.6100,6.7495,6.4200,6.6200,6.6200,1787643,0.0000,1.0000
2011-04-13,6.6800,6.7800,6.6000,6.6600,6.6600,1545375,0.0000,1.0000
2011-04-12,6.7900,6.7900,6.3200,6.6400,6.6400,935819,0.0000,1.0000
2011-04-11,6.8900,7.0000,6.7700,6.8100,6.8100,737334,0.0000,1.0000
2011-04-08,6.3000,7.0900,6.1900,6.8900,6.8900,2013867,0.0000,1.0000
2011-04-07,6.1300,6.3100,6.1100,6.1100,6.1100,247105,0.0000,1.0000
2011-04-06,6.1300,6.1800,6.0700,6.1400,6.1400,221713,0.0000,1.0000
2011-04-05,6.0900,6.2000,6.0400,6.1100,6.1100,226485,0.0000,1.0000
2011-04-04,6.2500,6.4100,6.0900,6.1300,6.1300,317494,0.0000,1.0000
2011-04-01,6.0100,6.2500,6.0000,6.2300,6.2300,587362,0.0000,1.0000
2011-03-31,6.0100,6.0200,5.7500,5.9800,5.9800,305878,0.0000,1.0000
2011-03-30,5.9100,6.0200,5.8400,6.0100,6.0100,461075,0.0000,1.0000
2011-03-29,5.7700,5.9300,5.7500,5.8500,5.8500,410513,0.0000,1.0000
2011-03-28,5.7300,5.8200,5.7000,5.7800,5.7800,345884,0.0000,1.0000
2011-03-25,5.6600,5.7200,5.6100,5.6800,5.6800,408525,0.0000,1.0000
2011-03-24,5.6300,5.6750,5.5500,5.6300,5.6300,388353,0.0000,1.0000
2011-03-23,5.5800,5.5800,5.4600,5.5600,5.5600,547606,0.0000,1.0000
2011-03-22,5.6400,5.6800,5.5700,5.5800,5.5800,522347,0.0000,1.0000
2011-03-21,5.6300,5.6500,5.5700,5.6100,5.6100,430598,0.0000,1.0000
2011-03-18,5.3900,5.5600,5.3700,5.5500,5.5500,743033,0.0000,1.0000
2011-03-17,5.4300,5.4550,5.3100,5.3500,5.3500,247379,0.0000,1.0000
2011-03-16,5.5000,5.5000,5.3050,5.3500,5.3500,930685,0.0000,1.0000
2011-03-15,5.2800,5.5900,5.2500,5.5400,5.5400,551869,0.0000,1.0000
2011-03-14,5.4200,5.5100,5.3500,5.4100,5.4100,221564,0.0000,1.0000
2011-03-11,5.6200,5.6200,5.3450,5.4800,5.4800,303214,0.0000,1.0000
2011-03-10,5.6100,5.6100,5.3000,5.3800,5.3800,634217,0.0000,1.0000
2011-03-09,5.7500,5.7700,5.5500,5.6400,5.6400,488013,0.0000,1.0000
2011-03-08,5.1700,5.8700,5.1300,5.7100,5.7100,1207507,0.0000,1.0000
2011-03-07,5.2100,5.2400,5.1000,5.1800,5.1800,745727,0.0000,1.0000
2011-03-04,5.2000,5.2000,5.1300,5.2000,5.2000,361971,0.0000,1.0000
2011-03-03,5.2100,5.2250,5.1600,5.1700,5.1700,426472,0.0000,1.0000
2011-03-02,5.1200,5.2000,5.0700,5.1700,5.1700,518221,0.0000,1.0000
2011-03-01,5.2000,5.2200,5.1000,5.1400,5.1400,514141,0.0000,1.0000
2011-02-28,5.2800,5.2900,5.1700,5.1900,5.1900,294249,0.0000,1.0000
2011-02-25,5.1400,5.2400,5.0800,5.2400,5.2400,663289,0.0000,1.0000
2011-02-24,5.1400,5.2300,5.0400,5.0900,5.0900,1028796,0.0000,1.0000
2011-02-23,5.1700,5.2001,5.0800,5.1200,5.1200,741677,0.0000,1.0000
2011-02-22,5.1300,5.2100,5.1200,5.1800,5.1800,995624,0.0000,1.0000
2011-02-18,5.2000,5.2200,5.1500,5.2000,5.2000,321791,0.0000,1.0000
2011-02-17,5.2000,5.2100,5.1600,5.1900,5.1900,438961,0.0000,1.0000
2011-02-16,5.2000,5.2100,5.1400,5.2000,5.2000,354365,0.0000,1.0000
2011-02-15,5.1900,5.2000,5.1100,5.1800,5.1800,732555,0.0000,1.0000
2011-02-14,5.1900,5.2500,5.1700,5.1900,5.1900,425407,0.0000,1.0000
2011-02-11,5.2000,5.2300,5.1400,5.2100,5.2100,534122,0.0000,1.0000
2011-02-10,5.1700,5.2100,5.1500,5.2100,5.2100,1370711,0.0000,1.0000
2011-02-09,5.1900,5.2300,5.1500,5.2000,5.2000,282746,0.0000,1.0000
2011-02-08,5.2300,5.2900,5.2000,5.2200,5.2200,223432,0.0000,1.0000
2011-02-07,5.1800,5.2500,5.1400,5.2200,5.2200,359040,0.0000,1.0000
2011-02-04,5.1600,5.2000,5.0900,5.1600,5.1600,403704,0.0000,1.0000
2011-02-03,5.1700,5.2095,5.0900,5.1500,5.1500,374903,0.0000,1.0000
2011-02-02,5.1200,5.2500,5.1200,5.1600,5.1600,414070,0.0000,1.0000
2011-02-01,5.1400,5.2200,4.9600,5.1600,5.1600,572976,0.0000,1.0000
2011-01-31,5.1200,5.1700,5.0400,5.1300,5.1300,267450,0.0000,1.0000
2011-01-28,5.2900,5.3300,5.0600,5.0800,5.0800,499770,0.0000,1.0000
2011-01-27,5.3700,5.3800,5.2100,5.3000,5.3000,259921,0.0000,1.0000
2011-01-26,5.2900,5.3900,5.2700,5.3600,5.3600,491117,0.0000,1.0000
2011-01-25,5.0900,5.3300,5.0800,5.2900,5.2900,525428,0.0000,1.0000
2011-01-24,5.1100,5.2000,5.1000,5.1300,5.1300,375737,0.0000,1.0000
2011-01-21,5.1700,5.1800,5.0600,5.0900,5.0900,363178,0.0000,1.0000
2011-01-20,5.0900,5.2000,5.0400,5.1200,5.1200,439243,0.0000,1.0000
2011-01-19,5.1300,5.2700,5.1100,5.1400,5.1400,1285724,0.0000,1.0000
2011-01-18,5.1700,5.1700,5.1000,5.1500,5.1500,457089,0.0000,1.0000
2011-01-14,5.1500,5.2200,5.1200,5.1700,5.1700,268259,0.0000,1.0000
2011-01-13,5.1700,5.2200,5.1000,5.1700,5.1700,401489,0.0000,1.0000
2011-01-12,5.1400,5.2900,5.0900,5.2100,5.2100,868431,0.0000,1.0000
2011-01-11,5.1500,5.2000,5.0900,5.1000,5.1000,258988,0.0000,1.0000
2011-01-10,5.2200,5.2300,5.1200,5.1200,5.1200,271177,0.0000,1.0000
2011-01-07,5.2800,5.3300,5.1600,5.2600,5.2600,439907,0.0000,1.0000
2011-01-06,5.2800,5.3690,5.2400,5.2800,5.2800,276923,0.0000,1.0000
2011-01-05,5.2100,5.3100,5.1700,5.2900,5.2900,245264,0.0000,1.0000
2011-01-04,5.3500,5.3600,5.1900,5.2300,5.2300,412138,0.0000,1.0000
2011-01-03,5.2300,5.3300,5.1800,5.3300,5.3300,826993,0.0000,1.0000
2010-12-31,5.2300,5.2700,5.1700,5.1700,5.1700,202147,0.0000,1.0000
2010-12-30,5.1000,5.2600,5.0700,5.2300,5.2300,443414,0.0000,1.0000
2010-12-29,5.1800,5.1800,5.1000,5.1100,5.1100,296012,0.0000,1.0000
2010-12-28,5.2200,5.2200,5.1100,5.1500,5.1500,301208,0.0000,1.0000
2010-12-27,5.1400,5.2500,5.1400,5.2300,5.2300,154165,0.0000,1.0000
2010-12-23,5.2300,5.2400,5.1200,5.1400,5.1400,182352,0.0000,1.0000
2010-12-22,5.2900,5.3000,5.2100,5.2400,5.2400,234389,0.0000,1.0000
2010-12-21,5.2500,5.2600,5.1600,5.2600,5.2600,239910,0.0000,1.0000
2010-12-20,5.2300,5.2700,5.1400,5.2100,5.2100,222979,0.0000,1.0000
2010-12-17,5.1700,5.2400,5.1600,5.2200,5.2200,1033112,0.0000,1.0000
2010-12-16,5.1500,5.2600,5.0900,5.1700,5.1700,302680,0.0000,1.0000
2010-12-15,5.1600,5.2300,5.0900,5.1500,5.1500,521197,0.0000,1.0000
2010-12-14,5.3300,5.3400,5.1900,5.1900,5.1900,812494,0.0000,1.0000
2010-12-13,5.4000,5.4000,5.3100,5.3300,5.3300,220750,0.0000,1.0000
2010-12-10,5.2500,5.4000,5.2130,5.3800,5.3800,546723,0.0000,1.0000
2010-12-09,5.3400,5.3400,5.1800,5.2500,5.2500,213473,0.0000,1.0000
2010-12-08,5.3100,5.3500,5.1000,5.2800,5.2800,645814,0.0000,1.0000
2010-12-07,5.2500,5.3200,5.1800,5.3000,5.3000,480452,0.0000,1.0000
2010-12-06,5.2000,5.2395,5.1100,5.1800,5.1800,334059,0.0000,1.0000
2010-12-03,5.1200,5.2200,5.0400,5.2000,5.2000,295377,0.0000,1.0000
2010-12-02,5.0800,5.1600,5.0200,5.1400,5.1400,254745,0.0000,1.0000
2010-12-01,5.0300,5.1000,4.9500,5.0900,5.0900,807533,0.0000,1.0000
2010-11-30,5.0400,5.0950,4.8600,4.9100,4.9100,406103,0.0000,1.0000
2010-11-29,5.0600,5.1300,4.9000,5.1300,5.1300,346615,0.0000,1.0000
2010-11-26,5.0300,5.1300,5.0100,5.1100,5.1100,113063,0.0000,1.0000
2010-11-24,4.8900,5.0900,4.8200,5.0900,5.0900,298082,0.0000,1.0000
2010-11-23,4.7800,4.8600,4.7400,4.8500,4.8500,233806,0.0000,1.0000
2010-11-22,4.9300,4.9700,4.8400,4.8800,4.8800,183257,0.0000,1.0000
2010-11-19,4.8300,4.9200,4.8000,4.9000,4.9000,265680,0.0000,1.0000
2010-11-18,4.8500,4.8500,4.7550,4.8400,4.8400,191225,0.0000,1.0000
2010-11-17,4.7300,4.8300,4.6700,4.8000,4.8000,228096,0.0000,1.0000
2010-11-16,4.8400,4.8701,4.6900,4.7100,4.7100,389895,0.0000,1.0000
2010-11-15,4.8300,4.9600,4.6200,4.9000,4.9000,502444,0.0000,1.0000
2010-11-12,4.8100,4.9000,4.8000,4.8600,4.8600,512134,0.0000,1.0000
2010-11-11,4.8400,4.9100,4.8100,4.8800,4.8800,200700,0.0000,1.0000
2010-11-10,4.8600,4.9200,4.7400,4.9200,4.9200,469800,0.0000,1.0000
2010-11-09,4.8900,4.9500,4.8300,4.8700,4.8700,489834,0.0000,1.0000
2010-11-08,4.9500,4.9999,4.8000,4.8900,4.8900,775022,0.0000,1.0000
2010-11-05,4.9200,5.0200,4.8800,4.9900,4.9900,626152,0.0000,1.0000
2010-11-04,4.8400,4.9100,4.8100,4.9000,4.9000,534857,0.0000,1.0000
2010-11-03,4.8100,4.9000,4.6600,4.7200,4.7200,302388,0.0000,1.0000
2010-11-02,4.8000,4.8900,4.7200,4.8100,4.8100,605141,0.0000,1.0000
2010-11-01,4.8900,4.8900,4.5700,4.7200,4.7200,733723,0.0000,1.0000
2010-10-29,4.9100,4.9200,4.7700,4.8700,4.8700,448488,0.0000,1.0000
2010-10-28,4.9500,4.9700,4.8200,4.9100,4.9100,369953,0.0000,1.0000
2010-10-27,4.8500,4.9200,4.8000,4.9000,4.9000,232902,0.0000,1.0000
2010-10-26,4.9200,4.9900,4.8700,4.8800,4.8800,337602,0.0000,1.0000
2010-10-25,5.0100,5.0700,4.8700,4.9800,4.9800,430103,0.0000,1.0000
2010-10-22,5.0500,5.1000,4.9100,4.9500,4.9500,313961,0.0000,1.0000
2010-10-21,5.1400,5.2200,4.9900,5.0400,5.0400,555282,0.0000,1.0000
2010-10-20,5.0200,5.1500,4.9800,5.0900,5.0900,306888,0.0000,1.0000
2010-10-19,5.1100,5.1800,4.9300,4.9700,4.9700,590145,0.0000,1.0000
2010-10-18,5.0600,5.2300,5.0500,5.2200,5.2200,452301,0.0000,1.0000
2010-10-15,5.1700,5.2200,5.0400,5.0500,5.0500,648164,0.0000,1.0000
2010-10-14,5.1200,5.1900,5.0300,5.1400,5.1400,962572,0.0000,1.0000
2010-10-13,4.9900,5.1400,4.9400,5.1100,5.1100,477975,0.0000,1.0000
2010-10-12,5.0500,5.0800,4.9300,4.9400,4.9400,549023,0.0000,1.0000
2010-10-11,5.1400,5.2000,5.0501,5.0900,5.0900,447840,0.0000,1.0000
2010-10-08,5.0700,5.2000,5.0000,5.1200,5.1200,972539,0.0000,1.0000
2010-10-07,4.9400,5.1200,4.8700,5.0700,5.0700,729632,0.0000,1.0000
2010-10-06,4.9600,5.0200,4.8400,4.9100,4.9100,491903,0.0000,1.0000
2010-10-05,4.7500,4.9600,4.6900,4.9600,4.9600,1694012,0.0000,1.0000
2010-10-04,5.2000,5.2200,4.6300,4.6800,4.6800,1860400,0.0000,1.0000
2010-10-01,4.9700,5.4600,4.9200,5.4000,5.4000,1723191,0.0000,1.0000
2010-09-30,4.8800,4.9500,4.7200,4.9200,4.9200,1669247,0.0000,1.0000
2010-09-29,4.7000,4.9000,4.7000,4.8200,4.8200,363310,0.0000,1.0000
2010-09-28,4.7500,4.7700,4.5200,4.7400,4.7400,485648,0.0000,1.0000
2010-09-27,4.7400,4.7780,4.6100,4.7100,4.7100,180398,0.0000,1.0000
2010-09-24,4.6900,4.7800,4.6200,4.7200,4.7200,416992,0.0000,1.0000
2010-09-23,4.5900,4.7600,4.5700,4.6000,4.6000,421196,0.0000,1.0000
2010-09-22,4.6600,4.7100,4.5900,4.6500,4.6500,406091,0.0000,1.0000
2010-09-21,4.8500,4.9000,4.5800,4.6900,4.6900,632015,0.0000,1.0000
2010-09-20,4.7500,4.8800,4.6600,4.8400,4.8400,553561,0.0000,1.0000
2010-09-17,4.8000,4.8100,4.6600,4.7400,4.7400,1031297,0.0000,1.0000
2010-09-16,4.6300,4.7580,4.6100,4.7300,4.7300,302821,0.0000,1.0000
2010-09-15,4.6200,4.7200,4.5600,4.6500,4.6500,646576,0.0000,1.0000
2010-09-14,4.7600,4.8100,4.6300,4.6500,4.6500,644101,0.0000,1.0000
2010-09-13,4.8000,4.8600,4.7300,4.7900,4.7900,343723,0.0000,1.0000
2010-09-10,4.6800,4.7900,4.6800,4.7600,4.7600,254032,0.0000,1.0000
2010-09-09,4.7600,4.7600,4.6000,4.6700,4.6700,275845,0.0000,1.0000
2010-09-08,4.7800,4.8200,4.6100,4.6900,4.6900,300160,0.0000,1.0000
2010-09-07,4.9200,4.9200,4.7500,4.7500,4.7500,270005,0.0000,1.0000
2010-09-03,4.9200,5.0000,4.7522,4.9300,4.9300,346034,0.0000,1.0000
2010-09-02,4.5100,4.8400,4.5000,4.8300,4.8300,590873,0.0000,1.0000
2010-09-01,4.4500,4.5500,4.4500,4.5000,4.5000,775009,0.0000,1.0000
2010-08-31,4.4600,4.6500,4.3000,4.3800,4.3800,946325,0.0000,1.0000
2010-08-30,4.7500,4.7500,4.4800,4.4800,4.4800,426255,0.0000,1.0000
2010-08-27,4.6100,4.7700,4.5100,4.7600,4.7600,474868,0.0000,1.0000
2010-08-26,4.8000,4.8299,4.5400,4.5400,4.5400,381930,0.0000,1.0000
2010-08-25,4.6200,4.7600,4.5000,4.7600,4.7600,403191,0.0000,1.0000
2010-08-24,4.6800,4.8000,4.6000,4.6800,4.6800,440173,0.0000,1.0000
2010-08-23,5.0800,5.1699,4.7700,4.7800,4.7800,490316,0.0000,1.0000
2010-08-20,5.0000,5.0450,4.9000,5.0200,5.0200,400745,0.0000,1.0000
2010-08-19,5.2800,5.3600,5.0300,5.0500,5.0500,627311,0.0000,1.0000
2010-08-18,5.0900,5.4000,5.0800,5.3200,5.3200,1107650,0.0000,1.0000
2010-08-17,5.0800,5.1000,5.0100,5.0800,5.0800,521274,0.0000,1.0000
2010-08-16,4.8300,5.1400,4.7800,5.0200,5.0200,345512,0.0000,1.0000
2010-08-13,4.9000,4.9600,4.7800,4.8500,4.8500,360219,0.0000,1.0000
2010-08-12,4.9600,5.1600,4.9200,4.9500,4.9500,390006,0.0000,1.0000
2010-08-11,5.2400,5.3250,5.0900,5.0900,5.0900,446470,0.0000,1.0000
2010-08-10,5.5400,5.5400,5.3800,5.4200,5.4200,462735,0.0000,1.0000
2010-08-09,5.6400,5.7200,5.5200,5.5700,5.5700,367697,0.0000,1.0000
2010-08-06,5.1000,5.6500,5.0800,5.6100,5.6100,1102497,0.0000,1.0000
2010-08-05,5.2600,5.3500,5.1600,5.1800,5.1800,424530,0.0000,1.0000
2010-08-04,5.2100,5.3300,5.1250,5.3000,5.3000,522905,0.0000,1.0000
2010-08-03,5.2900,5.3600,5.1500,5.1600,5.1600,266500,0.0000,1.0000
2010-08-02,5.4100,5.4100,5.2400,5.3400,5.3400,382824,0.0000,1.0000
2010-07-30,5.1600,5.3500,5.0600,5.2600,5.2600,551726,0.0000,1.0000
2010-07-29,5.2300,5.3000,5.1500,5.2700,5.2700,424316,0.0000,1.0000
2010-07-28,5.3400,5.3400,5.1602,5.2400,5.2400,1117835,0.0000,1.0000
2010-07-27,5.4400,5.5000,5.3250,5.3400,5.3400,405523,0.0000,1.0000
2010-07-26,5.5100,5.5200,5.3800,5.4400,5.4400,464003,0.0000,1.0000
2010-07-23,5.3000,5.4500,5.2600,5.4500,5.4500,408417,0.0000,1.0000
2010-07-22,5.2900,5.3900,5.2400,5.3500,5.3500,802860,0.0000,1.0000
2010-07-21,5.3600,5.4500,5.2100,5.2400,5.2400,436550,0.0000,1.0000
2010-07-20,5.1400,5.3000,5.0200,5.2900,5.2900,345002,0.0000,1.0000
2010-07-19,5.0500,5.2400,4.9000,5.2000,5.2000,406504,0.0000,1.0000
2010-07-16,5.2400,5.2900,5.0200,5.0400,5.0400,300006,0.0000,1.0000
2010-07-15,5.2900,5.3400,5.0900,5.2800,5.2800,367393,0.0000,1.0000
2010-07-14,5.3000,5.3400,5.2600,5.3000,5.3000,276765,0.0000,1.0000
2010-07-13,5.2300,5.4100,5.2200,5.3400,5.3400,663416,0.0000,1.0000
2010-07-12,5.1600,5.2100,4.9500,5.1100,5.1100,459517,0.0000,1.0000
2010-07-09,4.8500,5.2000,4.8100,5.2000,5.2000,601534,0.0000,1.0000
2010-07-08,4.6500,4.8600,4.6100,4.8500,4.8500,398956,0.0000,1.0000
2010-07-07,4.5600,4.5800,4.4100,4.5800,4.5800,395712,0.0000,1.0000
2010-07-06,4.5300,4.6300,4.4400,4.5200,4.5200,530906,0.0000,1.0000
2010-07-02,4.6400,4.6700,4.3200,4.4100,4.4100,422659,0.0000,1.0000
2010-07-01,4.3800,4.6300,4.2000,4.5800,4.5800,754125,0.0000,1.0000
2010-06-30,4.5800,4.7100,4.3500,4.3800,4.3800,426741,0.0000,1.0000
2010-06-29,4.4700,4.5800,4.3400,4.5500,4.5500,676869,0.0000,1.0000
2010-06-28,4.8000,4.8100,4.5800,4.5900,4.5900,318850,0.0000,1.0000
2010-06-25,4.6000,4.9200,4.4500,4.7800,4.7800,2634986,0.0000,1.0000
2010-06-24,4.6700,4.8000,4.5500,4.5600,4.5600,502086,0.0000,1.0000
2010-06-23,4.6600,4.7800,4.6050,4.7200,4.7200,343183,0.0000,1.0000
2010-06-22,4.7500,4.9400,4.6800,4.6800,4.6800,397807,0.0000,1.0000
2010-06-21,5.0600,5.1100,4.6800,4.7200,4.7200,457246,0.0000,1.0000
2010-06-18,5.0400,5.0700,4.9100,4.9700,4.9700,335485,0.0000,1.0000
2010-06-17,5.0000,5.0399,4.9089,5.0000,5.0000,292815,0.0000,1.0000
2010-06-16,5.0600,5.0800,4.9000,5.0000,5.0000,342165,0.0000,1.0000
2010-06-15,4.9500,5.1300,4.8800,5.1300,5.1300,541342,0.0000,1.0000
2010-06-14,4.9700,5.1900,4.9000,4.9500,4.9500,394977,0.0000,1.0000
2010-06-11,4.7200,4.9000,4.6600,4.8900,4.8900,220945,0.0000,1.0000
2010-06-10,4.7300,4.9300,4.6900,4.7800,4.7800,507732,0.0000,1.0000
2010-06-09,4.7400,4.9500,4.6000,4.6200,4.6200,583476,0.0000,1.0000
2010-06-08,4.6400,4.7890,4.5200,4.6700,4.6700,624184,0.0000,1.0000
2010-06-07,4.9900,5.1000,4.6000,4.6300,4.6300,724956,0.0000,1.0000
2010-06-04,5.2700,5.3400,4.9500,4.9500,4.9500,566805,0.0000,1.0000
2010-06-03,5.3100,5.5000,5.3100,5.4100,5.4100,755175,0.0000,1.0000
2010-06-02,5.2400,5.4100,5.1700,5.4100,5.4100,576533,0.0000,1.0000
2010-06-01,5.1300,5.3500,5.0500,5.1600,5.1600,533932,0.0000,1.0000
2010-05-28,5.2600,5.3050,5.0500,5.2000,5.2000,480757,0.0000,1.0000
2010-05-27,5.2000,5.2900,5.0600,5.2900,5.2900,448564,0.0000,1.0000
2010-05-26,5.2700,5.3900,5.0600,5.0600,5.0600,782905,0.0000,1.0000
2010-05-25,4.9500,5.1800,4.8350,5.1500,5.1500,824228,0.0000,1.0000
2010-05-24,4.8400,5.1500,4.8100,5.1000,5.1000,819261,0.0000,1.0000
2010-05-21,4.8300,5.1300,4.5000,4.9200,4.9200,812818,0.0000,1.0000
2010-05-20,5.2000,5.2101,4.8700,4.8900,4.8900,739438,0.0000,1.0000
2010-05-19,5.6000,5.6599,5.1700,5.3500,5.3500,766901,0.0000,1.0000
2010-05-18,5.8300,5.9400,5.5800,5.6500,5.6500,559145,0.0000,1.0000
2010-05-17,5.8200,5.9500,5.5600,5.7400,5.7400,387443,0.0000,1.0000
2010-05-14,5.8500,5.8500,5.5600,5.7700,5.7700,585203,0.0000,1.0000
2010-05-13,6.1400,6.2600,5.8800,5.9200,5.9200,609626,0.0000,1.0000
2010-05-12,5.7500,6.2300,5.7500,6.1300,6.1300,879871,0.0000,1.0000
2010-05-11,5.5600,5.9000,5.4100,5.7200,5.7200,592130,0.0000,1.0000
2010-05-10,5.5700,5.6500,5.3000,5.5000,5.5000,724169,0.0000,1.0000
2010-05-07,5.6600,6.1500,5.0800,5.2200,5.2200,1279380,0.0000,1.0000
2010-05-06,6.1400,6.3500,5.0500,5.6000,5.6000,1105041,0.0000,1.0000
2010-05-05,5.9800,6.2200,5.7300,6.2100,6.2100,1166591,0.0000,1.0000
2010-05-04,6.5400,6.5400,5.9300,6.0000,6.0000,1019108,0.0000,1.0000
2010-05-03,6.3400,6.7400,6.2400,6.6500,6.6500,1603217,0.0000,1.0000
2010-04-30,6.5300,6.5600,6.2200,6.2200,6.2200,860833,0.0000,1.0000
2010-04-29,6.2200,6.5200,6.2000,6.5100,6.5100,967600,0.0000,1.0000
2010-04-28,6.0500,6.2200,6.0200,6.2100,6.2100,781975,0.0000,1.0000
2010-04-27,6.0500,6.2900,5.9300,6.0100,6.0100,981331,0.0000,1.0000
2010-04-26,5.8200,6.1800,5.8200,6.0900,6.0900,1065599,0.0000,1.0000
2010-04-23,5.9200,5.9400,5.8000,5.8400,5.8400,311445,0.0000,1.0000
2010-04-22,5.8000,5.9400,5.7500,5.9300,5.9300,312512,0.0000,1.0000
2010-04-21,5.8000,5.8900,5.7700,5.8400,5.8400,715349,0.0000,1.0000
2010-04-20,5.8600,5.8600,5.6400,5.8100,5.8100,767976,0.0000,1.0000
2010-04-19,5.4300,5.8100,5.4000,5.7700,5.7700,1823975,0.0000,1.0000
2010-04-16,5.7700,5.8300,5.0800,5.5100,5.5100,1075668,0.0000,1.0000
2010-04-15,5.8700,5.9500,5.8000,5.8100,5.8100,711128,0.0000,1.0000
2010-04-14,5.6000,5.8800,5.6000,5.8700,5.8700,663951,0.0000,1.0000
2010-04-13,5.8500,5.8600,5.6100,5.6500,5.6500,652668,0.0000,1.0000
2010-04-12,5.8100,5.9400,5.8100,5.8700,5.8700,393602,0.0000,1.0000
2010-04-09,5.8500,6.0100,5.8100,5.8400,5.8400,812858,0.0000,1.0000
2010-04-08,5.8900,5.9500,5.8200,5.8900,5.8900,757076,0.0000,1.0000
2010-04-07,5.9400,5.9900,5.7800,5.9300,5.9300,1782650,0.0000,1.0000
2010-04-06,5.7600,6.0000,5.6300,5.9200,5.9200,1548219,0.0000,1.0000
2010-04-05,5.8000,5.8700,5.6800,5.7800,5.7800,1171273,0.0000,1.0000
2010-04-01,5.7400,5.9500,5.6400,5.7300,5.7300,1454509,0.0000,1.0000
2010-03-31,5.5700,5.8200,5.5200,5.7600,5.7600,1468631,0.0000,1.0000
2010-03-30,5.5900,5.7200,5.5000,5.6000,5.6000,1744450,0.0000,1.0000
2010-03-29,5.4500,5.6400,5.4000,5.5900,5.5900,1919399,0.0000,1.0000
2010-03-26,4.8200,5.3300,4.7100,5.3100,5.3100,1746570,0.0000,1.0000
2010-03-25,4.7100,4.8900,4.6600,4.8100,4.8100,2144342,0.0000,1.0000
2010-03-24,4.7700,4.8900,4.6200,4.6300,4.6300,942062,0.0000,1.0000
2010-03-23,4.7200,4.7700,4.6300,4.7200,4.7200,717051,0.0000,1.0000
2010-03-22,4.6100,4.8200,4.6100,4.7200,4.7200,815840,0.0000,1.0000
2010-03-19,4.7400,4.8900,4.6500,4.6700,4.6700,1918130,0.0000,1.0000
2010-03-18,4.7000,4.8000,4.7000,4.7300,4.7300,426640,0.0000,1.0000
2010-03-17,4.5900,4.7308,4.5400,4.6800,4.6800,664074,0.0000,1.0000
2010-03-16,4.5900,4.7100,4.5100,4.5500,4.5500,684554,0.0000,1.0000
2010-03-15,4.6400,4.6400,4.5100,4.6400,4.6400,449979,0.0000,1.0000
2010-03-12,4.7100,4.7500,4.6100,4.6500,4.6500,591412,0.0000,1.0000
2010-03-11,4.6100,4.7000,4.5700,4.6800,4.6800,782547,0.0000,1.0000
2010-03-10,4.6600,4.7300,4.5500,4.6300,4.6300,1022841,0.0000,1.0000
2010-03-09,4.4700,4.8100,4.4700,4.6500,4.6500,2299776,0.0000,1.0000
2010-03-08,4.5800,4.5800,4.4300,4.5100,4.5100,667598,0.0000,1.0000
2010-03-05,4.5500,4.6200,4.4800,4.5800,4.5800,941643,0.0000,1.0000
2010-03-04,4.6000,4.6500,4.5000,4.5100,4.5100,1089531,0.0000,1.0000
2010-03-03,4.4600,4.6500,4.4100,4.6000,4.6000,1308283,0.0000,1.0000
2010-03-02,4.5100,4.5100,4.3500,4.4600,4.4600,781159,0.0000,1.0000
2010-03-01,4.3900,4.5700,4.3000,4.4300,4.4300,1290222,0.0000,1.0000
2010-02-26,4.2500,4.3300,4.2100,4.3200,4.3200,760523,0.0000,1.0000
2010-02-25,4.2000,4.2800,4.1200,4.2600,4.2600,516050,0.0000,1.0000
2010-02-24,4.2800,4.4400,4.2600,4.2800,4.2800,800988,0.0000,1.0000
2010-02-23,4.4100,4.4700,4.2600,4.4000,4.4000,1042041,0.0000,1.0000
2010-02-22,4.5600,4.6700,4.4100,4.4400,4.4400,1058041,0.0000,1.0000
2010-02-19,4.4100,4.6300,4.3800,4.5300,4.5300,1326341,0.0000,1.0000
2010-02-18,4.1900,4.5300,4.1150,4.5300,4.5300,2311731,0.0000,1.0000
2010-02-17,4.1600,4.2700,3.9900,4.1900,4.1900,2108883,0.0000,1.0000
2010-02-16,3.9700,4.1100,3.8500,4.1100,4.1100,2725377,0.0000,1.0000
2010-02-12,3.7500,4.0100,3.4500,4.0100,4.0100,4123216,0.0000,1.0000
2010-02-11,3.7800,3.8500,3.6500,3.6900,3.6900,2767745,0.0000,1.0000
2010-02-10,3.8600,3.9400,3.6900,3.7800,3.7800,2096173,0.0000,1.0000
2010-02-09,4.1300,4.2400,3.8500,3.9000,3.9000,3864904,0.0000,1.0000
2010-02-08,4.5900,4.5900,4.0700,4.0900,4.0900,2168032,0.0000,1.0000
2010-02-05,4.8000,4.8900,4.5000,4.5100,4.5100,2578176,0.0000,1.0000
2010-02-04,5.7400,5.7400,4.7800,4.7900,4.7900,2503361,0.0000,1.0000
2010-02-03,5.8300,6.0800,5.6600,5.8100,5.8100,1251280,0.0000,1.0000
2010-02-02,5.6000,5.7850,5.5600,5.7100,5.7100,707076,0.0000,1.0000
2010-02-01,5.6300,5.7700,5.5200,5.6100,5.6100,741471,0.0000,1.0000
2010-01-29,5.6900,5.7900,5.5600,5.6000,5.6000,1978802,0.0000,1.0000
2010-01-28,5.6200,5.7200,5.3300,5.6400,5.6400,1804073,0.0000,1.0000
2010-01-27,5.6100,5.7000,5.5000,5.5600,5.5600,1201903,0.0000,1.0000
2010-01-26,5.8000,5.8000,5.6000,5.6100,5.6100,702605,0.0000,1.0000
2010-01-25,6.0000,6.0700,5.5950,5.7900,5.7900,1123333,0.0000,1.0000
2010-01-22,6.1000,6.1400,5.8950,5.9600,5.9600,1410242,0.0000,1.0000
2010-01-21,6.4100,6.4600,6.0700,6.0900,6.0900,1273848,0.0000,1.0000
2010-01-20,6.4300,6.5000,6.3600,6.3900,6.3900,765379,0.0000,1.0000
2010-01-19,6.3000,6.6300,6.3000,6.4900,6.4900,1021780,0.0000,1.0000
2010-01-15,6.5500,6.5700,6.3500,6.3700,6.3700,1040797,0.0000,1.0000
2010-01-14,6.5200,6.6200,6.4100,6.5200,6.5200,1735882,0.0000,1.0000
2010-01-13,6.5400,6.6000,6.2000,6.4500,6.4500,6470385,0.0000,1.0000
2010-01-12,6.8100,6.8800,6.4600,6.5600,6.5600,1512466,0.0000,1.0000
2010-01-11,7.1900,7.2500,6.9900,7.0100,7.0100,866484,0.0000,1.0000
2010-01-08,7.1100,7.2250,7.0800,7.1100,7.1100,386938,0.0000,1.0000
2010-01-07,7.1500,7.2500,7.0100,7.1700,7.1700,1108521,0.0000,1.0000
2010-01-06,7.2400,7.3000,6.9700,7.1400,7.1400,1991819,0.0000,1.0000
2010-01-05,7.3300,7.3500,7.1100,7.2400,7.2400,830433,0.0000,1.0000
2010-01-04,7.0600,7.2500,7.0600,7.2500,7.2500,1064826,0.0000,1.0000
2009-12-31,7.0400,7.1000,6.9200,7.0000,7.0000,556327,0.0000,1.0000
2009-12-30,6.9300,7.0900,6.9100,7.0400,7.0400,668417,0.0000,1.0000
2009-12-29,6.8300,7.0200,6.8200,6.9500,6.9500,786639,0.0000,1.0000
2009-12-28,6.9900,7.0600,6.7600,6.7700,6.7700,798630,0.0000,1.0000
2009-12-24,6.7800,6.9400,6.7600,6.9200,6.9200,501483,0.0000,1.0000
2009-12-23,6.7400,6.8500,6.7400,6.7800,6.7800,485024,0.0000,1.0000
2009-12-22,6.6800,6.8000,6.6400,6.7900,6.7900,1123285,0.0000,1.0000
2009-12-21,6.6900,6.8000,6.5950,6.6200,6.6200,706396,0.0000,1.0000
2009-12-18,6.9000,6.9100,6.5300,6.6200,6.6200,1700497,0.0000,1.0000
2009-12-17,6.7000,6.9200,6.6100,6.8400,6.8400,2438687,0.0000,1.0000
2009-12-16,7.0400,7.0400,6.6100,6.6600,6.6600,4092337,0.0000,1.0000
2009-12-15,7.8300,7.8300,7.0100,7.0600,7.0600,4558169,0.0000,1.0000
2009-12-14,8.4900,8.5300,8.2800,8.4500,8.4500,524406,0.0000,1.0000
2009-12-11,8.5500,8.5500,8.4200,8.4500,8.4500,404463,0.0000,1.0000
2009-12-10,8.4000,8.5200,8.4000,8.4900,8.4900,566573,0.0000,1.0000
2009-12-09,8.5000,8.5200,8.3200,8.4500,8.4500,507126,0.0000,1.0000
2009-12-08,8.3200,8.5400,8.2500,8.4500,8.4500,495506,0.0000,1.0000
2009-12-07,8.2200,8.3700,8.1100,8.3700,8.3700,599348,0.0000,1.0000
2009-12-04,8.2500,8.3800,7.9500,8.2200,8.2200,697827,0.0000,1.0000
2009-12-03,8.4600,8.4800,8.0800,8.0900,8.0900,636041,0.0000,1.0000
2009-12-02,8.2400,8.4285,8.0400,8.4000,8.4000,856949,0.0000,1.0000
2009-12-01,7.8100,8.2400,7.8100,8.1900,8.1900,1047716,0.0000,1.0000
2009-11-30,8.0900,8.1900,7.7300,7.8100,7.8100,892925,0.0000,1.0000
2009-11-27,7.9100,8.3200,7.8700,8.1000,8.1000,460736,0.0000,1.0000
2009-11-25,8.6100,8.6699,8.3100,8.3200,8.3200,623408,0.0000,1.0000
2009-11-24,9.0700,9.0700,8.4300,8.5600,8.5600,857516,0.0000,1.0000
2009-11-23,8.9000,9.1200,8.8500,8.9900,8.9900,851975,0.0000,1.0000
2009-11-20,8.5900,8.9200,8.5700,8.7900,8.7900,387316,0.0000,1.0000
2009-11-19,8.7300,8.8000,8.4800,8.7100,8.7100,756225,0.0000,1.0000
2009-11-18,8.4900,8.7500,8.4000,8.7500,8.7500,740131,0.0000,1.0000
2009-11-17,8.1800,8.4700,8.1700,8.4700,8.4700,568760,0.0000,1.0000
2009-11-16,8.1500,8.3300,8.1400,8.2500,8.2500,822669,0.0000,1.0000
2009-11-13,8.4100,8.4100,8.0200,8.1700,8.1700,361975,0.0000,1.0000
2009-11-12,8.3900,8.5000,8.3000,8.3300,8.3300,487538,0.0000,1.0000
2009-11-11,8.4300,8.5000,8.2500,8.3300,8.3300,527112,0.0000,1.0000
2009-11-10,7.9600,8.4100,7.9600,8.3600,8.3600,669443,0.0000,1.0000
2009-11-09,7.9300,8.1500,7.8700,8.0000,8.0000,440825,0.0000,1.0000
2009-11-06,7.9600,8.0500,7.7200,7.7800,7.7800,362507,0.0000,1.0000
2009-11-05,7.6100,8.0300,7.5501,8.0000,8.0000,592576,0.0000,1.0000
2009-11-04,7.5000,7.6400,7.3350,7.5000,7.5000,646581,0.0000,1.0000
2009-11-03,7.2500,7.5000,7.1600,7.4500,7.4500,479732,0.0000,1.0000
2009-11-02,7.5200,7.6400,7.1000,7.2700,7.2700,537723,0.0000,1.0000
2009-10-30,7.2800,7.6500,6.9000,7.4400,7.4400,930194,0.0000,1.0000
2009-10-29,7.1100,7.4400,7.1000,7.2800,7.2800,629680,0.0000,1.0000
2009-10-28,7.3800,7.4300,6.9700,7.0000,7.0000,733343,0.0000,1.0000
2009-10-27,7.5000,7.5900,7.3600,7.4000,7.4000,370402,0.0000,1.0000
2009-10-26,7.4400,7.7000,7.3700,7.4500,7.4500,773124,0.0000,1.0000
2009-10-23,7.5200,7.5400,7.3300,7.3500,7.3500,433675,0.0000,1.0000
2009-10-22,7.4900,7.5220,7.0600,7.4100,7.4100,809667,0.0000,1.0000
2009-10-21,7.3800,7.6400,7.3800,7.4800,7.4800,730222,0.0000,1.0000
2009-10-20,7.7400,7.8800,7.3700,7.3900,7.3900,1081084,0.0000,1.0000
2009-10-19,7.1900,7.3800,7.1000,7.3200,7.3200,795162,0.0000,1.0000
2009-10-16,7.0800,7.2500,7.0100,7.1300,7.1300,805480,0.0000,1.0000
2009-10-15,7.0500,7.1900,6.9500,7.1300,7.1300,998114,0.0000,1.0000
2009-10-14,6.7400,7.0500,6.7400,7.0500,7.0500,1084299,0.0000,1.0000
2009-10-13,6.6900,6.7500,6.6000,6.6400,6.6400,845753,0.0000,1.0000
2009-10-12,6.6000,6.8700,6.6000,6.6900,6.6900,792114,0.0000,1.0000
2009-10-09,6.0300,6.6300,6.0300,6.5500,6.5500,1404978,0.0000,1.0000
2009-10-08,6.5300,6.5300,5.8200,6.0300,6.0300,2304849,0.0000,1.0000
2009-10-07,5.5900,5.6300,5.4800,5.5500,5.5500,339531,0.0000,1.0000
2009-10-06,5.4800,5.6496,5.3600,5.6300,5.6300,419345,0.0000,1.0000
2009-10-05,5.1700,5.4400,5.0500,5.4200,5.4200,301991,0.0000,1.0000
2009-10-02,5.1100,5.3200,4.8000,5.1200,5.1200,385285,0.0000,1.0000
2009-10-01,5.3400,5.3400,5.0900,5.1900,5.1900,360020,0.0000,1.0000
2009-09-30,5.4300,5.5000,5.1600,5.3600,5.3600,400059,0.0000,1.0000
2009-09-29,5.2800,5.5300,5.2500,5.4100,5.4100,439192,0.0000,1.0000
2009-09-28,5.2100,5.3800,5.0700,5.2600,5.2600,378464,0.0000,1.0000
2009-09-25,5.0600,5.2500,4.9101,5.0900,5.0900,268705,0.0000,1.0000
2009-09-24,5.3700,5.4200,4.8100,5.0700,5.0700,641454,0.0000,1.0000
2009-09-23,5.4500,5.5600,5.3800,5.3800,5.3800,477975,0.0000,1.0000
2009-09-22,5.6100,5.6100,5.4500,5.4500,5.4500,333958,0.0000,1.0000
2009-09-21,5.4900,5.6300,5.4000,5.5400,5.5400,535587,0.0000,1.0000
2009-09-18,5.6400,5.6400,5.5200,5.5600,5.5600,750125,0.0000,1.0000
2009-09-17,5.4800,5.6400,5.4100,5.6000,5.6000,501305,0.0000,1.0000
2009-09-16,5.1500,5.5100,5.1100,5.4800,5.4800,476025,0.0000,1.0000
2009-09-15,5.0100,5.1400,4.9100,5.1100,5.1100,260176,0.0000,1.0000
2009-09-14,4.7800,5.0800,4.6700,4.9900,4.9900,275852,0.0000,1.0000
2009-09-11,5.1700,5.1700,4.8300,4.8600,4.8600,492215,0.0000,1.0000
2009-09-10,5.0500,5.2600,4.9900,5.1300,5.1300,570042,0.0000,1.0000
2009-09-09,4.7700,5.0700,4.7100,5.0400,5.0400,573629,0.0000,1.0000
2009-09-08,4.5500,4.8000,4.5100,4.7700,4.7700,519618,0.0000,1.0000
2009-09-04,4.4600,4.5000,4.3700,4.4900,4.4900,227125,0.0000,1.0000
2009-09-03,4.3100,4.5100,4.2600,4.4500,4.4500,337606,0.0000,1.0000
2009-09-02,4.3900,4.4000,4.0500,4.2900,4.2900,336572,0.0000,1.0000
2009-09-01,4.3800,4.5000,4.2100,4.4100,4.4100,424045,0.0000,1.0000
2009-08-31,4.2300,4.5000,4.2100,4.4100,4.4100,428420,0.0000,1.0000
2009-08-28,4.3000,4.3400,4.1700,4.2700,4.2700,339939,0.0000,1.0000
2009-08-27,4.2800,4.3500,4.2200,4.2800,4.2800,281019,0.0000,1.0000
2009-08-26,4.4000,4.5000,4.2000,4.2800,4.2800,1002004,0.0000,1.0000
2009-08-25,4.5700,4.6399,4.3300,4.3700,4.3700,454373,0.0000,1.0000
2009-08-24,4.7200,4.8300,4.3600,4.5400,4.5400,557047,0.0000,1.0000
2009-08-21,4.3400,4.8700,4.3000,4.6900,4.6900,944550,0.0000,1.0000
2009-08-20,4.3700,4.4500,4.2700,4.3100,4.3100,402139,0.0000,1.0000
2009-08-19,4.3100,4.4300,4.2000,4.4000,4.4000,542249,0.0000,1.0000
2009-08-18,4.3300,4.6800,4.3300,4.4200,4.4200,1138804,0.0000,1.0000
2009-08-17,4.2900,4.5400,3.8100,4.3100,4.3100,1427999,0.0000,1.0000
2009-08-14,3.7400,4.4900,3.7400,4.4000,4.4000,1647736,0.0000,1.0000
2009-08-13,3.3900,3.7600,3.3600,3.7600,3.7600,550781,0.0000,1.0000
2009-08-12,3.1800,3.4000,3.1700,3.3500,3.3500,412181,0.0000,1.0000
2009-08-11,3.4000,3.4000,3.1600,3.1600,3.1600,428660,0.0000,1.0000
2009-08-10,2.9900,3.4200,2.9500,3.3700,3.3700,627829,0.0000,1.0000
2009-08-07,2.9000,3.1200,2.8240,3.0000,3.0000,622770,0.0000,1.0000
2009-08-06,2.8900,2.9400,2.7302,2.8600,2.8600,318184,0.0000,1.0000
2009-08-05,2.9900,3.0600,2.7800,2.8800,2.8800,351092,0.0000,1.0000
2009-08-04,2.7800,3.1600,2.7000,2.9800,2.9800,626461,0.0000,1.0000
2009-08-03,2.5800,2.7200,2.5800,2.7100,2.7100,327138,0.0000,1.0000
2009-07-31,2.5200,2.6000,2.4900,2.6000,2.6000,481974,0.0000,1.0000
2009-07-30,2.4500,2.6400,2.4400,2.5500,2.5500,443238,0.0000,1.0000
2009-07-29,2.3700,2.4500,2.3000,2.4100,2.4100,640348,0.0000,1.0000
2009-07-28,2.2600,2.3900,2.2500,2.3800,2.3800,527411,0.0000,1.0000
2009-07-27,2.2500,2.3399,2.2500,2.3000,2.3000,846278,0.0000,1.0000
2009-07-24,2.1500,2.2600,2.1500,2.2400,2.2400,332597,0.0000,1.0000
2009-07-23,2.2000,2.2600,2.1500,2.1800,2.1800,627397,0.0000,1.0000
2009-07-22,2.0100,2.2300,2.0100,2.2000,2.2000,461926,0.0000,1.0000
2009-07-21,2.1100,2.1600,2.0300,2.0600,2.0600,599310,0.0000,1.0000
2009-07-20,2.1400,2.2100,2.0800,2.1000,2.1000,832329,0.0000,1.0000
2009-07-17,2.3200,2.3213,2.0100,2.1200,2.1200,1246502,0.0000,1.0000
2009-07-16,2.4200,2.4400,2.1800,2.3100,2.3100,1042010,0.0000,1.0000
2009-07-15,2.4300,2.4600,2.3799,2.4400,2.4400,447404,0.0000,1.0000
2009-07-14,2.3000,2.3100,2.1800,2.3100,2.3100,242832,0.0000,1.0000
2009-07-13,2.2400,2.3000,2.1900,2.3000,2.3000,286565,0.0000,1.0000
2009-07-10,2.2500,2.3300,2.2200,2.2400,2.2400,460043,0.0000,1.0000
2009-07-09,2.2300,2.2800,2.1600,2.2800,2.2800,368854,0.0000,1.0000
2009-07-08,2.1300,2.3700,2.1000,2.1900,2.1900,737904,0.0000,1.0000
2009-07-07,2.1000,2.2900,2.0300,2.1100,2.1100,1016048,0.0000,1.0000
2009-07-06,1.9100,1.9100,1.8300,1.8400,1.8400,212509,0.0000,1.0000
2009-07-02,1.9400,1.9400,1.8900,1.9200,1.9200,142047,0.0000,1.0000
2009-07-01,1.9400,2.0200,1.9000,1.9900,1.9900,254351,0.0000,1.0000
2009-06-30,1.9400,1.9800,1.9000,1.9100,1.9100,125512,0.0000,1.0000
2009-06-29,2.0900,2.1200,1.9000,1.9300,1.9300,323017,0.0000,1.0000
2009-06-26,2.0300,2.1000,1.9500,2.1000,2.1000,695298,0.0000,1.0000
2009-06-25,1.9400,2.0600,1.9400,2.0400,2.0400,160014,0.0000,1.0000
2009-06-24,1.9900,2.0900,1.9400,1.9500,1.9500,304380,0.0000,1.0000
2009-06-23,2.0500,2.0500,1.9500,1.9600,1.9600,304412,0.0000,1.0000
2009-06-22,2.0600,2.0999,2.0100,2.0100,2.0100,281775,0.0000,1.0000
2009-06-19,2.1100,2.2200,2.0300,2.0700,2.0700,508918,0.0000,1.0000
2009-06-18,2.0300,2.1300,2.0300,2.0800,2.0800,663746,0.0000,1.0000
2009-06-17,2.1600,2.1600,1.9900,2.0300,2.0300,357661,0.0000,1.0000
2009-06-16,2.2000,2.2400,2.1500,2.1700,2.1700,106670,0.0000,1.0000
2009-06-15,2.3000,2.3000,2.1300,2.1600,2.1600,194830,0.0000,1.0000
2009-06-12,2.2000,2.2900,2.2000,2.2900,2.2900,151587,0.0000,1.0000
2009-06-11,2.2700,2.3700,2.2500,2.2600,2.2600,217150,0.0000,1.0000
2009-06-10,2.2600,2.2900,2.1600,2.2700,2.2700,231735,0.0000,1.0000
2009-06-09,2.1400,2.2800,2.1300,2.2400,2.2400,425236,0.0000,1.0000
2009-06-08,2.1000,2.2400,2.1000,2.1800,2.1800,406312,0.0000,1.0000
2009-06-05,2.2300,2.2800,2.1500,2.1600,2.1600,326899,0.0000,1.0000
2009-06-04,2.1800,2.2200,2.0600,2.2000,2.2000,375670,0.0000,1.0000
2009-06-03,1.9500,2.1300,1.9400,2.1100,2.1100,437979,0.0000,1.0000
2009-06-02,1.9900,2.0000,1.9400,1.9500,1.9500,289930,0.0000,1.0000
2009-06-01,2.0500,2.0700,1.9800,2.0000,2.0000,436487,0.0000,1.0000
2009-05-29,2.0900,2.1500,1.9200,2.0100,2.0100,357826,0.0000,1.0000
2009-05-28,2.1700,2.1900,2.0600,2.0900,2.0900,264830,0.0000,1.0000
2009-05-27,2.2200,2.2300,2.1100,2.1400,2.1400,212454,0.0000,1.0000
2009-05-26,2.1700,2.3200,2.1700,2.2500,2.2500,331196,0.0000,1.0000
2009-05-22,2.1600,2.2700,2.1100,2.2100,2.2100,372441,0.0000,1.0000
2009-05-21,2.2100,2.2400,2.1000,2.1600,2.1600,183656,0.0000,1.0000
2009-05-20,2.3900,2.3900,2.2300,2.2500,2.2500,206438,0.0000,1.0000
2009-05-19,2.3500,2.3500,2.2800,2.3100,2.3100,116887,0.0000,1.0000
2009-05-18,2.2800,2.3300,2.2600,2.3100,2.3100,251899,0.0000,1.0000
2009-05-15,2.4600,2.4600,2.2500,2.2800,2.2800,164134,0.0000,1.0000
2009-05-14,2.2400,2.4200,2.2400,2.4100,2.4100,213440,0.0000,1.0000
2009-05-13,2.3900,2.3900,2.2100,2.2300,2.2300,212018,0.0000,1.0000
2009-05-12,2.5600,2.6000,2.3800,2.4300,2.4300,144689,0.0000,1.0000
2009-05-11,2.7000,2.7600,2.5300,2.5300,2.5300,258685,0.0000,1.0000
2009-05-08,2.6900,2.8200,2.6700,2.7600,2.7600,271901,0.0000,1.0000
2009-05-07,2.7100,2.8400,2.6000,2.7000,2.7000,469802,0.0000,1.0000
2009-05-06,2.6900,2.7800,2.6000,2.6700,2.6700,391024,0.0000,1.0000
2009-05-05,2.7300,2.8400,2.5200,2.5900,2.5900,350276,0.0000,1.0000
2009-05-04,2.5100,2.7800,2.4700,2.7500,2.7500,406558,0.0000,1.0000
2009-05-01,2.4000,2.5300,2.3000,2.4700,2.4700,302014,0.0000,1.0000
2009-04-30,2.4900,2.5500,2.4000,2.4000,2.4000,280463,0.0000,1.0000
2009-04-29,2.3500,2.5000,2.3300,2.4700,2.4700,231608,0.0000,1.0000
2009-04-28,2.2200,2.4000,2.2200,2.3200,2.3200,179476,0.0000,1.0000
2009-04-27,2.2200,2.3800,2.1900,2.2400,2.2400,189829,0.0000,1.0000
2009-04-24,2.3500,2.4100,2.2600,2.2700,2.2700,297596,0.0000,1.0000
2009-04-23,2.5600,2.5600,2.2600,2.3200,2.3200,299728,0.0000,1.0000
2009-04-22,2.3400,2.5000,2.3400,2.4500,2.4500,549914,0.0000,1.0000
2009-04-21,2.1800,2.4800,2.1800,2.3900,2.3900,591934,0.0000,1.0000
2009-04-20,2.3800,2.3900,2.1600,2.1600,2.1600,211734,0.0000,1.0000
2009-04-17,2.3800,2.4300,2.3200,2.3900,2.3900,540205,0.0000,1.0000
2009-04-16,2.3100,2.4600,2.2200,2.3700,2.3700,286635,0.0000,1.0000
2009-04-15,2.2800,2.4100,2.2100,2.2800,2.2800,231518,0.0000,1.0000
2009-04-14,2.4000,2.4300,2.2600,2.2900,2.2900,293023,0.0000,1.0000
2009-04-13,2.3700,2.5400,2.3700,2.4400,2.4400,303841,0.0000,1.0000
2009-04-09,2.4900,2.4900,2.3500,2.4200,2.4200,293116,0.0000,1.0000
2009-04-08,2.2800,2.4100,2.2000,2.4000,2.4000,295607,0.0000,1.0000
2009-04-07,2.3100,2.4600,2.2600,2.2600,2.2600,234902,0.0000,1.0000
2009-04-06,2.4400,2.5500,2.3800,2.4100,2.4100,372010,0.0000,1.0000
2009-04-03,2.4200,2.4900,2.3500,2.4700,2.4700,350761,0.0000,1.0000
2009-04-02,2.4100,2.4800,2.2200,2.4300,2.4300,386614,0.0000,1.0000
2009-04-01,2.0800,2.3500,2.0000,2.3500,2.3500,177735,0.0000,1.0000
2009-03-31,2.1000,2.3000,2.0300,2.1200,2.1200,298940,0.0000,1.0000
2009-03-30,2.4200,2.4200,2.0200,2.0600,2.0600,372001,0.0000,1.0000
2009-03-27,2.5500,2.6200,2.4400,2.4400,2.4400,280465,0.0000,1.0000
2009-03-26,2.4600,2.6000,2.3300,2.6000,2.6000,315491,0.0000,1.0000
2009-03-25,2.5000,2.5600,2.3300,2.3900,2.3900,314237,0.0000,1.0000
2009-03-24,2.5600,2.6000,2.4300,2.4600,2.4600,187411,0.0000,1.0000
2009-03-23,2.7300,2.7700,2.5500,2.6100,2.6100,445706,0.0000,1.0000
2009-03-20,2.4300,2.7200,2.3700,2.6700,2.6700,931654,0.0000,1.0000
2009-03-19,2.8600,3.0000,2.5300,2.5600,2.5600,208879,0.0000,1.0000
2009-03-18,2.5800,2.9900,2.4900,2.9100,2.9100,315955,0.0000,1.0000
2009-03-17,2.4500,2.6100,2.4300,2.5800,2.5800,206030,0.0000,1.0000
2009-03-16,2.4400,2.6900,2.3800,2.4400,2.4400,266163,0.0000,1.0000
2009-03-13,2.4900,2.6300,2.4000,2.4000,2.4000,279667,0.0000,1.0000
2009-03-12,2.1200,2.4900,2.0000,2.4700,2.4700,344298,0.0000,1.0000
2009-03-11,2.3600,2.4400,2.1000,2.1300,2.1300,242130,0.0000,1.0000
2009-03-10,1.9600,2.4300,1.9600,2.3500,2.3500,327386,0.0000,1.0000
2009-03-09,1.9600,2.1400,1.8600,1.9100,1.9100,191831,0.0000,1.0000
2009-03-06,1.8700,2.1200,1.8700,2.0000,2.0000,309051,0.0000,1.0000
2009-03-05,2.1800,2.3000,1.8400,1.8800,1.8800,286826,0.0000,1.0000
2009-03-04,2.2100,2.4000,2.2000,2.2500,2.2500,266636,0.0000,1.0000
2009-03-03,2.2300,2.3000,2.1500,2.1700,2.1700,218653,0.0000,1.0000
2009-03-02,2.5000,2.5200,2.1800,2.1900,2.1900,239347,0.0000,1.0000
2009-02-27,2.5300,2.7400,2.5000,2.5300,2.5300,346487,0.0000,1.0000
2009-02-26,2.6100,2.8300,2.5500,2.5500,2.5500,364040,0.0000,1.0000
2009-02-25,2.8800,2.8800,2.5900,2.5900,2.5900,316993,0.0000,1.0000
2009-02-24,2.9400,2.9500,2.8000,2.9200,2.9200,263516,0.0000,1.0000
2009-02-23,2.9100,2.9800,2.8000,2.8300,2.8300,326127,0.0000,1.0000
2009-02-20,2.8400,2.9700,2.8000,2.8900,2.8900,243516,0.0000,1.0000
2009-02-19,2.9800,3.0300,2.8600,2.8900,2.8900,235034,0.0000,1.0000
2009-02-18,3.1800,3.1800,2.9300,2.9500,2.9500,268750,0.0000,1.0000
2009-02-17,3.5000,3.5000,2.9300,3.1500,3.1500,530324,0.0000,1.0000
2009-02-13,2.5500,3.6500,2.5500,3.6100,3.6100,509325,0.0000,1.0000
2009-02-12,2.6000,2.6100,2.4200,2.4900,2.4900,374895,0.0000,1.0000
2009-02-11,2.8300,2.8300,2.6000,2.6400,2.6400,372306,0.0000,1.0000
2009-02-10,3.1900,3.2900,2.8300,2.8400,2.8400,452437,0.0000,1.0000
2009-02-09,3.3600,3.4100,3.1000,3.2100,3.2100,320618,0.0000,1.0000
2009-02-06,3.1400,3.4200,3.1400,3.4100,3.4100,229657,0.0000,1.0000
2009-02-05,3.1200,3.2700,3.1000,3.1400,3.1400,194925,0.0000,1.0000
2009-02-04,3.0300,3.2100,3.0000,3.1300,3.1300,177590,0.0000,1.0000
2009-02-03,2.7600,3.0500,2.7600,3.0300,3.0300,180026,0.0000,1.0000
2009-02-02,2.8800,3.0100,2.6100,2.7400,2.7400,256570,0.0000,1.0000
2009-01-30,2.8800,3.0100,2.8200,2.9000,2.9000,160284,0.0000,1.0000
2009-01-29,3.1500,3.2400,2.8800,2.9200,2.9200,140255,0.0000,1.0000
2009-01-28,3.0400,3.2600,2.9503,3.2400,3.2400,236669,0.0000,1.0000
2009-01-27,3.0500,3.1700,2.8600,2.9100,2.9100,270214,0.0000,1.0000
2009-01-26,2.6000,3.0800,2.5000,3.0300,3.0300,348448,0.0000,1.0000
2009-01-23,2.5000,2.5600,2.4200,2.4700,2.4700,521937,0.0000,1.0000
2009-01-22,2.6500,2.6600,2.5000,2.5700,2.5700,298512,0.0000,1.0000
2009-01-21,2.7200,2.7600,2.5600,2.7300,2.7300,466614,0.0000,1.0000
2009-01-20,3.0200,3.0200,2.6400,2.6600,2.6600,455035,0.0000,1.0000
2009-01-16,3.2100,3.2100,2.9700,3.0900,3.0900,218967,0.0000,1.0000
2009-01-15,3.0500,3.2100,2.8800,3.1500,3.1500,257430,0.0000,1.0000
2009-01-14,3.1500,3.1500,2.9600,3.0000,3.0000,247074,0.0000,1.0000
2009-01-13,3.0900,3.2400,3.0800,3.2100,3.2100,120089,0.0000,1.0000
2009-01-12,3.4800,3.5200,2.9710,3.1100,3.1100,683051,0.0000,1.0000
2009-01-09,3.8300,3.8300,3.4800,3.5000,3.5000,569667,0.0000,1.0000
2009-01-08,3.4600,3.8400,3.4100,3.8400,3.8400,341463,0.0000,1.0000
2009-01-07,3.7500,3.7800,3.5700,3.6600,3.6600,376881,0.0000,1.0000
2009-01-06,3.6700,3.9900,3.6500,3.8300,3.8300,284359,0.0000,1.0000
2009-01-05,3.7400,3.7700,3.4800,3.6900,3.6900,268394,0.0000,1.0000
2009-01-02,3.6900,3.7800,3.5000,3.7400,3.7400,300046,0.0000,1.0000
2008-12-31,3.5000,3.7900,3.4800,3.6800,3.6800,262360,0.0000,1.0000
2008-12-30,3.4400,3.5000,3.3700,3.4900,3.4900,365581,0.0000,1.0000
2008-12-29,3.3000,3.3600,3.2900,3.3300,3.3300,207228,0.0000,1.0000
2008-12-26,3.4200,3.4300,3.2500,3.3000,3.3000,124468,0.0000,1.0000
2008-12-24,3.2800,3.4900,3.1800,3.4200,3.4200,97784,0.0000,1.0000
2008-12-23,3.3100,3.4500,3.1500,3.2900,3.2900,290728,0.0000,1.0000
2008-12-22,3.2300,3.4300,3.1700,3.3100,3.3100,506477,0.0000,1.0000
2008-12-19,3.5500,3.6500,3.1200,3.1200,3.1200,1113407,0.0000,1.0000
2008-12-18,3.2500,3.3600,3.2100,3.3100,3.3100,541087,0.0000,1.0000
2008-12-17,3.2200,3.3000,3.2100,3.2400,3.2400,597889,0.0000,1.0000
2008-12-16,2.9600,3.2500,2.8900,3.2500,3.2500,571852,0.0000,1.0000
2008-12-15,3.1100,3.2200,2.8600,2.8800,2.8800,367472,0.0000,1.0000
2008-12-12,2.8400,3.1100,2.8000,3.1100,3.1100,220076,0.0000,1.0000
2008-12-11,2.9100,3.0200,2.8100,2.9100,2.9100,696789,0.0000,1.0000
2008-12-10,2.7700,3.0900,2.7200,2.9400,2.9400,348815,0.0000,1.0000
2008-12-09,2.9500,3.1500,2.5700,2.7400,2.7400,463641,0.0000,1.0000
2008-12-08,2.9600,3.2300,2.9600,2.9900,2.9900,604794,0.0000,1.0000
2008-12-05,2.5000,2.8600,2.4900,2.7600,2.7600,610280,0.0000,1.0000
2008-12-04,2.6700,2.8600,2.4500,2.5300,2.5300,242153,0.0000,1.0000
2008-12-03,2.6800,2.9000,2.5500,2.7200,2.7200,346168,0.0000,1.0000
2008-12-02,2.4400,2.7600,2.4000,2.7600,2.7600,364184,0.0000,1.0000
2008-12-01,2.7900,2.7900,2.3900,2.3900,2.3900,232014,0.0000,1.0000
2008-11-28,2.7300,2.9700,2.6500,2.8600,2.8600,172485,0.0000,1.0000
2008-11-26,2.5800,2.8100,2.5000,2.7600,2.7600,360151,0.0000,1.0000
2008-11-25,2.8200,2.8200,2.4400,2.6500,2.6500,587837,0.0000,1.0000
2008-11-24,2.2200,2.5000,2.1000,2.4500,2.4500,556603,0.0000,1.0000
2008-11-21,2.0700,2.1900,1.8000,2.1800,2.1800,488125,0.0000,1.0000
2008-11-20,2.0000,2.3200,1.9300,1.9800,1.9800,572730,0.0000,1.0000
2008-11-19,2.4500,2.5500,1.9900,1.9900,1.9900,544789,0.0000,1.0000
2008-11-18,2.6400,2.7400,2.3000,2.4500,2.4500,441994,0.0000,1.0000
2008-11-17,2.6000,2.7800,2.5500,2.6400,2.6400,245846,0.0000,1.0000
2008-11-14,3.1000,3.1500,2.6200,2.6200,2.6200,362809,0.0000,1.0000
2008-11-13,3.0600,3.1600,2.5500,3.1600,3.1600,553533,0.0000,1.0000
2008-11-12,3.3700,3.4600,3.0600,3.0700,3.0700,245125,0.0000,1.0000
2008-11-11,3.4700,3.6000,3.2100,3.4100,3.4100,396484,0.0000,1.0000
2008-11-10,3.7900,3.9700,3.4000,3.4200,3.4200,422649,0.0000,1.0000
2008-11-07,4.1600,4.1600,3.7400,3.7900,3.7900,357303,0.0000,1.0000
2008-11-06,4.2800,4.4300,4.1002,4.1100,4.1100,196315,0.0000,1.0000
2008-11-05,4.8000,4.8000,4.2900,4.3300,4.3300,567146,0.0000,1.0000
2008-11-04,5.1100,5.1300,4.7800,4.8500,4.8500,326517,0.0000,1.0000
2008-11-03,4.8800,5.1800,4.8700,4.9300,4.9300,318829,0.0000,1.0000
2008-10-31,4.4200,4.9400,4.3900,4.9000,4.9000,368320,0.0000,1.0000
2008-10-30,4.4100,4.6000,4.4000,4.4500,4.4500,374994,0.0000,1.0000
2008-10-29,4.2800,4.6000,4.1800,4.3900,4.3900,376252,0.0000,1.0000
2008-10-28,4.2700,4.3500,4.0000,4.2500,4.2500,430065,0.0000,1.0000
2008-10-27,4.4700,4.6000,4.2000,4.2000,4.2000,276626,0.0000,1.0000
2008-10-24,4.3300,4.7400,4.1700,4.5100,4.5100,201841,0.0000,1.0000
2008-10-23,4.6800,4.9600,4.2500,4.6900,4.6900,272215,0.0000,1.0000
2008-10-22,4.6200,4.8500,4.5300,4.6500,4.6500,234704,0.0000,1.0000
2008-10-21,4.7600,4.8500,4.6200,4.7400,4.7400,219123,0.0000,1.0000
2008-10-20,4.7300,5.0900,4.6700,4.8200,4.8200,372158,0.0000,1.0000
2008-10-17,4.7900,5.2200,4.3200,4.7000,4.7000,379358,0.0000,1.0000
2008-10-16,4.4000,5.1500,4.3000,5.0400,5.0400,455372,0.0000,1.0000
2008-10-15,5.0500,5.0500,4.4400,4.4400,4.4400,282276,0.0000,1.0000
2008-10-14,5.4400,5.5299,4.8200,4.9800,4.9800,273619,0.0000,1.0000
2008-10-13,5.0900,5.3900,4.9100,5.2800,5.2800,460417,0.0000,1.0000
2008-10-10,4.3400,5.2700,4.1900,4.8800,4.8800,626547,0.0000,1.0000
2008-10-09,4.9900,5.1700,4.5400,4.5400,4.5400,458807,0.0000,1.0000
2008-10-08,4.8300,5.2600,4.7400,4.9900,4.9900,519870,0.0000,1.0000
2008-10-07,5.5700,5.5700,5.0000,5.0000,5.0000,383513,0.0000,1.0000
2008-10-06,5.7500,5.8600,5.3700,5.5600,5.5600,500028,0.0000,1.0000
2008-10-03,6.1800,6.2500,5.8600,5.9100,5.9100,234432,0.0000,1.0000
2008-10-02,6.3700,6.4700,6.0600,6.0700,6.0700,402789,0.0000,1.0000
2008-10-01,6.7100,6.7200,6.3800,6.4500,6.4500,243457,0.0000,1.0000
2008-09-30,6.6200,6.8200,6.4300,6.7400,6.7400,349676,0.0000,1.0000
2008-09-29,7.0000,7.1500,6.5900,6.5900,6.5900,502406,0.0000,1.0000
2008-09-26,7.2900,7.3300,7.0000,7.0900,7.0900,410499,0.0000,1.0000
2008-09-25,7.5200,7.7100,7.3900,7.4600,7.4600,342624,0.0000,1.0000
2008-09-24,8.1100,8.1100,7.4300,7.4400,7.4400,659105,0.0000,1.0000
2008-09-23,8.3900,8.5200,8.0900,8.0900,8.0900,319397,0.0000,1.0000
2008-09-22,8.4600,8.7200,8.3600,8.4000,8.4000,291343,0.0000,1.0000
2008-09-19,8.6000,9.3000,8.3400,8.3400,8.3400,1653201,0.0000,1.0000
2008-09-18,8.4800,9.1600,8.2000,8.8500,8.8500,1330686,0.0000,1.0000
2008-09-17,8.4900,8.6400,7.9200,8.2100,8.2100,354341,0.0000,1.0000
2008-09-16,8.3700,8.7500,8.1900,8.6100,8.6100,564773,0.0000,1.0000
2008-09-15,8.3300,8.7900,8.2600,8.4600,8.4600,196706,0.0000,1.0000
2008-09-12,8.3800,8.6700,8.3800,8.6700,8.6700,213599,0.0000,1.0000
2008-09-11,8.3200,8.6400,8.3200,8.4900,8.4900,212438,0.0000,1.0000
2008-09-10,8.7700,8.7700,8.4000,8.4200,8.4200,253835,0.0000,1.0000
2008-09-09,8.7700,8.8500,8.5200,8.5200,8.5200,446444,0.0000,1.0000
2008-09-08,8.5700,8.7700,8.4700,8.7300,8.7300,472814,0.0000,1.0000
2008-09-05,8.1200,8.4900,7.9500,8.3600,8.3600,475122,0.0000,1.0000
2008-09-04,8.0300,8.2300,8.0300,8.1600,8.1600,365665,0.0000,1.0000
2008-09-03,7.9200,8.1800,7.9200,8.1200,8.1200,296497,0.0000,1.0000
2008-09-02,7.9800,8.2500,7.7900,7.9400,7.9400,233170,0.0000,1.0000
2008-08-29,7.8500,7.9200,7.6800,7.8100,7.8100,217950,0.0000,1.0000
2008-08-28,7.4800,8.0000,7.4800,7.8400,7.8400,297609,0.0000,1.0000
2008-08-27,7.2000,7.5300,7.2000,7.4700,7.4700,219289,0.0000,1.0000
2008-08-26,7.2000,7.2900,7.1000,7.2100,7.2100,195048,0.0000,1.0000
2008-08-25,7.5100,7.5600,7.1200,7.2200,7.2200,397236,0.0000,1.0000
2008-08-22,7.4100,7.7100,7.3400,7.6700,7.6700,222285,0.0000,1.0000
2008-08-21,7.6600,7.7500,7.3500,7.4200,7.4200,411873,0.0000,1.0000
2008-08-20,8.0700,8.1500,7.8600,8.0100,8.0100,176988,0.0000,1.0000
2008-08-19,8.2000,8.2100,7.9600,8.0700,8.0700,216732,0.0000,1.0000
2008-08-18,8.5100,8.5400,8.2300,8.3400,8.3400,191505,0.0000,1.0000
2008-08-15,8.7500,8.9200,8.4000,8.4800,8.4800,523562,0.0000,1.0000
2008-08-14,8.5600,8.7300,8.5000,8.6700,8.6700,602406,0.0000,1.0000
2008-08-13,8.5300,8.6400,7.7500,8.5900,8.5900,498643,0.0000,1.0000
2008-08-12,8.5800,8.6400,8.3400,8.5400,8.5400,671199,0.0000,1.0000
2008-08-11,8.3700,8.8400,8.3400,8.4800,8.4800,632928,0.0000,1.0000
2008-08-08,8.6500,8.6500,8.2800,8.3500,8.3500,757390,0.0000,1.0000
2008-08-07,8.5500,8.6500,8.4600,8.5700,8.5700,364871,0.0000,1.0000
2008-08-06,8.9000,8.9000,8.6200,8.6200,8.6200,290983,0.0000,1.0000
2008-08-05,8.6900,8.9300,8.6900,8.7900,8.7900,277178,0.0000,1.0000
2008-08-04,8.6500,8.7200,8.3000,8.6300,8.6300,235501,0.0000,1.0000
2008-08-01,8.5000,8.7700,8.2300,8.6400,8.6400,209398,0.0000,1.0000
2008-07-31,8.3400,8.5700,8.2400,8.3800,8.3800,206971,0.0000,1.0000
2008-07-30,8.4800,8.7100,8.3100,8.4700,8.4700,203094,0.0000,1.0000
2008-07-29,7.9800,8.4500,7.9800,8.4200,8.4200,274645,0.0000,1.0000
2008-07-28,8.5900,8.6199,7.9600,8.0100,8.0100,344178,0.0000,1.0000
2008-07-25,8.5000,8.7700,8.4100,8.6500,8.6500,218381,0.0000,1.0000
2008-07-24,8.6300,8.6400,8.2900,8.4000,8.4000,293777,0.0000,1.0000
2008-07-23,8.2900,8.5900,8.2000,8.5900,8.5900,318229,0.0000,1.0000
2008-07-22,7.7000,8.3100,7.6300,8.2900,8.2900,360307,0.0000,1.0000
2008-07-21,7.7000,7.7300,7.5800,7.7200,7.7200,126676,0.0000,1.0000
2008-07-18,7.7000,7.7700,7.4700,7.6600,7.6600,179374,0.0000,1.0000
2008-07-17,7.7100,7.8200,7.5900,7.6500,7.6500,234748,0.0000,1.0000
2008-07-16,7.4700,7.7900,7.3300,7.7800,7.7800,272801,0.0000,1.0000
2008-07-15,7.2900,7.5900,7.0800,7.4600,7.4600,338812,0.0000,1.0000
2008-07-14,7.4400,7.6300,7.1600,7.3600,7.3600,246366,0.0000,1.0000
2008-07-11,7.4400,7.5800,7.2700,7.4900,7.4900,291042,0.0000,1.0000
2008-07-10,7.2300,7.6200,7.2100,7.5800,7.5800,291228,0.0000,1.0000
2008-07-09,7.4500,7.5500,7.2200,7.2500,7.2500,373417,0.0000,1.0000
2008-07-08,6.9200,7.4600,6.9100,7.4200,7.4200,538187,0.0000,1.0000
2008-07-07,7.0100,7.1000,6.8700,6.9000,6.9000,447208,0.0000,1.0000
2008-07-03,7.1000,7.1400,6.9500,6.9700,6.9700,234599,0.0000,1.0000
2008-07-02,7.2100,7.2100,6.9200,7.0000,7.0000,796958,0.0000,1.0000
2008-07-01,7.1500,7.3500,7.0000,7.2200,7.2200,478870,0.0000,1.0000
2008-06-30,7.2200,7.3200,7.1600,7.1600,7.1600,606839,0.0000,1.0000
2008-06-27,7.3200,7.4300,7.2500,7.2500,7.2500,1065370,0.0000,1.0000
2008-06-26,7.5000,7.5500,7.2400,7.3500,7.3500,794029,0.0000,1.0000
2008-06-25,7.2800,7.6500,7.2200,7.6100,7.6100,969968,0.0000,1.0000
2008-06-24,7.2600,7.3700,7.1900,7.2800,7.2800,735758,0.0000,1.0000
2008-06-23,7.5300,7.5600,7.2800,7.3200,7.3200,215110,0.0000,1.0000
2008-06-20,7.3200,7.5500,7.2600,7.4800,7.4800,498512,0.0000,1.0000
2008-06-19,7.4500,7.5200,7.3000,7.5200,7.5200,153138,0.0000,1.0000
2008-06-18,7.4900,7.5500,7.3700,7.4200,7.4200,188388,0.0000,1.0000
2008-06-17,7.6000,7.6400,7.4700,7.5100,7.5100,211482,0.0000,1.0000
2008-06-16,7.4500,7.6000,7.3600,7.5900,7.5900,234872,0.0000,1.0000
2008-06-13,7.5300,7.6200,7.3700,7.4900,7.4900,268251,0.0000,1.0000
2008-06-12,7.4600,7.7100,7.4100,7.4300,7.4300,232176,0.0000,1.0000
2008-06-11,7.4600,7.5200,7.3600,7.3900,7.3900,272769,0.0000,1.0000
2008-06-10,7.4700,7.6200,7.4400,7.4900,7.4900,250594,0.0000,1.0000
2008-06-09,7.5800,7.6500,7.4900,7.5400,7.5400,273342,0.0000,1.0000
2008-06-06,7.8400,7.8400,7.4700,7.6000,7.6000,405311,0.0000,1.0000
2008-06-05,7.8600,7.9600,7.7500,7.8800,7.8800,448820,0.0000,1.0000
2008-06-04,8.0200,8.0700,7.7500,7.8600,7.8600,497718,0.0000,1.0000
2008-06-03,8.2200,8.2200,7.9100,8.0400,8.0400,460035,0.0000,1.0000
2008-06-02,8.2700,8.3000,7.9300,8.2000,8.2000,409994,0.0000,1.0000
2008-05-30,8.4600,8.5300,8.2400,8.3200,8.3200,595117,0.0000,1.0000
2008-05-29,8.4300,8.6500,8.3500,8.4700,8.4700,569141,0.0000,1.0000
2008-05-28,8.1700,8.4600,8.0500,8.4200,8.4200,687268,0.0000,1.0000
2008-05-27,7.9300,8.1300,7.9300,8.0800,8.0800,548104,0.0000,1.0000
2008-05-23,7.9100,7.9700,7.7200,7.9100,7.9100,483347,0.0000,1.0000
2008-05-22,8.0800,8.1400,7.8500,7.9300,7.9300,424673,0.0000,1.0000
2008-05-21,8.2400,8.3300,8.0500,8.0800,8.0800,277567,0.0000,1.0000
2008-05-20,8.2000,8.3300,8.0800,8.1800,8.1800,255379,0.0000,1.0000
2008-05-19,8.2900,8.3200,8.1700,8.2300,8.2300,337139,0.0000,1.0000
2008-05-16,8.6000,8.6400,8.2300,8.3500,8.3500,184766,0.0000,1.0000
2008-05-15,8.7000,8.7000,8.4300,8.5200,8.5200,123234,0.0000,1.0000
2008-05-14,8.6700,8.9800,8.6700,8.7000,8.7000,147513,0.0000,1.0000
2008-05-13,8.5300,8.7100,8.4700,8.6900,8.6900,153167,0.0000,1.0000
2008-05-12,8.3400,8.6300,8.3000,8.5000,8.5000,264696,0.0000,1.0000
2008-05-09,8.3800,8.4800,8.2800,8.2900,8.2900,175268,0.0000,1.0000
2008-05-08,8.5200,8.5800,8.3800,8.4500,8.4500,134359,0.0000,1.0000
2008-05-07,8.6800,8.7500,8.4400,8.4800,8.4800,252687,0.0000,1.0000
2008-05-06,8.5300,8.7000,8.5000,8.6400,8.6400,301700,0.0000,1.0000
2008-05-05,8.8800,8.9100,8.5200,8.5900,8.5900,203296,0.0000,1.0000
2008-05-02,9.0100,9.0200,8.8000,8.9300,8.9300,281463,0.0000,1.0000
2008-05-01,8.5000,8.9200,8.5000,8.9200,8.9200,231390,0.0000,1.0000
2008-04-30,8.8500,8.8500,8.5100,8.5700,8.5700,332364,0.0000,1.0000
2008-04-29,8.6800,8.8600,8.5000,8.8400,8.8400,1338004,0.0000,1.0000
2008-04-28,8.9700,9.0600,8.6400,8.6700,8.6700,839959,0.0000,1.0000
2008-04-25,9.3700,9.3700,9.0000,9.0300,9.0300,407268,0.0000,1.0000
2008-04-24,9.0600,9.4200,9.0000,9.3400,9.3400,180594,0.0000,1.0000
2008-04-23,9.1300,9.1800,9.0000,9.0400,9.0400,181794,0.0000,1.0000
2008-04-22,9.4300,9.4900,9.0200,9.0800,9.0800,506073,0.0000,1.0000
2008-04-21,9.4500,9.5300,9.4000,9.4900,9.4900,141768,0.0000,1.0000
2008-04-18,9.3600,9.5500,9.2400,9.5500,9.5500,336728,0.0000,1.0000
2008-04-17,9.4100,9.4100,9.2000,9.2100,9.2100,185785,0.0000,1.0000
2008-04-16,9.2500,9.4400,9.2100,9.4300,9.4300,271134,0.0000,1.0000
2008-04-15,9.3100,9.3200,9.1300,9.1800,9.1800,263390,0.0000,1.0000
2008-04-14,9.4500,9.5200,9.2600,9.2600,9.2600,307530,0.0000,1.0000
2008-04-11,9.6400,9.7200,9.5200,9.5600,9.5600,365400,0.0000,1.0000
2008-04-10,9.6900,9.7900,9.5400,9.7400,9.7400,345299,0.0000,1.0000
2008-04-09,9.9900,10.0500,9.6800,9.7100,9.7100,514292,0.0000,1.0000
2008-04-08,9.9500,10.0400,9.6200,10.0000,10.0000,1149592,0.0000,1.0000
2008-04-07,10.2600,10.3600,10.0500,10.0500,10.0500,339290,0.0000,1.0000
2008-04-04,10.2400,10.2600,10.0900,10.1500,10.1500,290111,0.0000,1.0000
2008-04-03,10.2400,10.3300,10.1500,10.2500,10.2500,270900,0.0000,1.0000
2008-04-02,10.3500,10.4500,10.2600,10.3400,10.3400,623389,0.0000,1.0000
2008-04-01,10.4400,10.4400,10.2000,10.3200,10.3200,313725,0.0000,1.0000
2008-03-31,11.2000,11.2000,10.1400,10.2900,10.2900,728388,0.0000,1.0000
2008-03-28,11.0100,11.6300,10.9100,11.1600,11.1600,659900,0.0000,1.0000
2008-03-27,11.4400,11.4900,10.6600,10.8900,10.8900,436300,0.0000,1.0000
2008-03-26,10.3700,11.5000,10.3700,11.5000,11.5000,414800,0.0000,1.0000
2008-03-25,10.7100,11.0900,10.5600,11.0300,11.0300,441500,0.0000,1.0000
2008-03-24,10.2400,10.7600,10.2400,10.6400,10.6400,490400,0.0000,1.0000
2008-03-20,10.9000,11.0700,10.1800,10.2200,10.2200,1223500,0.0000,1.0000
2008-03-19,11.0200,11.2700,10.8200,10.8300,10.8300,309400,0.0000,1.0000
2008-03-18,10.6400,11.0100,10.5100,10.9600,10.9600,268314,0.0000,1.0000
2008-03-17,10.3000,10.6500,10.2200,10.3700,10.3700,227500,0.0000,1.0000
2008-03-14,11.0000,11.0000,10.4500,10.6100,10.6100,157600,0.0000,1.0000
2008-03-13,10.4400,11.0300,10.4200,10.8900,10.8900,333264,0.0000,1.0000
2008-03-12,10.6300,10.7500,10.4800,10.5700,10.5700,231800,0.0000,1.0000
2008-03-11,10.6400,10.6400,10.2900,10.6200,10.6200,287090,0.0000,1.0000
2008-03-10,10.5600,10.6000,10.2900,10.2900,10.2900,197200,0.0000,1.0000
2008-03-07,10.4700,10.7000,10.4400,10.5400,10.5400,148100,0.0000,1.0000
2008-03-06,10.5100,10.9200,10.5000,10.5900,10.5900,210000,0.0000,1.0000
2008-03-05,10.4500,10.6000,10.3600,10.5900,10.5900,292800,0.0000,1.0000
2008-03-04,10.6200,10.6450,10.3400,10.3900,10.3900,234700,0.0000,1.0000
2008-03-03,10.5800,10.7400,10.3400,10.7400,10.7400,284200,0.0000,1.0000
2008-02-29,11.0100,11.1200,10.3500,10.4000,10.4000,521800,0.0000,1.0000
2008-02-28,11.3500,11.4300,11.1700,11.1700,11.1700,251900,0.0000,1.0000
2008-02-27,11.2800,11.6600,11.1900,11.4600,11.4600,150800,0.0000,1.0000
2008-02-26,11.1200,11.4200,11.0600,11.3000,11.3000,142300,0.0000,1.0000
2008-02-25,11.0300,11.2600,10.8500,11.2200,11.2200,272500,0.0000,1.0000
2008-02-22,11.0299,11.1100,10.6900,10.9100,10.9100,208430,0.0000,1.0000
2008-02-21,11.4400,11.7400,10.9800,11.0200,11.0200,336975,0.0000,1.0000
2008-02-20,11.0000,11.3400,10.9900,11.3400,11.3400,197900,0.0000,1.0000
2008-02-19,11.1000,11.2400,10.9700,11.0200,11.0200,154900,0.0000,1.0000
2008-02-15,11.0000,11.1000,10.7900,11.0000,11.0000,194800,0.0000,1.0000
2008-02-14,11.5800,11.6100,10.9900,11.1100,11.1100,165300,0.0000,1.0000
2008-02-13,11.3600,11.5900,11.2300,11.5500,11.5500,188811,0.0000,1.0000
2008-02-12,11.2600,11.3800,11.0700,11.1400,11.1400,226800,0.0000,1.0000
2008-02-11,11.2500,11.3800,11.0100,11.2600,11.2600,247700,0.0000,1.0000
2008-02-08,11.3300,11.4300,10.9700,11.2100,11.2100,261300,0.0000,1.0000
2008-02-07,11.2500,11.5300,11.2000,11.3400,11.3400,207600,0.0000,1.0000
2008-02-06,11.5500,11.7700,11.2600,11.2900,11.2900,230100,0.0000,1.0000
2008-02-05,11.5700,11.9100,11.4100,11.4300,11.4300,356100,0.0000,1.0000
2008-02-04,12.1500,12.2500,11.7500,11.7500,11.7500,405800,0.0000,1.0000
2008-02-01,11.7900,12.1900,11.7000,12.1300,12.1300,478700,0.0000,1.0000
2008-01-31,10.6900,11.8000,10.6200,11.7400,11.7400,685598,0.0000,1.0000
2008-01-30,10.9000,11.3300,10.8100,10.9200,10.9200,451770,0.0000,1.0000
2008-01-29,11.0400,11.0600,10.7600,10.8700,10.8700,233674,0.0000,1.0000
2008-01-28,10.6600,11.0100,10.4800,10.9500,10.9500,370139,0.0000,1.0000
2008-01-25,11.0000,11.0900,10.4400,10.6400,10.6400,306000,0.0000,1.0000
2008-01-24,10.8000,11.3000,10.7700,10.9000,10.9000,658730,0.0000,1.0000
2008-01-23,10.0000,10.3600,9.5400,10.2900,10.2900,467300,0.0000,1.0000
2008-01-22,9.5000,10.2600,9.5000,10.0600,10.0600,333400,0.0000,1.0000
2008-01-18,10.0700,10.1900,9.7500,9.9200,9.9200,369079,0.0000,1.0000
2008-01-17,10.4500,10.6000,10.1400,10.1700,10.1700,282075,0.0000,1.0000
2008-01-16,10.0800,10.6300,10.0300,10.4300,10.4300,294200,0.0000,1.0000
2008-01-15,10.4900,10.5500,10.0200,10.0400,10.0400,469086,0.0000,1.0000
2008-01-14,10.6300,10.7600,10.4600,10.6600,10.6600,238000,0.0000,1.0000
2008-01-11,10.6300,10.8000,10.4200,10.4300,10.4300,235000,0.0000,1.0000
2008-01-10,10.7800,11.1300,10.7200,10.8000,10.8000,413057,0.0000,1.0000
2008-01-09,10.6000,10.9100,10.4300,10.9000,10.9000,396500,0.0000,1.0000
2008-01-08,11.2100,11.2300,10.5300,10.5900,10.5900,405700,0.0000,1.0000
2008-01-07,11.1400,11.4000,11.0600,11.2000,11.2000,290140,0.0000,1.0000
2008-01-04,11.3100,11.3500,11.0300,11.0400,11.0400,278600,0.0000,1.0000
2008-01-03,11.4000,11.5400,11.4000,11.4400,11.4400,262900,0.0000,1.0000
2008-01-02,11.6300,11.7100,11.2900,11.3500,11.3500,279400,0.0000,1.0000
2007-12-31,11.7100,11.7800,11.4700,11.6600,11.6600,295900,0.0000,1.0000
2007-12-28,12.0400,12.0400,11.7400,11.7500,11.7500,205500,0.0000,1.0000
2007-12-27,12.3400,12.3400,11.8200,11.9000,11.9000,272300,0.0000,1.0000
2007-12-26,12.2500,12.3100,12.0200,12.2900,12.2900,268500,0.0000,1.0000
2007-12-24,12.0500,12.3000,11.9600,12.2800,12.2800,136200,0.0000,1.0000
2007-12-21,11.7300,12.0200,11.6500,12.0200,12.0200,760400,0.0000,1.0000
2007-12-20,11.3100,11.5500,10.9300,11.5500,11.5500,479700,0.0000,1.0000
2007-12-19,11.3200,11.4700,11.1500,11.2800,11.2800,431100,0.0000,1.0000
2007-12-18,11.0700,11.3300,10.8000,11.3000,11.3000,315000,0.0000,1.0000
2007-12-17,11.1400,11.2200,11.0100,11.0100,11.0100,211300,0.0000,1.0000
2007-12-14,11.4400,11.5700,11.2500,11.2600,11.2600,402200,0.0000,1.0000
2007-12-13,11.5400,11.6700,11.3500,11.6100,11.6100,291600,0.0000,1.0000
2007-12-12,11.9200,12.0400,11.5900,11.7300,11.7300,362330,0.0000,1.0000
2007-12-11,12.3000,12.3900,11.6200,11.6200,11.6200,476464,0.0000,1.0000
2007-12-10,12.1500,12.2900,12.0700,12.1500,12.1500,252400,0.0000,1.0000
2007-12-07,12.1800,12.3000,12.0000,12.2600,12.2600,240700,0.0000,1.0000
2007-12-06,11.5900,12.1700,11.5900,12.1200,12.1200,361186,0.0000,1.0000
2007-12-05,11.9300,11.9300,11.5500,11.6400,11.6400,256500,0.0000,1.0000
2007-12-04,11.9000,11.9200,11.7500,11.7800,11.7800,245500,0.0000,1.0000
2007-12-03,12.0600,12.2400,11.9200,11.9200,11.9200,262400,0.0000,1.0000
2007-11-30,12.2200,12.3100,12.0400,12.1000,12.1000,327100,0.0000,1.0000
2007-11-29,12.1100,12.2300,11.9900,12.0300,12.0300,237500,0.0000,1.0000
2007-11-28,11.7200,12.2200,11.7200,12.1800,12.1800,349900,0.0000,1.0000
2007-11-27,11.8300,11.9600,11.6000,11.7200,11.7200,296000,0.0000,1.0000
2007-11-26,12.1900,12.2200,11.7200,11.7700,11.7700,232700,0.0000,1.0000
2007-11-23,11.9600,12.2200,11.8900,12.1300,12.1300,85600,0.0000,1.0000
2007-11-21,11.4900,12.0600,11.4900,11.8700,11.8700,250300,0.0000,1.0000
2007-11-20,11.6700,11.7100,11.2800,11.5800,11.5800,332800,0.0000,1.0000
2007-11-19,12.0600,12.0600,11.5900,11.6600,11.6600,321600,0.0000,1.0000
2007-11-16,12.0300,12.1600,11.7200,12.1600,12.1600,366700,0.0000,1.0000
2007-11-15,12.1300,12.2900,11.9100,11.9800,11.9800,306500,0.0000,1.0000
2007-11-14,12.4300,12.4900,12.1100,12.2500,12.2500,275000,0.0000,1.0000
2007-11-13,11.8700,12.4500,11.7500,12.4300,12.4300,301000,0.0000,1.0000
2007-11-12,11.5800,12.0000,11.5400,11.7700,11.7700,297400,0.0000,1.0000
2007-11-09,11.7200,11.7500,11.4600,11.5900,11.5900,271200,0.0000,1.0000
2007-11-08,11.8000,11.9400,11.5900,11.8600,11.8600,390100,0.0000,1.0000
2007-11-07,12.1800,12.1800,11.6000,11.6400,11.6400,281800,0.0000,1.0000
2007-11-06,12.0400,12.1700,11.8500,12.1600,12.1600,361400,0.0000,1.0000
2007-11-05,11.7100,11.9500,11.6300,11.9000,11.9000,247300,0.0000,1.0000
2007-11-02,11.6200,12.0100,11.3900,11.8500,11.8500,509700,0.0000,1.0000
2007-11-01,11.6700,11.6800,11.3500,11.4700,11.4700,409300,0.0000,1.0000
2007-10-31,11.7300,11.9500,11.5600,11.7800,11.7800,366100,0.0000,1.0000
2007-10-30,11.7900,11.8200,11.6300,11.7300,11.7300,224400,0.0000,1.0000
2007-10-29,12.1900,12.2000,11.7700,11.8200,11.8200,268700,0.0000,1.0000
2007-10-26,12.0400,12.1500,11.7500,12.1500,12.1500,262000,0.0000,1.0000
2007-10-25,12.1000,12.1300,11.8700,11.9000,11.9000,234200,0.0000,1.0000
2007-10-24,12.0300,12.0700,11.6800,12.0500,12.0500,269200,0.0000,1.0000
2007-10-23,12.1700,12.2000,11.9300,12.1200,12.1200,186700,0.0000,1.0000
2007-10-22,11.4300,12.1300,11.3000,12.0700,12.0700,379500,0.0000,1.0000
2007-10-19,12.0900,12.1200,11.6200,11.6200,11.6200,352800,0.0000,1.0000
2007-10-18,11.9800,12.1200,11.7300,12.0900,12.0900,232900,0.0000,1.0000
2007-10-17,12.3300,12.4300,11.9800,12.0000,12.0000,233600,0.0000,1.0000
2007-10-16,12.2600,12.3500,12.1500,12.1900,12.1900,165400,0.0000,1.0000
2007-10-15,12.7900,12.8900,12.2700,12.2700,12.2700,312300,0.0000,1.0000
2007-10-12,12.5400,12.9100,12.5400,12.7200,12.7200,295300,0.0000,1.0000
2007-10-11,12.7500,13.1000,12.5100,12.5100,12.5100,498900,0.0000,1.0000
2007-10-10,12.6600,12.8100,12.5100,12.6600,12.6600,399700,0.0000,1.0000
2007-10-09,12.5700,12.7400,12.3200,12.6700,12.6700,307500,0.0000,1.0000
2007-10-08,12.6800,12.7900,12.5200,12.5200,12.5200,553000,0.0000,1.0000
2007-10-05,12.4400,12.7300,12.3500,12.7300,12.7300,320800,0.0000,1.0000
2007-10-04,12.1900,12.3000,12.0800,12.3000,12.3000,303700,0.0000,1.0000
2007-10-03,12.0600,12.2500,11.9100,12.1100,12.1100,222700,0.0000,1.0000
2007-10-02,11.9800,12.3200,11.9400,12.1400,12.1400,535800,0.0000,1.0000
2007-10-01,11.9100,12.1000,11.8800,11.9400,11.9400,274200,0.0000,1.0000
2007-09-28,12.0500,12.2900,11.9200,11.9600,11.9600,452700,0.0000,1.0000
2007-09-27,12.0000,12.1200,11.8600,12.0200,12.0200,492100,0.0000,1.0000
2007-09-26,12.2100,12.5500,11.9000,11.9900,11.9900,871000,0.0000,1.0000
2007-09-25,11.4500,11.4500,11.1200,11.3100,11.3100,274700,0.0000,1.0000
2007-09-24,11.5300,11.6400,11.3500,11.5100,11.5100,220300,0.0000,1.0000
2007-09-21,11.5800,11.6400,11.4800,11.5400,11.5400,392500,0.0000,1.0000
2007-09-20,11.5900,11.6100,11.3500,11.4700,11.4700,145900,0.0000,1.0000
2007-09-19,11.5400,11.6800,11.5200,11.5900,11.5900,528800,0.0000,1.0000
2007-09-18,10.9800,11.4200,10.7200,11.4100,11.4100,310700,0.0000,1.0000
2007-09-17,10.9900,11.0300,10.8600,10.9400,10.9400,502600,0.0000,1.0000
2007-09-14,10.7300,11.1000,10.6000,11.0000,11.0000,317100,0.0000,1.0000
2007-09-13,10.9400,10.9700,10.7500,10.7600,10.7600,247600,0.0000,1.0000
2007-09-12,10.9800,11.0000,10.7900,10.9100,10.9100,214800,0.0000,1.0000
2007-09-11,11.0100,11.0200,10.7900,11.0000,11.0000,211400,0.0000,1.0000
2007-09-10,11.1900,11.2500,10.6500,10.9900,10.9900,278400,0.0000,1.0000
2007-09-07,10.9200,11.1000,10.7700,11.0700,11.0700,257700,0.0000,1.0000
2007-09-06,11.2500,11.2500,11.0000,11.1100,11.1100,93400,0.0000,1.0000
2007-09-05,11.3800,11.4900,11.1100,11.2000,11.2000,210600,0.0000,1.0000
2007-09-04,11.3800,11.5200,11.3000,11.4300,11.4300,224800,0.0000,1.0000
2007-08-31,11.4600,11.5000,11.2200,11.4400,11.4400,168000,0.0000,1.0000
2007-08-30,11.1500,11.4600,11.1500,11.3200,11.3200,302400,0.0000,1.0000
2007-08-29,11.0900,11.2700,11.0400,11.2400,11.2400,163600,0.0000,1.0000
2007-08-28,11.5400,11.5400,11.0100,11.0600,11.0600,264400,0.0000,1.0000
2007-08-27,11.7000,11.7100,11.5100,11.6100,11.6100,218100,0.0000,1.0000
2007-08-24,11.4300,11.7800,11.3400,11.7500,11.7500,209100,0.0000,1.0000
2007-08-23,11.7500,11.8300,11.4000,11.4400,11.4400,254300,0.0000,1.0000
2007-08-22,11.6300,11.7600,11.5700,11.6900,11.6900,238300,0.0000,1.0000
2007-08-21,11.3600,11.6800,11.2600,11.5000,11.5000,155000,0.0000,1.0000
2007-08-20,11.4400,11.6200,11.1500,11.4300,11.4300,287500,0.0000,1.0000
2007-08-17,11.4700,11.7500,11.3400,11.3800,11.3800,526000,0.0000,1.0000
2007-08-16,10.9200,11.1000,10.5500,11.0400,11.0400,823700,0.0000,1.0000
2007-08-15,11.2400,11.3900,10.8200,10.9600,10.9600,766500,0.0000,1.0000
2007-08-14,11.7500,11.9700,11.2200,11.2200,11.2200,504300,0.0000,1.0000
2007-08-13,12.2000,12.3700,11.7000,11.7600,11.7600,516100,0.0000,1.0000
2007-08-10,11.1800,12.1400,11.0000,12.0300,12.0300,951500,0.0000,1.0000
2007-08-09,11.6400,11.7000,11.0900,11.2100,11.2100,1560800,0.0000,1.0000
2007-08-08,12.1000,12.3800,11.5900,11.7500,11.7500,1123000,0.0000,1.0000
2007-08-07,11.8500,12.0400,11.7600,11.9400,11.9400,592000,0.0000,1.0000
2007-08-06,11.8600,11.9500,11.6800,11.8900,11.8900,819200,0.0000,1.0000
2007-08-03,12.1300,12.1700,11.7200,11.7900,11.7900,749100,0.0000,1.0000
2007-08-02,11.9500,12.3299,11.8600,12.0800,12.0800,819100,0.0000,1.0000
2007-08-01,11.8600,12.0500,11.7400,11.9000,11.9000,769400,0.0000,1.0000
2007-07-31,12.0100,12.2500,11.7400,11.8200,11.8200,631753,0.0000,1.0000
2007-07-30,12.0500,12.3100,11.7600,11.8800,11.8800,1670200,0.0000,1.0000
2007-07-27,12.4500,12.5900,11.9500,12.0500,12.0500,1104400,0.0000,1.0000
2007-07-26,12.7500,12.9800,12.3900,12.5000,12.5000,1059800,0.0000,1.0000
2007-07-25,12.9600,13.0599,12.7600,12.8000,12.8000,749200,0.0000,1.0000
2007-07-24,12.9400,13.0700,12.9000,12.9300,12.9300,397300,0.0000,1.0000
2007-07-23,13.1100,13.2300,13.0800,13.0800,13.0800,238600,0.0000,1.0000
2007-07-20,13.2100,13.2700,12.9600,13.1000,13.1000,395500,0.0000,1.0000
2007-07-19,13.2000,13.4200,13.1500,13.2400,13.2400,286500,0.0000,1.0000
2007-07-18,12.9100,13.1500,12.9000,13.1200,13.1200,294700,0.0000,1.0000
2007-07-17,13.0900,13.1900,12.9600,12.9600,12.9600,213300,0.0000,1.0000
2007-07-16,13.2300,13.3400,13.0000,13.0900,13.0900,321600,0.0000,1.0000
2007-07-13,13.2000,13.3800,13.1500,13.2900,13.2900,319100,0.0000,1.0000
2007-07-12,13.3200,13.3600,13.1900,13.2100,13.2100,349900,0.0000,1.0000
2007-07-11,13.3800,13.5300,13.2200,13.2400,13.2400,344100,0.0000,1.0000
2007-07-10,13.7000,13.7500,13.4200,13.4200,13.4200,369300,0.0000,1.0000
2007-07-09,13.7500,13.8100,13.6500,13.7800,13.7800,299500,0.0000,1.0000
2007-07-06,13.8200,13.9700,13.7300,13.7700,13.7700,440400,0.0000,1.0000
2007-07-05,13.8600,13.9600,13.6700,13.8600,13.8600,337400,0.0000,1.0000
2007-07-03,13.7400,13.9400,13.7350,13.9200,13.9200,274500,0.0000,1.0000
2007-07-02,13.1500,13.8000,13.0700,13.7300,13.7300,1198700,0.0000,1.0000
2007-06-29,13.1300,13.2500,12.9200,13.0700,13.0700,826400,0.0000,1.0000
2007-06-28,12.8500,13.1500,12.8500,13.0400,13.0400,944900,0.0000,1.0000
2007-06-27,12.7000,13.2500,12.5500,12.8000,12.8000,1406700,0.0000,1.0000
2007-06-26,12.5600,12.6200,12.3300,12.4800,12.4800,886600,0.0000,1.0000
2007-06-25,12.4800,12.6000,12.3500,12.5000,12.5000,830800,0.0000,1.0000
2007-06-22,12.5000,12.5800,12.3250,12.4800,12.4800,801200,0.0000,1.0000
2007-06-21,12.6000,12.7100,12.4600,12.5000,12.5000,545600,0.0000,1.0000
2007-06-20,12.9100,13.0100,12.6400,12.6600,12.6600,515300,0.0000,1.0000
2007-06-19,12.9400,13.0800,12.8900,12.9000,12.9000,495400,0.0000,1.0000
2007-06-18,13.2000,13.2000,12.8600,13.0000,13.0000,480800,0.0000,1.0000
2007-06-15,13.2500,13.2700,13.0400,13.1900,13.1900,952700,0.0000,1.0000
2007-06-14,12.6800,13.3000,12.6800,13.0500,13.0500,581100,0.0000,1.0000
2007-06-13,13.0400,13.2000,12.9700,13.1600,13.1600,581300,0.0000,1.0000
2007-06-12,13.0500,13.1900,12.9700,13.0000,13.0000,424300,0.0000,1.0000
2007-06-11,13.1400,13.1600,13.0300,13.1000,13.1000,441200,0.0000,1.0000
2007-06-08,13.0500,13.1900,13.0200,13.1900,13.1900,974900,0.0000,1.0000
2007-06-07,13.0600,13.1100,13.0100,13.1000,13.1000,350600,0.0000,1.0000
2007-06-06,13.1000,13.1900,13.0100,13.1100,13.1100,307400,0.0000,1.0000
2007-06-05,13.0800,13.2600,13.0800,13.1900,13.1900,1248500,0.0000,1.0000
2007-06-04,13.3700,13.4300,13.0700,13.1600,13.1600,966500,0.0000,1.0000
2007-06-01,13.4900,13.6300,13.3900,13.4500,13.4500,755700,0.0000,1.0000
2007-05-31,13.5600,13.5800,13.3900,13.4100,13.4100,445900,0.0000,1.0000
2007-05-30,13.5700,13.5700,13.3900,13.5100,13.5100,382800,0.0000,1.0000
2007-05-29,13.5700,13.6700,13.5500,13.6400,13.6400,238500,0.0000,1.0000
2007-05-25,13.5300,13.6900,13.5300,13.5900,13.5900,292100,0.0000,1.0000
2007-05-24,13.4700,13.8000,13.4700,13.5100,13.5100,364100,0.0000,1.0000
2007-05-23,13.7100,13.8200,13.5000,13.5000,13.5000,411200,0.0000,1.0000
2007-05-22,13.7300,13.7800,13.4900,13.7000,13.7000,368800,0.0000,1.0000
2007-05-21,13.4500,13.7800,13.4500,13.7100,13.7100,516500,0.0000,1.0000
2007-05-18,13.4500,13.6500,13.3900,13.4900,13.4900,358300,0.0000,1.0000
2007-05-17,13.5900,13.6700,13.4300,13.4500,13.4500,237100,0.0000,1.0000
2007-05-16,13.4500,13.6600,13.4300,13.6100,13.6100,244800,0.0000,1.0000
2007-05-15,13.5600,13.7400,13.3900,13.3900,13.3900,369500,0.0000,1.0000
2007-05-14,13.5680,13.7600,13.5300,13.5800,13.5800,559400,0.0000,1.0000
2007-05-11,13.4900,13.6500,13.4900,13.6400,13.6400,218200,0.0000,1.0000
2007-05-10,13.6700,13.7500,13.3800,13.4100,13.4100,286400,0.0000,1.0000
2007-05-09,13.5300,13.8500,13.5300,13.7700,13.7700,244100,0.0000,1.0000
2007-05-08,13.6100,13.6800,13.4900,13.6000,13.6000,432000,0.0000,1.0000
2007-05-07,13.7100,13.7951,13.5500,13.6200,13.6200,227400,0.0000,1.0000
2007-05-04,13.5900,13.7100,13.4800,13.7100,13.7100,247600,0.0000,1.0000
2007-05-03,13.5000,13.6400,13.4000,13.5700,13.5700,577700,0.0000,1.0000
2007-05-02,13.3600,13.6200,13.2400,13.5100,13.5100,850900,0.0000,1.0000
2007-05-01,13.3100,13.4400,13.2100,13.4100,13.4100,502900,0.0000,1.0000
2007-04-30,13.5100,13.6500,13.2800,13.3200,13.3200,501300,0.0000,1.0000
2007-04-27,13.6000,13.6200,13.4500,13.5200,13.5200,223900,0.0000,1.0000
2007-04-26,13.7200,13.7500,13.5300,13.6800,13.6800,174100,0.0000,1.0000
2007-04-25,13.9500,13.9500,13.6900,13.7300,13.7300,210000,0.0000,1.0000
2007-04-24,13.8000,13.9000,13.6500,13.8500,13.8500,206100,0.0000,1.0000
2007-04-23,13.8600,13.9500,13.7200,13.7800,13.7800,240100,0.0000,1.0000
2007-04-20,13.9700,14.0000,13.7300,13.8600,13.8600,340100,0.0000,1.0000
2007-04-19,13.6500,13.7900,13.6000,13.7500,13.7500,425400,0.0000,1.0000
2007-04-18,13.8200,14.0200,13.5200,13.7900,13.7900,481600,0.0000,1.0000
2007-04-17,14.0600,14.1400,13.7000,13.9000,13.9000,484900,0.0000,1.0000
2007-04-16,14.1300,14.2000,14.0000,14.0200,14.0200,542000,0.0000,1.0000
2007-04-13,14.0000,14.0900,13.8500,14.0400,14.0400,350800,0.0000,1.0000
2007-04-12,14.0100,14.0600,13.7900,14.0300,14.0300,406900,0.0000,1.0000
2007-04-11,14.1900,14.2200,13.9300,14.0200,14.0200,344500,0.0000,1.0000
2007-04-10,14.1700,14.2500,14.0500,14.1300,14.1300,248477,0.0000,1.0000
2007-04-09,14.3900,14.4000,14.1000,14.1700,14.1700,357900,0.0000,1.0000
2007-04-05,14.1500,14.4600,14.1500,14.4000,14.4000,346300,0.0000,1.0000
2007-04-04,14.0100,14.2300,13.9200,14.1900,14.1900,487900,0.0000,1.0000
2007-04-03,13.8300,14.0300,13.7800,13.9900,13.9900,484300,0.0000,1.0000
2007-04-02,13.8900,13.9300,13.6600,13.7700,13.7700,483800,0.0000,1.0000
2007-03-30,13.8200,14.1100,13.6600,13.8400,13.8400,1862400,0.0000,1.0000
2007-03-29,13.4900,13.8500,13.4900,13.7600,13.7600,1036300,0.0000,1.0000
2007-03-28,13.2500,13.5500,13.1800,13.2900,13.2900,495800,0.0000,1.0000
2007-03-27,13.3700,13.3900,13.2500,13.3100,13.3100,191100,0.0000,1.0000
2007-03-26,13.5700,13.6800,13.3300,13.4300,13.4300,197400,0.0000,1.0000
2007-03-23,13.5600,13.6900,13.4300,13.5400,13.5400,401000,0.0000,1.0000
2007-03-22,13.6800,13.7200,13.4900,13.5900,13.5900,215300,0.0000,1.0000
2007-03-21,13.3600,13.6600,13.3200,13.6300,13.6300,345300,0.0000,1.0000
2007-03-20,13.3200,13.4000,13.1600,13.3700,13.3700,250500,0.0000,1.0000
2007-03-19,13.4000,13.4900,13.2700,13.3700,13.3700,376200,0.0000,1.0000
2007-03-16,13.3860,13.4500,13.2800,13.3200,13.3200,540100,0.0000,1.0000
2007-03-15,13.3700,13.5300,13.3200,13.4000,13.4000,246900,0.0000,1.0000
2007-03-14,13.3700,13.5000,13.0600,13.4000,13.4000,697000,0.0000,1.0000
2007-03-13,13.7400,13.8200,13.3000,13.4000,13.4000,595900,0.0000,1.0000
2007-03-12,13.7500,13.9400,13.6907,13.8600,13.8600,254500,0.0000,1.0000
2007-03-09,13.7500,13.9400,13.6700,13.7700,13.7700,342600,0.0000,1.0000
2007-03-08,13.6000,13.8000,13.5500,13.6700,13.6700,477000,0.0000,1.0000
2007-03-07,13.6500,13.7800,13.5000,13.5900,13.5900,263900,0.0000,1.0000
2007-03-06,13.6200,13.8200,13.4200,13.6300,13.6300,543600,0.0000,1.0000
2007-03-05,13.3600,13.6200,13.2600,13.3000,13.3000,528500,0.0000,1.0000
2007-03-02,13.6700,13.7200,13.5000,13.5100,13.5100,397400,0.0000,1.0000
2007-03-01,13.5020,13.9000,13.3700,13.7600,13.7600,773226,0.0000,1.0000
2007-02-28,13.7700,14.0600,13.6000,13.8600,13.8600,1446200,0.0000,1.0000
2007-02-27,13.6200,14.2700,13.5200,13.7600,13.7600,2037000,0.0000,1.0000
2007-02-26,14.8200,15.0600,14.3800,14.4200,14.4200,681652,0.0000,1.0000
2007-02-23,14.8000,14.8500,14.6800,14.7900,14.7900,469600,0.0000,1.0000
2007-02-22,14.9300,15.0100,14.7300,14.8200,14.8200,301000,0.0000,1.0000
2007-02-21,14.7700,15.0600,14.7700,14.9100,14.9100,617600,0.0000,1.0000
2007-02-20,14.3100,14.8300,14.2700,14.7500,14.7500,547200,0.0000,1.0000
2007-02-16,14.6200,14.6400,14.2700,14.3800,14.3800,575700,0.0000,1.0000
2007-02-15,14.5600,14.6800,14.4700,14.6200,14.6200,260800,0.0000,1.0000
2007-02-14,14.6800,14.7500,14.4800,14.5600,14.5600,312520,0.0000,1.0000
2007-02-13,14.6100,14.7800,14.4700,14.6900,14.6900,362704,0.0000,1.0000
2007-02-12,14.5900,14.8000,14.4700,14.5200,14.5200,392513,0.0000,1.0000
2007-02-09,14.7700,14.8700,14.5200,14.5400,14.5400,364600,0.0000,1.0000
2007-02-08,14.8500,14.8700,14.5600,14.7900,14.7900,386900,0.0000,1.0000
2007-02-07,14.7500,14.8800,14.6900,14.8500,14.8500,254000,0.0000,1.0000
2007-02-06,15.0200,15.1000,14.5800,14.7500,14.7500,1480200,0.0000,1.0000
2007-02-05,14.9900,15.1000,14.9000,15.0000,15.0000,470200,0.0000,1.0000
2007-02-02,15.2300,15.2500,14.8800,14.9900,14.9900,524500,0.0000,1.0000
2007-02-01,15.2200,15.2200,14.9600,15.2200,15.2200,683200,0.0000,1.0000
2007-01-31,14.8500,15.0200,14.7300,14.9600,14.9600,583600,0.0000,1.0000
2007-01-30,14.9900,15.0300,14.8500,14.9000,14.9000,540700,0.0000,1.0000
2007-01-29,14.6000,15.0700,14.6000,14.9200,14.9200,705700,0.0000,1.0000
2007-01-26,14.7200,14.7700,14.5000,14.6400,14.6400,642000,0.0000,1.0000
2007-01-25,14.9000,15.0400,14.5800,14.6600,14.6600,447900,0.0000,1.0000
2007-01-24,14.7300,14.9200,14.6800,14.8700,14.8700,441200,0.0000,1.0000
2007-01-23,14.1100,14.8000,14.1100,14.6700,14.6700,650800,0.0000,1.0000
2007-01-22,14.0900,14.2300,13.7400,14.1100,14.1100,637400,0.0000,1.0000
2007-01-19,13.6300,13.8700,13.5500,13.8400,13.8400,201400,0.0000,1.0000
2007-01-18,13.6700,13.7100,13.5400,13.5700,13.5700,453400,0.0000,1.0000
2007-01-17,13.6800,13.8100,13.5900,13.7100,13.7100,328300,0.0000,1.0000
2007-01-16,13.9400,13.9900,13.6500,13.7500,13.7500,261500,0.0000,1.0000
2007-01-12,13.7800,13.9900,13.7500,13.9100,13.9100,179200,0.0000,1.0000
2007-01-11,13.6700,13.9000,13.6500,13.8100,13.8100,263900,0.0000,1.0000
2007-01-10,13.5500,13.7100,13.2101,13.6800,13.6800,654700,0.0000,1.0000
2007-01-09,13.6000,13.7400,13.5300,13.6500,13.6500,306900,0.0000,1.0000
2007-01-08,13.5600,13.7000,12.8800,13.6100,13.6100,432100,0.0000,1.0000
2007-01-05,13.8000,13.8000,13.5200,13.5900,13.5900,492400,0.0000,1.0000
2007-01-04,13.8700,13.9400,13.7100,13.8800,13.8800,263900,0.0000,1.0000
2007-01-03,14.0800,14.1895,13.7300,13.9000,13.9000,397300,0.0000,1.0000
2006-12-29,14.1300,14.1600,13.9500,14.0200,14.0200,292300,0.0000,1.0000
2006-12-28,14.0700,14.2600,14.0201,14.1000,14.1000,280800,0.0000,1.0000
2006-12-27,13.9900,14.0900,13.8500,14.0800,14.0800,298100,0.0000,1.0000
2006-12-26,13.8700,14.0500,13.8300,13.9900,13.9900,196400,0.0000,1.0000
2006-12-22,13.9600,13.9700,13.7000,13.8300,13.8300,500000,0.0000,1.0000
2006-12-21,14.0000,14.0500,13.8600,13.9600,13.9600,283100,0.0000,1.0000
2006-12-20,14.0000,14.0400,13.9300,14.0000,14.0000,180000,0.0000,1.0000
2006-12-19,13.8200,14.0000,13.8000,13.9600,13.9600,292500,0.0000,1.0000
2006-12-18,14.0700,14.1500,13.8400,13.8900,13.8900,569000,0.0000,1.0000
2006-12-15,14.1000,14.1900,14.0100,14.0500,14.0500,599400,0.0000,1.0000
2006-12-14,13.9201,14.1600,13.9000,14.0500,14.0500,412300,0.0000,1.0000
2006-12-13,14.1100,14.1300,13.8300,13.9200,13.9200,306900,0.0000,1.0000
2006-12-12,14.0000,14.2200,13.9500,14.0600,14.0600,349600,0.0000,1.0000
2006-12-11,14.2300,14.2900,13.9800,14.0700,14.0700,573300,0.0000,1.0000
2006-12-08,14.3500,14.4500,14.1000,14.1900,14.1900,533400,0.0000,1.0000
2006-12-07,14.3600,14.7300,14.3600,14.4000,14.4000,857700,0.0000,1.0000
2006-12-06,13.9600,14.3800,13.9000,14.3600,14.3600,1010500,0.0000,1.0000
2006-12-05,13.9100,13.9700,13.7500,13.9200,13.9200,335100,0.0000,1.0000
2006-12-04,13.8000,14.1000,13.7000,13.9600,13.9600,322100,0.0000,1.0000
2006-12-01,13.8600,13.9300,13.5500,13.7700,13.7700,371200,0.0000,1.0000
2006-11-30,13.8600,14.0400,13.5401,13.8100,13.8100,425900,0.0000,1.0000
2006-11-29,13.8100,13.9400,13.6300,13.9000,13.9000,320000,0.0000,1.0000
2006-11-28,13.5400,13.7700,13.4800,13.7300,13.7300,314300,0.0000,1.0000
2006-11-27,14.0200,14.0600,13.5700,13.5900,13.5900,357100,0.0000,1.0000
2006-11-24,14.2000,14.2400,14.0200,14.0900,14.0900,115000,0.0000,1.0000
2006-11-22,14.0000,14.4000,13.9700,14.1600,14.1600,578400,0.0000,1.0000
2006-11-21,13.5600,14.0000,13.5100,13.9500,13.9500,561400,0.0000,1.0000
2006-11-20,13.6500,13.6900,13.5600,13.6400,13.6400,171800,0.0000,1.0000
2006-11-17,13.7700,13.8500,13.5800,13.6700,13.6700,218500,0.0000,1.0000
2006-11-16,13.9100,13.9500,13.6800,13.7200,13.7200,226700,0.0000,1.0000
2006-11-15,13.7800,13.9200,13.7300,13.8300,13.8300,305000,0.0000,1.0000
2006-11-14,13.7500,13.7900,13.5200,13.7800,13.7800,867700,0.0000,1.0000
2006-11-13,13.2200,13.4000,13.1200,13.4000,13.4000,844100,0.0000,1.0000
2006-11-10,12.9000,13.1700,12.9000,13.1600,13.1600,753700,0.0000,1.0000
2006-11-09,12.8600,13.0900,12.6100,12.9500,12.9500,1012900,0.0000,1.0000
2006-11-08,12.9000,12.9400,12.7200,12.8000,12.8000,342000,0.0000,1.0000
2006-11-07,12.8100,13.1400,12.8100,12.9900,12.9900,290700,0.0000,1.0000
2006-11-06,12.9100,13.0400,12.7600,12.8400,12.8400,443300,0.0000,1.0000
2006-11-03,12.8800,13.0200,12.8100,12.8100,12.8100,250000,0.0000,1.0000
2006-11-02,12.9200,12.9600,12.7800,12.8300,12.8300,460500,0.0000,1.0000
2006-11-01,13.1800,13.2400,12.9900,13.0000,13.0000,449700,0.0000,1.0000
2006-10-31,13.2500,13.3000,12.9600,13.1000,13.1000,458900,0.0000,1.0000
2006-10-30,13.0000,13.3200,12.8600,13.2000,13.2000,444500,0.0000,1.0000
2006-10-27,13.2400,13.4000,13.1000,13.1600,13.1600,425800,0.0000,1.0000
2006-10-26,13.4100,13.4600,13.1800,13.3200,13.3200,854500,0.0000,1.0000
2006-10-25,13.3700,13.4700,13.2200,13.3500,13.3500,337000,0.0000,1.0000
2006-10-24,13.4000,13.5600,13.2200,13.3400,13.3400,524700,0.0000,1.0000
2006-10-23,13.3300,13.5100,13.2900,13.3900,13.3900,430300,0.0000,1.0000
2006-10-20,13.8100,13.8100,13.3500,13.3700,13.3700,688900,0.0000,1.0000
2006-10-19,13.7500,13.9100,13.6500,13.7300,13.7300,323800,0.0000,1.0000
2006-10-18,13.8700,13.9700,13.7000,13.8000,13.8000,396000,0.0000,1.0000
2006-10-17,13.8800,13.9800,13.7400,13.8000,13.8000,709400,0.0000,1.0000
2006-10-16,13.7000,14.0000,13.5800,13.9500,13.9500,805100,0.0000,1.0000
2006-10-13,13.7000,13.7000,13.3100,13.5000,13.5000,787800,0.0000,1.0000
2006-10-12,13.5000,13.8400,13.3609,13.7600,13.7600,1258800,0.0000,1.0000
2006-10-11,13.3500,13.4900,13.2500,13.4000,13.4000,767300,0.0000,1.0000
2006-10-10,13.2600,13.3900,13.1000,13.3500,13.3500,1556600,0.0000,1.0000
2006-10-09,12.3400,12.9800,12.3400,12.9500,12.9500,1194300,0.0000,1.0000
2006-10-06,12.1700,12.5500,12.0200,12.3300,12.3300,1494700,0.0000,1.0000
2006-10-05,12.3500,12.3800,12.1400,12.1900,12.1900,1138600,0.0000,1.0000
2006-10-04,12.4600,12.7000,12.2500,12.4300,12.4300,1918800,0.0000,1.0000
2006-10-03,12.6201,12.7500,12.4700,12.5500,12.5500,1238500,0.0000,1.0000
2006-10-02,12.8800,12.8900,12.6900,12.6900,12.6900,524600,0.0000,1.0000
2006-09-29,13.0300,13.1999,12.8400,12.8400,12.8400,682000,0.0000,1.0000
2006-09-28,13.1900,13.2700,12.9300,13.0600,13.0600,829200,0.0000,1.0000
2006-09-27,13.2300,13.3600,13.1100,13.1900,13.1900,350400,0.0000,1.0000
2006-09-26,13.3800,13.4700,13.2800,13.3000,13.3000,184000,0.0000,1.0000
2006-09-25,13.3200,13.4500,13.1600,13.3300,13.3300,233400,0.0000,1.0000
2006-09-22,13.4100,13.4700,13.1800,13.2800,13.2800,298600,0.0000,1.0000
2006-09-21,13.8000,13.8500,13.3700,13.4800,13.4800,561700,0.0000,1.0000
2006-09-20,13.6500,13.8000,13.5300,13.7400,13.7400,486300,0.0000,1.0000
2006-09-19,13.7800,13.7800,13.4200,13.5800,13.5800,464200,0.0000,1.0000
2006-09-18,13.7300,13.9000,13.6100,13.8000,13.8000,960200,0.0000,1.0000
2006-09-15,14.0800,14.0900,13.6000,13.8100,13.8100,752900,0.0000,1.0000
2006-09-14,13.8400,13.8700,13.6600,13.7500,13.7500,447900,0.0000,1.0000
2006-09-13,13.9701,14.0200,13.8400,13.9300,13.9300,404500,0.0000,1.0000
2006-09-12,13.9100,14.0400,13.9000,13.9800,13.9800,402100,0.0000,1.0000
2006-09-11,14.0200,14.0500,13.8700,13.9100,13.9100,309100,0.0000,1.0000
2006-09-08,14.3600,14.4599,13.9800,14.1200,14.1200,477200,0.0000,1.0000
2006-09-07,14.2800,14.4900,14.2000,14.3200,14.3200,266400,0.0000,1.0000
2006-09-06,14.3800,14.4900,14.2900,14.3000,14.3000,498900,0.0000,1.0000
2006-09-05,14.0400,14.6300,13.9900,14.4100,14.4100,828900,0.0000,1.0000
2006-09-01,13.8800,14.0200,13.8500,13.9000,13.9000,300800,0.0000,1.0000
2006-08-31,13.7000,13.8100,13.6200,13.7700,13.7700,501900,0.0000,1.0000
2006-08-30,13.5800,13.7100,13.4900,13.6500,13.6500,365500,0.0000,1.0000
2006-08-29,13.6600,13.6900,13.4300,13.5400,13.5400,348400,0.0000,1.0000
2006-08-28,13.6700,13.7600,13.4500,13.6600,13.6600,208600,0.0000,1.0000
2006-08-25,13.4000,13.6100,13.3100,13.5700,13.5700,356100,0.0000,1.0000
2006-08-24,13.5000,13.5000,13.3500,13.4200,13.4200,279200,0.0000,1.0000
2006-08-23,13.5800,13.8700,13.3900,13.4600,13.4600,264600,0.0000,1.0000
2006-08-22,13.3700,13.5600,13.3500,13.5400,13.5400,399200,0.0000,1.0000
2006-08-21,13.6400,13.6400,13.3200,13.4200,13.4200,223700,0.0000,1.0000
2006-08-18,13.6400,13.6400,13.4300,13.6000,13.6000,222800,0.0000,1.0000
2006-08-17,13.3600,13.7400,13.3400,13.6000,13.6000,309300,0.0000,1.0000
2006-08-16,13.3200,13.4400,13.3200,13.3900,13.3900,252300,0.0000,1.0000
2006-08-15,13.1600,13.3700,13.1300,13.2900,13.2900,941900,0.0000,1.0000
2006-08-14,13.0600,13.2100,12.9600,12.9900,12.9900,496100,0.0000,1.0000
2006-08-11,13.4100,13.5500,12.9200,13.0400,13.0400,1127700,0.0000,1.0000
2006-08-10,13.4100,13.5300,13.3700,13.4300,13.4300,496500,0.0000,1.0000
2006-08-09,13.9200,14.0400,13.4000,13.4800,13.4800,1278400,0.0000,1.0000
2006-08-08,14.2500,14.2600,13.8300,13.9200,13.9200,446200,0.0000,1.0000
2006-08-07,14.2200,14.3200,14.0400,14.2000,14.2000,645200,0.0000,1.0000
2006-08-04,14.4700,14.5100,14.1000,14.2000,14.2000,450700,0.0000,1.0000
2006-08-03,14.4600,14.4800,14.3100,14.3300,14.3300,473500,0.0000,1.0000
2006-08-02,14.5100,14.6400,14.4000,14.5700,14.5700,315100,0.0000,1.0000
2006-08-01,14.6100,14.6200,14.3600,14.4600,14.4600,249300,0.0000,1.0000
2006-07-31,14.8600,14.8900,14.6100,14.7100,14.7100,203300,0.0000,1.0000
2006-07-28,14.8800,15.1900,14.8200,14.8800,14.8800,749600,0.0000,1.0000
2006-07-27,15.1300,15.1500,14.7100,14.8500,14.8500,318100,0.0000,1.0000
2006-07-26,15.1000,15.1500,14.7200,15.1100,15.1100,285900,0.0000,1.0000
2006-07-25,15.1500,15.4100,15.0300,15.2000,15.2000,187400,0.0000,1.0000
2006-07-24,15.0400,15.2200,14.9800,15.1300,15.1300,167000,0.0000,1.0000
2006-07-21,15.0400,15.1000,14.8000,14.9800,14.9800,438600,0.0000,1.0000
2006-07-20,15.7000,15.9100,15.0900,15.1200,15.1200,295500,0.0000,1.0000
2006-07-19,15.1800,15.7400,15.1800,15.6300,15.6300,474800,0.0000,1.0000
2006-07-18,15.1000,15.2700,14.7000,15.1200,15.1200,384600,0.0000,1.0000
2006-07-17,15.0800,15.1700,14.9300,15.0700,15.0700,298200,0.0000,1.0000
2006-07-14,15.1700,15.1800,14.8800,15.0800,15.0800,1275000,0.0000,1.0000
2006-07-13,15.4100,15.4300,15.2100,15.2300,15.2300,435000,0.0000,1.0000
2006-07-12,15.8700,16.0000,15.4200,15.4800,15.4800,1014700,0.0000,1.0000
2006-07-11,15.7000,15.9100,15.5700,15.8800,15.8800,834200,0.0000,1.0000
2006-07-10,15.7500,15.9000,15.6500,15.7300,15.7300,399500,0.0000,1.0000
2006-07-07,15.8800,16.0500,15.7800,15.8200,15.8200,358700,0.0000,1.0000
2006-07-06,16.0600,16.2000,15.8400,15.9300,15.9300,299700,0.0000,1.0000
2006-07-05,16.1100,16.1500,15.8800,16.0000,16.0000,523600,0.0000,1.0000
2006-07-03,16.1600,16.2400,16.1000,16.2100,16.2100,394900,0.0000,1.0000
2006-06-30,16.0500,16.2300,15.8300,16.0300,16.0300,459900,0.0000,1.0000
2006-06-29,16.5000,16.5000,15.6200,15.8800,15.8800,922500,0.0000,1.0000
2006-06-28,15.8600,15.8600,15.5500,15.6500,15.6500,715900,0.0000,1.0000
2006-06-27,16.1900,16.2500,15.7100,15.8700,15.8700,636000,0.0000,1.0000
2006-06-26,16.2000,16.3900,16.1000,16.1400,16.1400,281300,0.0000,1.0000
2006-06-23,16.2200,16.2200,16.0000,16.1100,16.1100,358900,0.0000,1.0000
2006-06-22,16.4300,16.4300,16.1700,16.2500,16.2500,366200,0.0000,1.0000
2006-06-21,16.3400,16.5800,16.3200,16.3900,16.3900,556000,0.0000,1.0000
2006-06-20,16.6200,16.6500,16.3500,16.3900,16.3900,500000,0.0000,1.0000
2006-06-19,17.0600,17.1000,16.6400,16.6800,16.6800,574900,0.0000,1.0000
2006-06-16,17.0000,17.2500,16.8300,16.9300,16.9300,795500,0.0000,1.0000
2006-06-15,16.8000,17.0800,16.6700,17.0000,17.0000,1167300,0.0000,1.0000
2006-06-14,16.9600,17.1400,16.5700,16.7000,16.7000,1284900,0.0000,1.0000
2006-06-13,17.1500,17.4500,16.7900,16.9300,16.9300,692700,0.0000,1.0000
2006-06-12,17.2400,17.4900,17.0600,17.1700,17.1700,439700,0.0000,1.0000
2006-06-09,17.5600,17.7000,17.3300,17.4800,17.4800,139200,0.0000,1.0000
2006-06-08,17.5500,17.6700,17.2200,17.5000,17.5000,492000,0.0000,1.0000
2006-06-07,17.7000,17.9100,17.6100,17.6400,17.6400,237100,0.0000,1.0000
2006-06-06,17.7800,17.9200,17.5700,17.6700,17.6700,310000,0.0000,1.0000
2006-06-05,18.1000,18.1000,17.7700,17.7800,17.7800,818400,0.0000,1.0000
2006-06-02,18.5900,18.6200,18.1100,18.1800,18.1800,377400,0.0000,1.0000
2006-06-01,18.1400,18.6400,18.0000,18.5300,18.5300,339200,0.0000,1.0000
2006-05-31,18.1700,18.2700,17.9700,18.1400,18.1400,205700,0.0000,1.0000
2006-05-30,18.2200,18.2700,17.8800,18.1000,18.1000,253800,0.0000,1.0000
2006-05-26,18.4000,18.4300,18.1500,18.3200,18.3200,147100,0.0000,1.0000
2006-05-25,18.2500,18.4100,18.0800,18.3100,18.3100,257000,0.0000,1.0000
2006-05-24,18.0100,18.1700,17.8000,18.1000,18.1000,591500,0.0000,1.0000
2006-05-23,18.0500,18.2700,17.8900,18.0400,18.0400,435500,0.0000,1.0000
2006-05-22,18.1800,18.3900,17.9700,17.9900,17.9900,1119500,0.0000,1.0000
2006-05-19,18.5600,18.6800,18.2400,18.2700,18.2700,698000,0.0000,1.0000
2006-05-18,18.6400,18.8200,18.5000,18.5800,18.5800,200800,0.0000,1.0000
2006-05-17,18.8000,18.9900,18.5300,18.6000,18.6000,356600,0.0000,1.0000
2006-05-16,18.8000,18.8700,18.6200,18.8700,18.8700,292000,0.0000,1.0000
2006-05-15,19.2500,19.2500,18.5300,18.6900,18.6900,416100,0.0000,1.0000
2006-05-12,18.9500,19.0100,18.5000,18.6300,18.6300,426700,0.0000,1.0000
2006-05-11,19.0800,19.1500,18.9100,18.9900,18.9900,250400,0.0000,1.0000
2006-05-10,19.0500,19.2400,19.0400,19.0800,19.0800,255200,0.0000,1.0000
2006-05-09,19.3600,19.3800,19.1500,19.1800,19.1800,150400,0.0000,1.0000
2006-05-08,19.6200,19.7200,19.3400,19.4200,19.4200,189900,0.0000,1.0000
2006-05-05,19.5800,19.7600,19.3500,19.5700,19.5700,186900,0.0000,1.0000
2006-05-04,19.4400,19.6200,19.3500,19.4800,19.4800,209900,0.0000,1.0000
2006-05-03,19.4300,19.4800,19.2000,19.3500,19.3500,292000,0.0000,1.0000
2006-05-02,19.4200,19.4800,19.2400,19.4000,19.4000,238900,0.0000,1.0000
2006-05-01,19.5400,19.5500,19.3500,19.4200,19.4200,420000,0.0000,1.0000
2006-04-28,18.9600,19.6300,18.9600,19.5400,19.5400,237800,0.0000,1.0000
2006-04-27,19.3400,19.8800,19.3100,19.4600,19.4600,261100,0.0000,1.0000
2006-04-26,19.8500,19.9100,19.4000,19.4500,19.4500,217200,0.0000,1.0000
2006-04-25,19.9400,19.9400,19.6000,19.8100,19.8100,197500,0.0000,1.0000
2006-04-24,19.8000,20.0100,19.7500,19.9500,19.9500,160500,0.0000,1.0000
2006-04-21,20.3500,20.3500,19.7100,19.8200,19.8200,395900,0.0000,1.0000
2006-04-20,20.0300,20.0800,19.7700,20.0500,20.0500,335200,0.0000,1.0000
2006-04-19,19.9100,20.2000,19.8400,20.0500,20.0500,329500,0.0000,1.0000
2006-04-18,19.5500,19.8900,19.3400,19.8300,19.8300,352900,0.0000,1.0000
2006-04-17,19.4100,19.5900,19.3200,19.5000,19.5000,733400,0.0000,1.0000
2006-04-13,19.3800,19.4500,19.2500,19.4200,19.4200,463600,0.0000,1.0000
2006-04-12,19.0000,19.3900,18.9400,19.3800,19.3800,684600,0.0000,1.0000
2006-04-11,19.6000,19.6100,19.0000,19.1000,19.1000,634900,0.0000,1.0000
2006-04-10,19.9000,20.0000,19.2700,19.4000,19.4000,1274800,0.0000,1.0000
2006-04-07,20.1400,20.2900,19.7600,20.0500,20.0500,525200,0.0000,1.0000
2006-04-06,20.3500,20.3700,20.0742,20.1600,20.1600,225300,0.0000,1.0000
2006-04-05,20.4000,20.4700,20.1800,20.4000,20.4000,766000,0.0000,1.0000
2006-04-04,20.4700,20.7000,20.0000,20.4500,20.4500,504500,0.0000,1.0000
2006-04-03,20.6000,20.7500,20.1900,20.3700,20.3700,596300,0.0000,1.0000
2006-03-31,20.5600,20.6500,20.4000,20.5500,20.5500,605800,0.0000,1.0000
2006-03-30,20.4200,20.5700,20.4000,20.5100,20.5100,1207500,0.0000,1.0000
2006-03-29,19.9000,20.4500,19.6000,20.4000,20.4000,746100,0.0000,1.0000
2006-03-28,19.8000,19.9900,19.7300,19.9200,19.9200,397900,0.0000,1.0000
2006-03-27,19.9000,19.9000,19.6000,19.7400,19.7400,163500,0.0000,1.0000
2006-03-24,19.8300,19.9300,19.6900,19.9300,19.9300,149400,0.0000,1.0000
2006-03-23,19.9900,19.9900,19.6400,19.8200,19.8200,162600,0.0000,1.0000
2006-03-22,19.6300,19.9500,19.5300,19.9200,19.9200,202500,0.0000,1.0000
2006-03-21,19.8100,19.9200,19.5710,19.7100,19.7100,551300,0.0000,1.0000
2006-03-20,20.0100,20.0400,19.6248,19.8100,19.8100,373500,0.0000,1.0000
2006-03-17,19.9200,20.0400,19.7400,20.0400,20.0400,638200,0.0000,1.0000
2006-03-16,19.8200,19.9300,19.6400,19.8500,19.8500,217100,0.0000,1.0000
2006-03-15,19.6000,19.9700,19.5500,19.9000,19.9000,437800,0.0000,1.0000
2006-03-14,19.2100,19.5500,19.0800,19.5500,19.5500,376400,0.0000,1.0000
2006-03-13,19.2700,19.3400,19.0700,19.2600,19.2600,323200,0.0000,1.0000
2006-03-10,19.1000,19.2600,18.9000,19.1600,19.1600,577100,0.0000,1.0000
2006-03-09,19.1600,19.2900,19.0300,19.0400,19.0400,313200,0.0000,1.0000
2006-03-08,19.1000,19.1900,18.9000,19.1000,19.1000,191600,0.0000,1.0000
2006-03-07,19.2700,19.2800,19.0200,19.1200,19.1200,340700,0.0000,1.0000
2006-03-06,19.4100,19.4700,18.5500,19.3100,19.3100,407000,0.0000,1.0000
2006-03-03,19.4900,19.7400,19.3000,19.5000,19.5000,310100,0.0000,1.0000
2006-03-02,19.3900,19.6100,19.2100,19.5000,19.5000,497900,0.0000,1.0000
2006-03-01,19.2200,19.4400,18.8900,19.4000,19.4000,1414300,0.0000,1.0000
2006-02-28,19.2300,19.2500,19.0700,19.2500,19.2500,636300,0.0000,1.0000
2006-02-27,19.2300,19.5500,19.0700,19.3300,19.3300,197000,0.0000,1.0000
2006-02-24,19.2100,19.3300,19.0200,19.2600,19.2600,134500,0.0000,1.0000
2006-02-23,19.1900,19.5600,19.0700,19.2500,19.2500,267900,0.0000,1.0000
2006-02-22,19.3300,19.6500,19.2400,19.2800,19.2800,303900,0.0000,1.0000
2006-02-21,19.5500,19.7300,19.1300,19.2400,19.2400,308500,0.0000,1.0000
2006-02-17,19.8000,19.8600,19.4198,19.5900,19.5900,343100,0.0000,1.0000
2006-02-16,19.5500,19.8400,19.4500,19.7200,19.7200,187800,0.0000,1.0000
2006-02-15,19.2700,19.5000,19.2000,19.4100,19.4100,264800,0.0000,1.0000
2006-02-14,19.2900,19.3500,19.0000,19.2500,19.2500,579600,0.0000,1.0000
2006-02-13,19.5700,19.6900,18.8800,19.2300,19.2300,709300,0.0000,1.0000
2006-02-10,20.0500,20.1300,19.5500,19.6600,19.6600,582300,0.0000,1.0000
2006-02-09,20.2000,20.2000,19.8300,20.1100,20.1100,357100,0.0000,1.0000
2006-02-08,19.9700,20.2300,19.8700,20.2100,20.2100,203700,0.0000,1.0000
2006-02-07,20.2500,20.3200,20.0000,20.0000,20.0000,288000,0.0000,1.0000
2006-02-06,19.9500,20.2500,19.9000,20.2500,20.2500,360200,0.0000,1.0000
2006-02-03,19.9600,20.2000,19.8500,20.0100,20.0100,827600,0.0000,1.0000
2006-02-02,19.9000,20.0000,19.7200,19.9500,19.9500,571700,0.0000,1.0000
2006-02-01,19.9900,20.3900,19.9500,20.1200,20.1200,526300,0.0000,1.0000
2006-01-31,19.8500,20.0900,19.5600,20.0300,20.0300,1691400,0.0000,1.0000
2006-01-30,19.8300,19.9100,19.7200,19.9100,19.9100,549500,0.0000,1.0000
2006-01-27,19.7100,19.9200,19.5800,19.9200,19.9200,287400,0.0000,1.0000
2006-01-26,19.5900,19.7600,19.5300,19.6700,19.6700,264500,0.0000,1.0000
2006-01-25,19.5000,19.7600,19.3000,19.5300,19.5300,481800,0.0000,1.0000
2006-01-24,19.3900,19.6352,19.2600,19.5200,19.5200,392400,0.0000,1.0000
2006-01-23,19.3800,19.4000,19.1800,19.3400,19.3400,501800,0.0000,1.0000
2006-01-20,19.3500,19.4800,19.2200,19.3800,19.3800,1231600,0.0000,1.0000
2006-01-19,19.3500,19.3800,19.0300,19.3300,19.3300,777800,0.0000,1.0000
2006-01-18,19.0700,19.3500,19.0700,19.2000,19.2000,456000,0.0000,1.0000
2006-01-17,19.1900,19.3600,19.1200,19.2600,19.2600,568800,0.0000,1.0000
2006-01-13,19.0600,19.4200,19.0600,19.3600,19.3600,457400,0.0000,1.0000
2006-01-12,19.1100,19.2100,19.0000,19.1000,19.1000,486200,0.0000,1.0000
2006-01-11,19.0000,19.1100,18.8800,19.1100,19.1100,600600,0.0000,1.0000
2006-01-10,18.6500,18.9700,18.5300,18.9200,18.9200,435600,0.0000,1.0000
2006-01-09,18.5200,18.7100,18.4100,18.7100,18.7100,747700,0.0000,1.0000
2006-01-06,18.0700,18.7000,18.0100,18.5300,18.5300,1755700,0.0000,1.0000
2006-01-05,17.8300,18.1000,17.7000,18.0500,18.0500,1192700,0.0000,1.0000
2006-01-04,17.6200,17.9100,17.5100,17.8600,17.8600,721100,0.0000,1.0000
2006-01-03,17.8100,17.8600,17.3800,17.5600,17.5600,997900,0.0000,1.0000
2005-12-30,17.5100,17.8000,17.4100,17.7500,17.7500,546100,0.0000,1.0000
2005-12-29,17.5000,17.6900,17.3200,17.5700,17.5700,983000,0.0000,1.0000
2005-12-28,18.1000,18.1500,17.9300,17.9900,17.9900,104400,0.0000,1.0000
2005-12-27,18.3800,18.3800,17.9800,18.0500,18.0500,178100,0.0000,1.0000
2005-12-23,18.4800,18.4900,18.1500,18.3600,18.3600,83000,0.0000,1.0000
2005-12-22,18.2000,18.4500,18.1100,18.4000,18.4000,185500,0.0000,1.0000
2005-12-21,18.0300,18.2100,17.9800,18.1400,18.1400,174400,0.0000,1.0000
2005-12-20,18.0100,18.2000,17.9900,18.0100,18.0100,172000,0.0000,1.0000
2005-12-19,18.2900,18.2900,17.9500,18.0200,18.0200,224500,0.0000,1.0000
2005-12-16,18.6500,18.7400,18.3000,18.3000,18.3000,661100,0.0000,1.0000
2005-12-15,18.1300,18.3000,18.1000,18.1900,18.1900,196700,0.0000,1.0000
2005-12-14,18.1200,18.3000,18.0000,18.1300,18.1300,294200,0.0000,1.0000
2005-12-13,18.1400,18.3000,18.0500,18.1500,18.1500,181300,0.0000,1.0000
2005-12-12,18.2600,18.3700,18.0800,18.1600,18.1600,174600,0.0000,1.0000
2005-12-09,18.3000,18.4100,18.1000,18.2600,18.2600,120900,0.0000,1.0000
2005-12-08,18.1500,18.5000,17.9100,18.2800,18.2800,272200,0.0000,1.0000
2005-12-07,18.1600,18.2400,18.0900,18.1000,18.1000,223000,0.0000,1.0000
2005-12-06,18.2800,18.5000,18.1100,18.1400,18.1400,149600,0.0000,1.0000
2005-12-05,18.4200,18.4200,18.1100,18.2800,18.2800,261500,0.0000,1.0000
2005-12-02,18.4900,18.7100,18.3300,18.5100,18.5100,132100,0.0000,1.0000
2005-12-01,18.2700,18.7000,18.2600,18.5500,18.5500,452200,0.0000,1.0000
2005-11-30,18.1700,18.4200,18.1700,18.2600,18.2600,241100,0.0000,1.0000
2005-11-29,18.0300,18.2600,17.9500,18.1600,18.1600,178300,0.0000,1.0000
2005-11-28,18.1000,18.2500,17.9100,17.9500,17.9500,1046800,0.0000,1.0000
2005-11-25,18.2000,18.2300,18.0100,18.1300,18.1300,47400,0.0000,1.0000
2005-11-23,18.0900,18.2400,18.0700,18.1500,18.1500,114200,0.0000,1.0000
2005-11-22,17.9700,18.2400,17.9200,18.1900,18.1900,167700,0.0000,1.0000
2005-11-21,18.0600,18.1300,17.9700,17.9900,17.9900,337800,0.0000,1.0000
2005-11-18,18.4600,18.4600,18.0000,18.0600,18.0600,772800,0.0000,1.0000
2005-11-17,18.1400,18.3000,17.9200,18.3000,18.3000,341100,0.0000,1.0000
2005-11-16,18.0700,18.1600,17.8400,18.0400,18.0400,147100,0.0000,1.0000
2005-11-15,17.9500,18.1500,17.7900,18.0700,18.0700,257700,0.0000,1.0000
2005-11-14,18.1800,18.1800,17.8100,17.9500,17.9500,229700,0.0000,1.0000
2005-11-11,18.3100,18.3900,18.0500,18.1500,18.1500,76300,0.0000,1.0000
2005-11-10,18.0000,18.3500,17.7700,18.3400,18.3400,226300,0.0000,1.0000
2005-11-09,18.1400,18.2600,18.0100,18.0300,18.0300,210300,0.0000,1.0000
2005-11-08,18.2600,18.2600,18.0000,18.1600,18.1600,196700,0.0000,1.0000
2005-11-07,18.5500,18.6500,18.2600,18.3400,18.3400,90900,0.0000,1.0000
2005-11-04,18.4300,18.5300,18.2500,18.5300,18.5300,128100,0.0000,1.0000
2005-11-03,18.4500,18.6900,18.3100,18.4400,18.4400,351000,0.0000,1.0000
2005-11-02,18.1300,18.3400,18.1100,18.3400,18.3400,175100,0.0000,1.0000
2005-11-01,18.2600,18.4000,17.9800,18.1400,18.1400,416900,0.0000,1.0000
2005-10-31,18.3600,18.6400,18.2300,18.3400,18.3400,296400,0.0000,1.0000
2005-10-28,18.3700,18.4400,18.2000,18.3200,18.3200,250500,0.0000,1.0000
2005-10-27,18.5000,18.7500,18.2100,18.3200,18.3200,264100,0.0000,1.0000
2005-10-26,18.6800,18.7800,18.5100,18.6000,18.6000,370900,0.0000,1.0000
2005-10-25,18.8300,18.8300,18.4900,18.7600,18.7600,268200,0.0000,1.0000
2005-10-24,18.7500,18.9800,18.6700,18.9800,18.9800,111600,0.0000,1.0000
2005-10-21,18.6400,18.9500,18.5600,18.7300,18.7300,149000,0.0000,1.0000
2005-10-20,18.9500,19.0600,18.5000,18.5900,18.5900,237600,0.0000,1.0000
2005-10-19,18.7000,19.0500,18.6700,19.0000,19.0000,221700,0.0000,1.0000
2005-10-18,18.9800,19.1000,18.7400,18.8200,18.8200,304300,0.0000,1.0000
2005-10-17,18.4600,19.0100,18.2000,19.0000,19.0000,403400,0.0000,1.0000
2005-10-14,18.2600,18.4800,17.9100,18.4300,18.4300,224400,0.0000,1.0000
2005-10-13,17.9100,18.2800,17.7400,18.2000,18.2000,359700,0.0000,1.0000
2005-10-12,18.1000,18.1500,17.8900,17.9000,17.9000,606600,0.0000,1.0000
2005-10-11,18.1800,18.5100,18.0100,18.1000,18.1000,378800,0.0000,1.0000
2005-10-10,18.1400,18.3600,17.9500,18.1300,18.1300,147600,0.0000,1.0000
2005-10-07,18.5000,18.7000,17.9300,18.0800,18.0800,354000,0.0000,1.0000
2005-10-06,18.2800,18.5500,17.9500,18.0700,18.0700,379200,0.0000,1.0000
2005-10-05,18.4400,18.5600,18.2000,18.2700,18.2700,359400,0.0000,1.0000
2005-10-04,18.5600,18.9100,18.4400,18.5100,18.5100,227400,0.0000,1.0000
2005-10-03,18.6400,18.9500,18.5100,18.5200,18.5200,475300,0.0000,1.0000
2005-09-30,18.7100,18.8100,18.5700,18.6500,18.6500,337500,0.0000,1.0000
2005-09-29,18.8300,18.8800,18.6500,18.7600,18.7600,246100,0.0000,1.0000
2005-09-28,19.1800,19.2800,18.7500,18.8500,18.8500,355100,0.0000,1.0000
2005-09-27,18.9100,19.2200,18.6800,19.1400,19.1400,190200,0.0000,1.0000
2005-09-26,18.7700,19.1400,18.6400,18.9500,18.9500,198000,0.0000,1.0000
2005-09-23,18.7100,18.7900,18.5100,18.7000,18.7000,315200,0.0000,1.0000
2005-09-22,18.9000,18.9600,18.5300,18.7500,18.7500,488700,0.0000,1.0000
2005-09-21,19.3000,19.3400,18.9500,19.0000,19.0000,1157400,0.0000,1.0000
2005-09-20,19.6000,19.6000,19.1700,19.3100,19.3100,207800,0.0000,1.0000
2005-09-19,19.5600,19.5700,19.3800,19.5100,19.5100,290000,0.0000,1.0000
2005-09-16,19.5800,19.6400,19.4900,19.6300,19.6300,586300,0.0000,1.0000
2005-09-15,19.5100,19.5200,19.3800,19.4600,19.4600,303700,0.0000,1.0000
2005-09-14,19.5200,19.5400,19.4500,19.4900,19.4900,232400,0.0000,1.0000
2005-09-13,19.5800,19.6500,19.4900,19.5200,19.5200,163400,0.0000,1.0000
2005-09-12,19.1100,19.9900,19.0000,19.6900,19.6900,582800,0.0000,1.0000
2005-09-09,18.9800,19.2600,18.8100,19.1000,19.1000,201700,0.0000,1.0000
2005-09-08,18.9100,18.9800,18.7200,18.9800,18.9800,430200,0.0000,1.0000
2005-09-07,18.9000,19.0700,18.8300,19.0000,19.0000,144900,0.0000,1.0000
2005-09-06,19.0300,19.1200,18.9400,19.0000,19.0000,223200,0.0000,1.0000
2005-09-02,19.0500,19.0600,18.8600,19.0200,19.0200,82100,0.0000,1.0000
2005-09-01,18.8600,19.2000,18.8600,19.0500,19.0500,461600,0.0000,1.0000
2005-08-31,18.8900,18.9800,18.6000,18.8500,18.8500,328800,0.0000,1.0000
2005-08-30,19.0700,19.1100,18.8400,18.8900,18.8900,393800,0.0000,1.0000
2005-08-29,18.8300,19.1200,18.7600,19.1200,19.1200,230000,0.0000,1.0000
2005-08-26,19.1400,19.1980,18.8200,18.9100,18.9100,347600,0.0000,1.0000
2005-08-25,19.2000,19.2900,19.0200,19.1200,19.1200,174300,0.0000,1.0000
2005-08-24,19.2900,19.5000,19.1300,19.2000,19.2000,243500,0.0000,1.0000
2005-08-23,19.5000,19.5300,19.2000,19.3300,19.3300,154300,0.0000,1.0000
2005-08-22,19.4600,19.6100,19.3300,19.5000,19.5000,166900,0.0000,1.0000
2005-08-19,19.3200,19.5300,19.2500,19.4500,19.4500,72000,0.0000,1.0000
2005-08-18,19.6000,19.6300,19.3300,19.3800,19.3800,194000,0.0000,1.0000
2005-08-17,19.5200,19.8500,19.4300,19.6400,19.6400,185200,0.0000,1.0000
2005-08-16,19.8500,19.8600,19.4400,19.5700,19.5700,438300,0.0000,1.0000
2005-08-15,19.5500,19.9800,19.4000,19.9100,19.9100,117900,0.0000,1.0000
2005-08-12,19.6600,19.7800,19.4600,19.5700,19.5700,145900,0.0000,1.0000
2005-08-11,19.6300,19.7900,19.4800,19.7500,19.7500,122300,0.0000,1.0000
2005-08-10,19.6800,19.9300,19.3500,19.6700,19.6700,208500,0.0000,1.0000
2005-08-09,19.7000,19.8100,19.5500,19.7000,19.7000,89400,0.0000,1.0000
2005-08-08,19.8000,19.8900,19.5500,19.6100,19.6100,269700,0.0000,1.0000
2005-08-05,19.9600,20.0200,19.7000,19.8100,19.8100,180500,0.0000,1.0000
2005-08-04,20.2500,20.3100,19.9100,19.9900,19.9900,155200,0.0000,1.0000
2005-08-03,20.3100,20.3700,20.1700,20.3200,20.3200,132800,0.0000,1.0000
2005-08-02,20.3300,20.5000,20.3100,20.4300,20.4300,979600,0.0000,1.0000
2005-08-01,20.1900,20.6200,20.1700,20.2600,20.2600,394600,0.0000,1.0000
2005-07-29,20.2500,20.4500,19.9700,20.1700,20.1700,204900,0.0000,1.0000
2005-07-28,19.9700,20.3000,19.9000,20.2900,20.2900,296000,0.0000,1.0000
2005-07-27,19.8800,20.0000,19.6100,19.9000,19.9000,198000,0.0000,1.0000
2005-07-26,19.7000,20.0200,19.5600,19.8500,19.8500,343300,0.0000,1.0000
2005-07-25,19.7100,19.7900,19.5200,19.6900,19.6900,190100,0.0000,1.0000
2005-07-22,19.4600,19.7800,19.2800,19.7000,19.7000,259600,0.0000,1.0000
2005-07-21,19.8600,19.8600,19.4000,19.5000,19.5000,262500,0.0000,1.0000
2005-07-20,19.4500,19.8700,19.3500,19.8700,19.8700,313800,0.0000,1.0000
2005-07-19,19.4200,19.5800,19.2000,19.5800,19.5800,118100,0.0000,1.0000
2005-07-18,19.6000,19.6000,19.2700,19.3500,19.3500,190000,0.0000,1.0000
2005-07-15,19.5500,19.8000,19.3600,19.6300,19.6300,242500,0.0000,1.0000
2005-07-14,19.9400,20.1000,19.6100,19.7200,19.7200,553500,0.0000,1.0000
2005-07-13,19.3500,19.9400,19.3000,19.8500,19.8500,1277800,0.0000,1.0000
2005-07-12,19.8100,19.8100,19.3500,19.3500,19.3500,388100,0.0000,1.0000
2005-07-11,19.4000,19.8900,19.2900,19.8500,19.8500,444400,0.0000,1.0000
2005-07-08,19.0000,19.3700,18.7200,19.3000,19.3000,345600,0.0000,1.0000
2005-07-07,19.2000,19.4400,18.2000,19.0000,19.0000,1024800,0.0000,1.0000
2005-07-06,19.6700,19.6700,19.2300,19.4000,19.4000,252600,0.0000,1.0000
2005-07-05,19.2400,19.6900,19.1300,19.6900,19.6900,224800,0.0000,1.0000
2005-07-01,19.2500,19.4100,19.0800,19.3300,19.3300,145700,0.0000,1.0000
2005-06-30,19.3500,19.6200,19.2400,19.2600,19.2600,206000,0.0000,1.0000
2005-06-29,19.2600,19.3600,19.0800,19.3200,19.3200,168900,0.0000,1.0000
2005-06-28,19.0000,19.2500,18.9000,19.2400,19.2400,282000,0.0000,1.0000
2005-06-27,18.9000,19.0800,18.7500,18.9300,18.9300,244200,0.0000,1.0000
2005-06-24,19.4800,19.5000,18.9800,18.9800,18.9800,388100,0.0000,1.0000
2005-06-23,19.3000,19.7500,19.2000,19.6000,19.6000,536700,0.0000,1.0000
2005-06-22,19.2500,19.6300,19.2500,19.3500,19.3500,408200,0.0000,1.0000
2005-06-21,19.0700,19.3600,18.7700,19.2600,19.2600,319800,0.0000,1.0000
2005-06-20,19.1200,19.3400,19.0100,19.0700,19.0700,451000,0.0000,1.0000
2005-06-17,19.4300,19.5000,19.1500,19.1500,19.1500,303800,0.0000,1.0000
2005-06-16,19.2800,19.4400,19.1700,19.4200,19.4200,309200,0.0000,1.0000
2005-06-15,19.3100,19.4000,18.9100,19.3000,19.3000,269300,0.0000,1.0000
2005-06-14,18.9400,19.3800,18.8000,19.2900,19.2900,738900,0.0000,1.0000
2005-06-13,18.8000,19.1100,18.7700,18.9800,18.9800,251200,0.0000,1.0000
2005-06-10,19.0000,19.0000,18.8100,18.9000,18.9000,102400,0.0000,1.0000
2005-06-09,18.6800,19.0700,18.6000,19.0000,19.0000,206800,0.0000,1.0000
2005-06-08,19.0700,19.1000,18.7500,18.7700,18.7700,172900,0.0000,1.0000
2005-06-07,19.0600,19.2000,18.9700,19.0400,19.0400,387100,0.0000,1.0000
2005-06-06,18.5600,19.1200,18.5500,19.0300,19.0300,381500,0.0000,1.0000
2005-06-03,18.7400,18.8000,18.5300,18.5600,18.5600,221700,0.0000,1.0000
2005-06-02,19.0100,19.0800,18.6000,18.6900,18.6900,281300,0.0000,1.0000
2005-06-01,18.9000,18.9000,18.9000,18.9000,18.9000,387900,0.0000,1.0000
2005-05-31,18.7600,18.9000,18.4300,18.9000,18.9000,344500,0.0000,1.0000
2005-05-27,18.5300,18.8500,18.5000,18.7000,18.7000,277100,0.0000,1.0000
2005-05-26,18.3900,18.5900,18.2100,18.5000,18.5000,237100,0.0000,1.0000
2005-05-25,18.5200,18.5500,18.2400,18.2900,18.2900,595500,0.0000,1.0000
2005-05-24,18.7100,18.8500,18.5600,18.5900,18.5900,260300,0.0000,1.0000
2005-05-23,18.7200,18.8800,18.5500,18.8100,18.8100,497100,0.0000,1.0000
2005-05-20,18.7300,18.7600,18.5000,18.7200,18.7200,673900,0.0000,1.0000
2005-05-19,18.5000,18.8000,18.5000,18.6700,18.6700,273800,0.0000,1.0000
2005-05-18,18.3300,18.6500,18.2900,18.5500,18.5500,489300,0.0000,1.0000
2005-05-17,18.0600,18.2900,18.0600,18.2000,18.2000,434200,0.0000,1.0000
2005-05-16,18.0900,18.2000,18.0000,18.1600,18.1600,476600,0.0000,1.0000
2005-05-13,18.0700,18.2000,17.9400,18.1000,18.1000,724000,0.0000,1.0000
2005-05-12,18.5100,18.5400,17.8800,18.1500,18.1500,1474200,0.0000,1.0000
2005-05-11,18.7600,18.8700,18.3000,18.5200,18.5200,445600,0.0000,1.0000
2005-05-10,18.8600,19.1000,18.6800,18.7100,18.7100,331700,0.0000,1.0000
2005-05-09,18.9500,19.1700,18.7400,19.0300,19.0300,549700,0.0000,1.0000
2005-05-06,18.9600,19.0200,18.7500,18.8800,18.8800,229500,0.0000,1.0000
2005-05-05,18.9400,19.0900,18.6700,18.7800,18.7800,576000,0.0000,1.0000
2005-05-04,18.7200,19.1800,18.7200,18.9800,18.9800,228100,0.0000,1.0000
2005-05-03,18.7000,19.0300,18.5600,18.7500,18.7500,360800,0.0000,1.0000
2005-05-02,19.0200,19.1200,18.6100,18.6900,18.6900,522700,0.0000,1.0000
2005-04-29,19.0600,19.1300,18.9700,19.0100,19.0100,749300,0.0000,1.0000
2005-04-28,19.5000,19.6100,18.9400,19.0000,19.0000,416000,0.0000,1.0000
2005-04-27,19.6600,19.8600,19.4400,19.5000,19.5000,258400,0.0000,1.0000
2005-04-26,19.7300,19.8800,19.6700,19.7800,19.7800,300800,0.0000,1.0000
2005-04-25,19.9600,20.0000,19.7600,19.8500,19.8500,210700,0.0000,1.0000
2005-04-22,19.8300,20.0500,19.6500,19.8200,19.8200,391500,0.0000,1.0000
2005-04-21,19.6700,19.9900,19.5700,19.8800,19.8800,300400,0.0000,1.0000
2005-04-20,19.9000,19.9000,19.4700,19.5000,19.5000,354400,0.0000,1.0000
2005-04-19,19.6000,19.8400,19.5400,19.8400,19.8400,549400,0.0000,1.0000
2005-04-18,20.1000,20.3000,19.5500,19.6100,19.6100,515100,0.0000,1.0000
2005-04-15,20.0500,20.3100,19.9400,20.0500,20.0500,429800,0.0000,1.0000
2005-04-14,20.2000,20.3200,19.9400,20.0400,20.0400,574400,0.0000,1.0000
2005-04-13,20.8500,20.8500,20.1900,20.2000,20.2000,446500,0.0000,1.0000
2005-04-12,20.8200,20.9100,20.6600,20.8600,20.8600,295900,0.0000,1.0000
2005-04-11,20.8400,21.0000,20.7700,20.8200,20.8200,241900,0.0000,1.0000
2005-04-08,20.7300,21.0400,20.6700,20.8000,20.8000,291600,0.0000,1.0000
2005-04-07,21.0000,21.0000,20.7000,20.8000,20.8000,496200,0.0000,1.0000
2005-04-06,20.7500,21.2500,20.6200,21.0000,21.0000,1048400,0.0000,1.0000
2005-04-05,20.0000,20.7100,20.0000,20.7100,20.7100,795300,0.0000,1.0000
2005-04-04,19.8500,20.3300,19.7600,20.0800,20.0800,1038900,0.0000,1.0000
2005-04-01,20.1500,20.3700,19.7100,19.8500,19.8500,1353800,0.0000,1.0000
2005-03-31,20.0500,20.5100,19.9800,20.0000,20.0000,627000,0.0000,1.0000
2005-03-30,19.9100,20.1500,19.8300,19.9800,19.9800,578200,0.0000,1.0000
2005-03-29,19.9200,20.1900,19.6400,19.9200,19.9200,613600,0.0000,1.0000
2005-03-28,20.3800,20.3900,19.9100,19.9100,19.9100,617900,0.0000,1.0000
2005-03-24,20.2500,20.6100,20.0300,20.3900,20.3900,432300,0.0000,1.0000
2005-03-23,20.4500,20.5500,20.1600,20.2300,20.2300,333200,0.0000,1.0000
2005-03-22,20.7400,20.8000,20.4400,20.6400,20.6400,581600,0.0000,1.0000
2005-03-21,20.6800,20.8000,20.6100,20.7300,20.7300,355100,0.0000,1.0000
2005-03-18,20.3100,21.0500,20.3000,20.7500,20.7500,1338700,0.0000,1.0000
2005-03-17,19.6500,20.3500,19.5500,20.2700,20.2700,1665400,0.0000,1.0000
2005-03-16,19.4000,19.6500,19.2600,19.5100,19.5100,535600,0.0000,1.0000
2005-03-15,19.7000,19.7700,19.2200,19.4500,19.4500,577200,0.0000,1.0000
2005-03-14,19.4900,19.7400,19.4700,19.6900,19.6900,892100,0.0000,1.0000
2005-03-11,19.2300,19.5600,19.2000,19.5600,19.5600,744300,0.0000,1.0000
2005-03-10,19.0000,19.5900,18.8500,19.3100,19.3100,995500,0.0000,1.0000
2005-03-09,19.0700,19.0900,18.7500,19.0500,19.0500,325200,0.0000,1.0000
2005-03-08,19.1000,19.1900,19.0700,19.1100,19.1100,437900,0.0000,1.0000
2005-03-07,19.1000,19.2500,18.9500,19.1600,19.1600,580500,0.0000,1.0000
2005-03-04,18.9800,19.1400,18.8000,19.1000,19.1000,632100,0.0000,1.0000
2005-03-03,19.1400,19.2100,18.9100,18.9600,18.9600,442000,0.0000,1.0000
2005-03-02,18.8800,19.2800,18.7400,19.1800,19.1800,482600,0.0000,1.0000
2005-03-01,18.6200,19.1900,18.6200,19.0400,19.0400,1014200,0.0000,1.0000
2005-02-28,18.8000,18.8700,18.5900,18.6700,18.6700,469800,0.0000,1.0000
2005-02-25,18.6000,18.9900,18.5300,18.9500,18.9500,914200,0.0000,1.0000
2005-02-24,18.2100,18.7100,18.0200,18.7000,18.7000,621700,0.0000,1.0000
2005-02-23,18.0900,18.2900,17.3300,18.2000,18.2000,914800,0.0000,1.0000
2005-02-22,18.1300,18.2500,17.9900,18.1000,18.1000,562400,0.0000,1.0000
2005-02-18,18.1000,18.1800,18.0000,18.1300,18.1300,285400,0.0000,1.0000
2005-02-17,18.2800,18.4500,18.0100,18.1000,18.1000,474900,0.0000,1.0000
2005-02-16,17.9100,18.2500,17.9000,18.2100,18.2100,572200,0.0000,1.0000
2005-02-15,18.0000,18.0200,17.9400,17.9700,17.9700,237300,0.0000,1.0000
2005-02-14,18.0000,18.0600,17.9200,18.0200,18.0200,421000,0.0000,1.0000
2005-02-11,18.3600,18.3600,18.0000,18.1200,18.1200,552400,0.0000,1.0000
2005-02-10,18.5000,18.5000,18.2800,18.3600,18.3600,398100,0.0000,1.0000
2005-02-09,18.8000,18.8000,18.2700,18.4900,18.4900,427900,0.0000,1.0000
2005-02-08,18.5100,18.7800,18.4500,18.7800,18.7800,589400,0.0000,1.0000
2005-02-07,18.5500,18.8800,18.4700,18.5100,18.5100,558300,0.0000,1.0000
2005-02-04,18.5400,18.5500,18.4300,18.5500,18.5500,1381700,0.0000,1.0000
2005-02-03,18.7000,18.7000,18.4000,18.5000,18.5000,240700,0.0000,1.0000
2005-02-02,18.5400,18.7800,18.3800,18.7800,18.7800,447600,0.0000,1.0000
2005-02-01,18.4900,18.6100,18.3600,18.5800,18.5800,464000,0.0000,1.0000
2005-01-31,18.3300,18.6900,18.0700,18.5800,18.5800,476100,0.0000,1.0000
2005-01-28,18.2400,18.2500,18.0100,18.2400,18.2400,264200,0.0000,1.0000
2005-01-27,18.2200,18.4200,18.0100,18.3200,18.3200,332900,0.0000,1.0000
2005-01-26,17.9400,18.3000,17.9000,18.3000,18.3000,353100,0.0000,1.0000
2005-01-25,18.0200,18.1100,17.8900,17.9300,17.9300,581800,0.0000,1.0000
2005-01-24,18.0800,18.1500,17.8500,18.0100,18.0100,653100,0.0000,1.0000
2005-01-21,18.1500,18.2200,17.9100,18.0000,18.0000,321100,0.0000,1.0000
2005-01-20,17.9500,18.1500,17.6400,18.1100,18.1100,457100,0.0000,1.0000
2005-01-19,18.1000,18.1500,17.8500,18.0200,18.0200,371200,0.0000,1.0000
2005-01-18,18.2300,18.2300,17.8800,18.1600,18.1600,357700,0.0000,1.0000
2005-01-14,17.6500,18.5000,17.6500,18.1400,18.1400,1102600,0.0000,1.0000
2005-01-13,17.3800,17.8000,17.3000,17.6500,17.6500,637000,0.0000,1.0000
2005-01-12,17.2800,17.4800,17.2500,17.3700,17.3700,333700,0.0000,1.0000
2005-01-11,17.2500,17.4500,17.2500,17.2800,17.2800,967800,0.0000,1.0000
2005-01-10,17.3300,17.5700,17.1600,17.3400,17.3400,756100,0.0000,1.0000
2005-01-07,17.4700,17.5000,17.0100,17.5000,17.5000,995100,0.0000,1.0000
2005-01-06,17.4500,17.6500,17.3500,17.4800,17.4800,640000,0.0000,1.0000
2005-01-05,17.7300,17.8100,17.4300,17.4700,17.4700,806900,0.0000,1.0000
2005-01-04,18.0500,18.1500,17.7000,17.8300,17.8300,747300,0.0000,1.0000
2005-01-03,18.5300,18.5900,18.0600,18.1000,18.1000,664700,0.0000,1.0000
2004-12-31,18.5000,18.7500,18.3100,18.5700,18.5700,523500,0.0000,1.0000
2004-12-30,18.4000,18.6200,18.3000,18.5600,18.5600,409700,0.0000,1.0000
2004-12-29,18.4000,18.6100,18.3000,18.5000,18.5000,343100,0.0000,1.0000
2004-12-28,18.2900,18.5600,18.2900,18.4900,18.4900,507700,0.0000,1.0000
2004-12-27,17.9500,18.4100,17.9000,18.2900,18.2900,725100,0.0000,1.0000
2004-12-23,17.6400,18.0000,17.6400,17.7700,17.7700,548900,0.0000,1.0000
2004-12-22,17.2600,17.9000,17.2100,17.7700,17.7700,955700,0.0000,1.0000
2004-12-21,17.0200,17.1700,16.7500,17.0100,17.0100,519100,0.0000,1.0000
2004-12-20,17.2200,17.2200,16.9200,17.0600,17.0600,513400,0.0000,1.0000
2004-12-17,17.2500,17.2500,16.8300,17.1200,17.1200,1210200,0.0000,1.0000
2004-12-16,17.2000,17.2500,17.1200,17.2300,17.2300,429100,0.0000,1.0000
2004-12-15,17.2000,17.2600,17.2000,17.2500,17.2500,379300,0.0000,1.0000
2004-12-14,17.1500,17.3000,17.1200,17.2100,17.2100,208300,0.0000,1.0000
2004-12-13,17.1300,17.3000,17.0700,17.2500,17.2500,858000,0.0000,1.0000
2004-12-10,17.1200,17.3000,17.0500,17.1400,17.1400,545000,0.0000,1.0000
2004-12-09,17.1100,17.2300,17.0300,17.1100,17.1100,373100,0.0000,1.0000
2004-12-08,17.0900,17.3000,17.0600,17.2100,17.2100,605000,0.0000,1.0000
2004-12-07,17.1500,17.2500,17.0500,17.0900,17.0900,933500,0.0000,1.0000
2004-12-06,17.1500,17.2500,17.0500,17.0800,17.0800,288300,0.0000,1.0000
2004-12-03,17.1000,17.2500,17.0500,17.1900,17.1900,239300,0.0000,1.0000
2004-12-02,17.1000,17.1800,17.0000,17.1800,17.1800,400600,0.0000,1.0000
2004-12-01,16.8200,17.2000,16.8200,17.1000,17.1000,608100,0.0000,1.0000
2004-11-30,17.0700,17.1100,16.8100,16.8100,16.8100,1065600,0.0000,1.0000
2004-11-29,16.8600,17.1900,16.7600,17.0800,17.0800,2161000,0.0000,1.0000
2004-11-26,16.7800,17.0200,16.7100,16.8100,16.8100,233700,0.0000,1.0000
2004-11-24,17.0000,17.1700,16.8700,16.8800,16.8800,819700,0.0000,1.0000
2004-11-23,16.8800,17.1400,16.6800,17.0500,17.0500,1577500,0.0000,1.0000
2004-11-22,16.7500,17.1300,16.3600,17.1000,17.1000,2306500,0.0000,1.0000
2004-11-19,17.2500,17.3400,17.0800,17.2600,17.2600,1745800,0.0000,1.0000
2004-11-18,16.3200,17.2000,16.3200,17.2000,17.2000,7746300,0.0000,1.0000
2004-11-17,16.5500,16.6000,16.0900,16.3200,16.3200,2331800,0.0000,1.0000
2004-11-16,16.8400,17.0000,16.4600,16.6000,16.6000,2699000,0.0000,1.0000
2004-11-15,16.8500,17.0000,16.5200,16.5900,16.5900,2100000,0.0000,1.0000
2004-11-12,17.4500,17.4800,16.8400,17.0900,17.0900,4265300,0.0000,1.0000
2004-11-11,17.0000,17.7000,17.0000,17.5000,17.5000,10541500,0.0000,1.0000
2004-11-10,14.0400,14.1700,13.9300,14.1500,14.1500,429000,0.0000,1.0000
2004-11-09,14.0300,14.1400,13.9500,14.1400,14.1400,601600,0.0000,1.0000
2004-11-08,14.0800,14.1500,13.5100,14.0700,14.0700,1568800,0.0000,1.0000
2004-11-05,14.1300,14.3600,14.0500,14.3200,14.3200,287400,0.0000,1.0000
2004-11-04,13.7800,14.0500,13.7800,14.0500,14.0500,372200,0.0000,1.0000
2004-11-03,13.9000,14.2600,13.8600,13.8900,13.8900,653800,0.0000,1.0000
2004-11-02,13.9800,14.0600,13.8000,13.8600,13.8600,474000,0.0000,1.0000
2004-11-01,13.8500,14.0000,13.7600,13.9000,13.9000,200200,0.0000,1.0000
2004-10-29,13.9000,13.9300,13.8100,13.9000,13.9000,441800,0.0000,1.0000
2004-10-28,13.8700,13.9800,13.8500,13.9800,13.9800,221400,0.0000,1.0000
2004-10-27,13.9100,14.0400,13.8600,13.9700,13.9700,370300,0.0000,1.0000
2004-10-26,14.0000,14.0300,13.9100,13.9500,13.9500,591800,0.0000,1.0000
2004-10-25,13.9000,14.0700,13.8500,13.9600,13.9600,332700,0.0000,1.0000
2004-10-22,14.0100,14.1500,13.9500,14.0000,14.0000,632400,0.0000,1.0000
2004-10-21,14.0000,14.0400,13.9000,14.0100,14.0100,596100,0.0000,1.0000
2004-10-20,14.0000,14.0300,13.8800,13.9300,13.9300,350900,0.0000,1.0000
2004-10-19,14.1000,14.2700,13.9400,14.0100,14.0100,411200,0.0000,1.0000
2004-10-18,13.8100,14.0100,13.7800,13.8400,13.8400,285900,0.0000,1.0000
2004-10-15,14.1600,14.1600,13.8300,13.9100,13.9100,845500,0.0000,1.0000
2004-10-14,14.0500,14.2400,14.0100,14.1500,14.1500,397800,0.0000,1.0000
2004-10-13,14.1000,14.2000,13.9100,14.1000,14.1000,424000,0.0000,1.0000
2004-10-12,14.0200,14.1000,13.9300,14.1000,14.1000,217000,0.0000,1.0000
2004-10-11,14.0100,14.0700,13.9500,14.0000,14.0000,261600,0.0000,1.0000
2004-10-08,14.0500,14.2500,13.9900,14.0000,14.0000,538200,0.0000,1.0000
2004-10-07,14.2400,14.5000,14.1100,14.2300,14.2300,529800,0.0000,1.0000
2004-10-06,13.9200,14.2200,13.9000,14.1800,14.1800,221700,0.0000,1.0000
2004-10-05,14.0000,14.0500,13.7100,14.0200,14.0200,308500,0.0000,1.0000
2004-10-04,13.8900,14.0800,13.8900,14.0000,14.0000,265500,0.0000,1.0000
2004-10-01,13.6000,13.9000,13.5600,13.8700,13.8700,380400,0.0000,1.0000
2004-09-30,13.5100,13.7600,13.4500,13.5500,13.5500,301700,0.0000,1.0000
2004-09-29,13.6000,13.7000,13.5000,13.5100,13.5100,713700,0.0000,1.0000
2004-09-28,13.7000,13.7100,13.5000,13.5900,13.5900,436800,0.0000,1.0000
2004-09-27,13.8900,13.9400,13.7400,13.7700,13.7700,614100,0.0000,1.0000
2004-09-24,13.8500,14.0100,13.7700,13.9300,13.9300,194300,0.0000,1.0000
2004-09-23,13.7900,13.9000,13.6900,13.8400,13.8400,326900,0.0000,1.0000
2004-09-22,13.7600,13.8800,13.7200,13.8200,13.8200,326800,0.0000,1.0000
2004-09-21,13.5000,13.9100,13.5000,13.8600,13.8600,484800,0.0000,1.0000
2004-09-20,13.3800,13.5900,13.3000,13.5800,13.5800,313200,0.0000,1.0000
2004-09-17,13.4800,13.4800,13.2000,13.4500,13.4500,222900,0.0000,1.0000
2004-09-16,12.9800,13.3200,12.9700,13.3200,13.3200,166100,0.0000,1.0000
2004-09-15,13.0800,13.0800,12.9100,13.0100,13.0100,161600,0.0000,1.0000
2004-09-14,13.1400,13.2400,13.0500,13.0800,13.0800,261400,0.0000,1.0000
2004-09-13,13.1600,13.3400,13.0100,13.0400,13.0400,205800,0.0000,1.0000
2004-09-10,13.1000,13.2900,13.0000,13.2600,13.2600,153100,0.0000,1.0000
2004-09-09,13.1200,13.2600,13.0100,13.2000,13.2000,240400,0.0000,1.0000
2004-09-08,12.9500,13.1100,12.9000,13.0700,13.0700,435300,0.0000,1.0000
2004-09-07,13.0500,13.1400,12.9400,13.0800,13.0800,405800,0.0000,1.0000
2004-09-03,12.9800,13.2000,12.8600,13.1400,13.1400,375200,0.0000,1.0000
2004-09-02,12.2400,13.0400,12.2400,13.0400,13.0400,722000,0.0000,1.0000
2004-09-01,12.1300,12.3800,12.0300,12.2400,12.2400,148000,0.0000,1.0000
2004-08-31,11.9500,12.0800,11.9000,12.0800,12.0800,112500,0.0000,1.0000
2004-08-30,11.9500,11.9900,11.8500,11.9100,11.9100,240100,0.0000,1.0000
2004-08-27,11.8300,12.0300,11.8300,12.0300,12.0300,192700,0.0000,1.0000
2004-08-26,11.8000,11.9800,11.7700,11.9000,11.9000,143300,0.0000,1.0000
2004-08-25,11.7000,11.8700,11.5200,11.8000,11.8000,113600,0.0000,1.0000
2004-08-24,11.4700,11.7400,11.4000,11.7000,11.7000,222900,0.0000,1.0000
2004-08-23,11.3000,11.5500,11.3000,11.3900,11.3900,123600,0.0000,1.0000
2004-08-20,11.1200,11.5400,11.1200,11.5400,11.5400,114000,0.0000,1.0000
2004-08-19,11.3000,11.4100,11.1000,11.1600,11.1600,95600,0.0000,1.0000
2004-08-18,11.4000,11.4500,11.1800,11.4000,11.4000,142600,0.0000,1.0000
2004-08-17,11.1000,11.3900,11.1000,11.3100,11.3100,88100,0.0000,1.0000
2004-08-16,10.9000,11.3700,10.9000,11.2900,11.2900,94500,0.0000,1.0000
2004-08-13,11.0600,11.0800,10.7700,10.9000,10.9000,189000,0.0000,1.0000
2004-08-12,11.0200,11.0700,10.9900,11.0000,11.0000,174100,0.0000,1.0000
2004-08-11,11.1000,11.2400,11.0000,11.0500,11.0500,335200,0.0000,1.0000
2004-08-10,11.2500,11.4300,11.1800,11.2000,11.2000,250300,0.0000,1.0000
2004-08-09,11.2600,11.5000,11.1900,11.2500,11.2500,204400,0.0000,1.0000
2004-08-06,11.5500,11.5800,11.1700,11.2500,11.2500,329600,0.0000,1.0000
2004-08-05,11.7300,11.8000,11.5500,11.5900,11.5900,273100,0.0000,1.0000
2004-08-04,11.7200,11.8000,11.5500,11.7300,11.7300,266700,0.0000,1.0000
2004-08-03,11.8100,11.9400,11.7200,11.7700,11.7700,198700,0.0000,1.0000
2004-08-02,11.6100,11.9700,11.5500,11.9100,11.9100,221500,0.0000,1.0000
2004-07-30,11.6500,11.8400,11.5200,11.8100,11.8100,252300,0.0000,1.0000
2004-07-29,11.5500,11.7500,11.5000,11.7200,11.7200,330200,0.0000,1.0000
2004-07-28,11.4400,11.6700,11.3000,11.4500,11.4500,242900,0.0000,1.0000
2004-07-27,11.4200,11.5000,11.2700,11.4000,11.4000,326300,0.0000,1.0000
2004-07-26,11.3300,11.5700,11.2500,11.3200,11.3200,273000,0.0000,1.0000
2004-07-23,11.5400,11.5400,11.3000,11.3300,11.3300,299100,0.0000,1.0000
2004-07-22,11.2700,11.5400,11.2000,11.5300,11.5300,449000,0.0000,1.0000
2004-07-21,11.5100,11.6600,11.3200,11.3500,11.3500,508800,0.0000,1.0000
2004-07-20,11.2600,11.7200,11.2600,11.5500,11.5500,672200,0.0000,1.0000
2004-07-19,11.5100,11.9200,11.2500,11.4000,11.4000,1169100,0.0000,1.0000
2004-07-16,12.8900,12.8900,11.4600,11.4900,11.4900,2154700,0.0000,1.0000
2004-07-15,13.1100,13.1400,12.8000,13.0100,13.0100,216000,0.0000,1.0000
2004-07-14,13.0100,13.1100,12.7000,13.1000,13.1000,193100,0.0000,1.0000
2004-07-13,12.7700,13.1000,12.6600,13.0200,13.0200,227200,0.0000,1.0000
2004-07-12,12.6900,13.0800,12.6100,12.8500,12.8500,433000,0.0000,1.0000
2004-07-09,12.7600,12.9400,12.5800,12.7700,12.7700,666400,0.0000,1.0000
2004-07-08,13.0900,13.2000,12.7000,12.8300,12.8300,572900,0.0000,1.0000
2004-07-07,13.1700,13.4000,13.1500,13.2100,13.2100,412900,0.0000,1.0000
2004-07-06,13.3600,13.5000,13.2500,13.3300,13.3300,276400,0.0000,1.0000
2004-07-02,13.4400,13.5200,13.1900,13.4600,13.4600,221200,0.0000,1.0000
2004-07-01,13.4500,13.5300,13.2300,13.3900,13.3900,315900,0.0000,1.0000
2004-06-30,13.2200,13.4700,13.1800,13.3900,13.3900,208700,0.0000,1.0000
2004-06-29,13.0000,13.2700,13.0000,13.2700,13.2700,274900,0.0000,1.0000
2004-06-28,12.8500,13.3200,12.8500,13.1300,13.1300,230100,0.0000,1.0000
2004-06-25,12.9500,13.0900,12.8000,12.8600,12.8600,294000,0.0000,1.0000
2004-06-24,12.9800,13.0600,12.9300,12.9800,12.9800,183900,0.0000,1.0000
2004-06-23,12.9400,13.0000,12.7300,12.9800,12.9800,389000,0.0000,1.0000
2004-06-22,12.9900,13.0400,12.7100,12.9400,12.9400,534500,0.0000,1.0000
2004-06-21,12.8800,13.2400,12.6800,12.9300,12.9300,317200,0.0000,1.0000
2004-06-18,12.6000,12.8800,12.5000,12.8800,12.8800,350200,0.0000,1.0000
2004-06-17,12.7700,12.8000,12.5000,12.6200,12.6200,245700,0.0000,1.0000
2004-06-16,12.6500,12.7400,12.5700,12.6200,12.6200,376100,0.0000,1.0000
2004-06-15,12.1400,12.5500,12.1400,12.5000,12.5000,782100,0.0000,1.0000
2004-06-14,11.9500,12.1200,11.9500,12.0400,12.0400,244600,0.0000,1.0000
2004-06-10,11.9700,12.2800,11.9700,12.2000,12.2000,271300,0.0000,1.0000
2004-06-09,11.9800,12.2400,11.9600,12.0500,12.0500,688700,0.0000,1.0000
2004-06-08,11.5500,11.9000,11.5000,11.8800,11.8800,371100,0.0000,1.0000
2004-06-07,11.5100,11.6400,11.4000,11.6200,11.6200,184200,0.0000,1.0000
2004-06-04,11.4800,11.5300,11.4000,11.5100,11.5100,126600,0.0000,1.0000
2004-06-03,11.4000,11.4700,11.2600,11.4100,11.4100,136900,0.0000,1.0000
2004-06-02,11.5000,11.5000,11.3600,11.4100,11.4100,269200,0.0000,1.0000
2004-06-01,11.2600,11.4900,11.2300,11.4400,11.4400,733100,0.0000,1.0000
2004-05-28,11.3700,11.5300,11.1900,11.3600,11.3600,106600,0.0000,1.0000
2004-05-27,11.2800,11.4500,11.2500,11.3200,11.3200,179300,0.0000,1.0000
2004-05-26,11.3800,11.4700,11.3200,11.3800,11.3800,87400,0.0000,1.0000
2004-05-25,11.1000,11.4700,11.0700,11.4700,11.4700,123400,0.0000,1.0000
2004-05-24,10.9900,11.1300,10.9800,11.1300,11.1300,102200,0.0000,1.0000
2004-05-21,11.7500,11.8200,10.9900,11.1400,11.1400,152200,0.0000,1.0000
2004-05-20,10.7800,11.3200,10.5000,11.2800,11.2800,418300,0.0300,1.0000
2004-05-19,10.7000,11.0500,10.6000,10.8200,10.7913,269700,0.0000,1.0000
2004-05-18,10.5100,10.7100,10.5100,10.7000,10.6716,53900,0.0000,1.0000
2004-05-17,10.7300,10.8000,10.3600,10.5000,10.4721,91700,0.0000,1.0000
2004-05-14,10.9900,11.0900,10.8000,10.8200,10.7913,137100,0.0000,1.0000
2004-05-13,10.5000,11.0100,10.5000,11.0000,10.9708,614600,0.0000,1.0000
2004-05-12,10.7100,10.7200,10.3100,10.6900,10.6616,277100,0.0000,1.0000
2004-05-11,10.2500,10.5800,10.2200,10.5500,10.5220,228600,0.0000,1.0000
2004-05-10,10.3000,10.4700,10.1800,10.1800,10.1530,152100,0.0000,1.0000
2004-05-07,10.4300,10.6000,10.3600,10.4300,10.4023,102300,0.0000,1.0000
2004-05-06,10.6300,10.6500,10.3600,10.4900,10.4622,155200,0.0000,1.0000
2004-05-05,10.6300,10.8100,10.6000,10.7000,10.6716,60800,0.0000,1.0000
2004-05-04,10.7000,10.9000,10.6600,10.6900,10.6616,100100,0.0000,1.0000
2004-05-03,10.5500,11.0000,10.5500,10.6900,10.6616,109400,0.0000,1.0000
2004-04-30,10.8500,11.0000,10.5300,10.6100,10.5819,97700,0.0000,1.0000
2004-04-29,11.0700,11.3400,10.7100,10.8900,10.8611,66400,0.0000,1.0000
2004-04-28,11.2000,11.3400,11.0000,11.0000,10.9708,83500,0.0000,1.0000
2004-04-27,11.1800,11.4800,11.1000,11.2000,11.1703,198000,0.0000,1.0000
2004-04-26,11.4800,11.4800,11.1000,11.2300,11.2002,95400,0.0000,1.0000
2004-04-23,11.3000,11.6000,11.3000,11.5600,11.5293,223300,0.0000,1.0000
2004-04-22,11.0300,11.4500,11.0300,11.3900,11.3598,151400,0.0000,1.0000
2004-04-21,10.8900,11.1800,10.8800,11.1300,11.1005,143200,0.0000,1.0000
2004-04-20,11.2000,11.2900,10.8000,10.9100,10.8811,328900,0.0000,1.0000
2004-04-19,10.8000,11.1200,10.8000,11.0800,11.0506,288800,0.0000,1.0000
2004-04-16,11.1000,11.2100,10.7500,10.8500,10.8212,160700,0.0000,1.0000
2004-04-15,10.5500,10.6000,10.4500,10.5200,10.4921,166300,0.0000,1.0000
2004-04-14,10.5000,10.7800,10.4700,10.5200,10.4921,87900,0.0000,1.0000
2004-04-13,10.7900,10.8800,10.5200,10.6000,10.5719,107100,0.0000,1.0000
2004-04-12,10.7400,10.8700,10.6800,10.7000,10.6716,188600,0.0000,1.0000
2004-04-08,10.8000,10.9300,10.6500,10.6600,10.6317,152800,0.0000,1.0000
2004-04-07,11.0200,11.0200,10.6500,10.6800,10.6517,235300,0.0000,1.0000
2004-04-06,11.0000,11.2000,10.9700,10.9700,10.9409,117000,0.0000,1.0000
2004-04-05,10.9200,11.0700,10.7500,11.0700,11.0406,191500,0.0000,1.0000
2004-04-02,10.9000,10.9600,10.7100,10.8500,10.8212,243300,0.0000,1.0000
2004-04-01,10.8300,11.1400,10.6500,10.8000,10.7714,368900,0.0000,1.0000
2004-03-31,10.7500,11.1300,10.6600,10.8300,10.8013,714900,0.0000,1.0000
2004-03-30,11.2500,11.3800,11.1500,11.3800,11.3498,137700,0.0000,1.0000
2004-03-29,11.0000,11.2500,11.0000,11.2500,11.2202,154500,0.0000,1.0000
2004-03-26,10.9800,11.1300,10.8400,10.9000,10.8711,141100,0.0000,1.0000
2004-03-25,10.7000,10.9900,10.7000,10.9700,10.9409,188000,0.0000,1.0000
2004-03-24,10.8500,10.9000,10.5500,10.7300,10.7015,99600,0.0000,1.0000
2004-03-23,10.7500,10.9600,10.6100,10.7700,10.7414,140800,0.0000,1.0000
2004-03-22,10.8800,10.8800,10.5500,10.6500,10.6218,246800,0.0000,1.0000
2004-03-19,11.3600,11.3600,10.7200,10.8800,10.8511,79300,0.0000,1.0000
2004-03-18,11.0800,11.1800,10.8100,11.0400,11.0107,79700,0.0000,1.0000
2004-03-17,10.9800,11.2000,10.9800,11.2000,11.1703,139500,0.0000,1.0000
2004-03-16,11.0000,11.0800,10.7800,10.8800,10.8511,503600,0.0000,1.0000
2004-03-15,10.9000,11.1500,10.8100,10.9700,10.9409,151100,0.0000,1.0000
2004-03-12,10.9600,11.1100,10.8600,11.1000,11.0706,150500,0.0000,1.0000
2004-03-11,11.0100,11.1700,10.9200,11.0600,11.0307,390200,0.0000,1.0000
2004-03-10,11.1800,11.2500,10.9700,11.0500,11.0207,247700,0.0000,1.0000
2004-03-09,11.2500,11.3400,11.1900,11.2000,11.1703,120600,0.0000,1.0000
2004-03-08,11.2200,11.4100,11.0300,11.2500,11.2202,120900,0.0000,1.0000
2004-03-05,11.3500,11.4500,11.2900,11.3100,11.2800,401200,0.0000,1.0000
2004-03-04,11.2500,11.4000,11.1000,11.3500,11.3199,75900,0.0000,1.0000
2004-03-03,11.4000,11.4000,11.1200,11.2500,11.2202,102800,0.0000,1.0000
2004-03-02,11.5000,11.5500,11.3300,11.3600,11.3299,227200,0.0000,1.0000
2004-03-01,11.1800,11.5100,11.0800,11.4900,11.4595,155100,0.0000,1.0000
2004-02-27,10.7400,11.5000,10.7400,11.2800,11.2501,106700,0.0000,1.0000
2004-02-26,11.2700,11.3900,11.1500,11.3100,11.2800,156600,0.0000,1.0000
2004-02-25,11.2900,11.4300,11.1700,11.4000,11.3698,118900,0.0000,1.0000
2004-02-24,11.3200,11.3600,11.1000,11.2700,11.2401,297900,0.0000,1.0000
2004-02-23,11.4100,11.5200,11.3000,11.3100,11.2800,264200,0.0000,1.0000
2004-02-20,11.5900,11.6100,11.3200,11.4700,11.4396,146100,0.0000,1.0000
2004-02-19,11.5000,11.5500,11.4000,11.4900,11.4595,233300,0.0000,1.0000
2004-02-18,11.5400,11.6000,11.3800,11.5000,11.4695,398200,0.0000,1.0000
2004-02-17,11.4000,11.4900,11.2900,11.4400,11.4097,171700,0.0000,1.0000
2004-02-13,11.3100,11.4300,11.2200,11.2500,11.2202,252600,0.0000,1.0000
2004-02-12,11.3300,11.3800,11.2500,11.3500,11.3199,462600,0.0000,1.0000
2004-02-11,11.3100,11.3300,11.2500,11.3200,11.2900,450600,0.0300,1.0000
2004-02-10,11.2100,11.3400,11.0800,11.3400,11.2800,340700,0.0000,1.0000
2004-02-09,11.0200,11.2000,10.8500,11.1100,11.0512,403900,0.0000,1.0000
2004-02-06,10.6000,11.0000,10.4500,10.9200,10.8622,671000,0.0000,1.0000
2004-02-05,10.3700,10.5700,10.3400,10.5000,10.4445,223900,0.0000,1.0000
2004-02-04,10.3600,10.5500,10.2600,10.2700,10.2157,281200,0.0000,1.0000
2004-02-03,10.6000,10.6300,10.4500,10.5600,10.5042,385500,0.0000,1.0000
2004-02-02,10.7000,10.8000,10.4000,10.5800,10.5240,249700,0.0000,1.0000
2004-01-30,10.7000,10.7200,10.4000,10.6000,10.5439,185800,0.0000,1.0000
2004-01-29,10.9500,11.0000,10.6300,10.7100,10.6534,532500,0.0000,1.0000
2004-01-28,11.3300,11.4500,10.9300,11.0000,10.9418,320100,0.0000,1.0000
2004-01-27,11.2500,11.4200,11.1300,11.3300,11.2701,360100,0.0000,1.0000
2004-01-26,11.2000,11.3700,11.1500,11.3000,11.2402,356400,0.0000,1.0000
2004-01-23,10.9500,11.5000,10.9500,11.4200,11.3596,487800,0.0000,1.0000
2004-01-22,10.9000,10.9900,10.8600,10.9600,10.9020,292800,0.0000,1.0000
2004-01-21,10.9000,11.0000,10.8100,10.9300,10.8722,517100,0.0000,1.0000
2004-01-20,10.6000,10.8900,10.5600,10.8000,10.7429,433700,0.0000,1.0000
2004-01-16,10.7900,10.8800,10.7200,10.7200,10.6633,481300,0.0000,1.0000
2004-01-15,10.9000,10.9600,10.7600,10.7900,10.7329,472900,0.0000,1.0000
2004-01-14,10.8000,10.9900,10.8000,10.8900,10.8324,826700,0.0000,1.0000
2004-01-13,10.7000,10.9400,10.6400,10.7200,10.6633,1731800,0.0000,1.0000
2004-01-12,10.5500,10.9000,10.3100,10.6400,10.5837,1918600,0.0000,1.0000
2004-01-09,11.3100,11.7400,11.2000,11.2100,11.1507,175400,0.0000,1.0000
2004-01-08,11.1000,11.2000,11.0000,11.2000,11.1408,119000,0.0000,1.0000
2004-01-07,10.8600,11.1800,10.8600,11.1500,11.0910,56500,0.0000,1.0000
2004-01-06,10.9300,11.1700,10.8100,10.9600,10.9020,105100,0.0000,1.0000
2004-01-05,10.8800,11.2000,10.8700,11.0800,11.0214,108700,0.0000,1.0000
2004-01-02,10.8700,11.2500,10.8600,10.8700,10.8125,90900,0.0000,1.0000
2003-12-31,11.2500,11.2500,10.7700,10.7700,10.7130,101100,0.0000,1.0000
2003-12-30,11.2200,11.2900,10.9700,11.2900,11.2303,122900,0.0000,1.0000
2003-12-29,11.0000,11.2200,10.9600,11.2200,11.1607,131300,0.0000,1.0000
2003-12-26,10.7500,10.9400,10.6900,10.9200,10.8622,45600,0.0000,1.0000
2003-12-24,11.0000,11.0400,10.6400,10.7300,10.6733,43700,0.0000,1.0000
2003-12-23,10.9500,11.2200,10.9100,11.0700,11.0115,137000,0.0000,1.0000
2003-12-22,11.2000,11.2000,10.7700,10.8500,10.7926,99400,0.0000,1.0000
2003-12-19,10.6000,10.6800,10.4800,10.6000,10.5439,101400,0.0000,1.0000
2003-12-18,10.6700,10.7700,10.3200,10.6000,10.5439,146600,0.0000,1.0000
2003-12-17,10.5500,10.7500,10.4400,10.7500,10.6931,78800,0.0000,1.0000
2003-12-16,10.5500,10.7800,10.4000,10.5500,10.4942,115300,0.0000,1.0000
2003-12-15,11.0000,11.0700,10.5000,10.5000,10.4445,176000,0.0000,1.0000
2003-12-12,10.5300,11.0000,10.5000,11.0000,10.9418,158600,0.0000,1.0000
2003-12-11,10.3300,10.8800,10.3300,10.6100,10.5539,107400,0.0000,1.0000
2003-12-10,10.6000,10.6000,10.0900,10.3300,10.2754,176900,0.0000,1.0000
2003-12-09,10.5900,10.8900,10.5600,10.6100,10.5539,283200,0.0000,1.0000
2003-12-08,10.0800,10.6000,10.0800,10.5900,10.5340,96100,0.0000,1.0000
2003-12-05,10.3100,10.4300,10.0900,10.1500,10.0963,140700,0.0000,1.0000
2003-12-04,10.0800,10.6300,10.0200,10.2500,10.1958,277200,0.0000,1.0000
2003-12-03,10.0000,10.1700,10.0000,10.0000,9.9471,132400,0.0000,1.0000
2003-12-02,10.2400,10.2500,10.0200,10.0200,9.9670,35200,0.0000,1.0000
2003-12-01,10.0200,10.3100,10.0000,10.1600,10.1063,202700,0.0000,1.0000
2003-11-28,10.1000,10.1900,9.9900,10.0100,9.9571,59200,0.0000,1.0000
2003-11-26,10.0500,10.1700,9.9800,10.0600,10.0068,70600,0.0000,1.0000
2003-11-25,9.9000,10.0200,9.9000,9.9700,9.9173,118300,0.0000,1.0000
2003-11-24,10.0000,10.0800,9.9000,9.9600,9.9073,178900,0.0000,1.0000
2003-11-21,10.2000,10.2000,9.9100,10.0600,10.0068,241700,0.0000,1.0000
2003-11-20,9.6800,9.7900,9.6400,9.7900,9.7382,145300,0.0000,1.0000
2003-11-19,9.4000,9.6900,9.4000,9.6800,9.6288,101800,0.0000,1.0000
2003-11-18,9.5500,9.6700,9.4500,9.4600,9.4100,97200,0.0000,1.0000
2003-11-17,9.3400,9.6300,9.3400,9.4500,9.4000,131900,0.0000,1.0000
2003-11-14,9.9000,10.0500,9.4300,9.4400,9.3901,326400,0.0000,1.0000
2003-11-13,9.9100,10.3500,9.7900,9.8700,9.8178,195600,0.0000,1.0000
2003-11-12,9.6800,10.0000,9.6300,9.9400,9.8874,156800,0.0000,1.0000
2003-11-11,9.8600,9.8700,9.4100,9.6000,9.5492,144400,0.0000,1.0000
2003-11-10,10.0600,10.1900,9.9500,9.9600,9.9073,153100,0.0000,1.0000
2003-11-07,10.1300,10.4400,10.1200,10.1300,10.0764,252600,0.0000,1.0000
2003-11-06,9.9400,10.1500,9.9400,9.9600,9.9073,208800,0.0000,1.0000
2003-11-05,9.8400,10.0000,9.7600,9.9800,9.9272,333600,0.0000,1.0000
2003-11-04,9.7500,9.8600,9.6500,9.8600,9.8079,308900,0.0000,1.0000
2003-11-03,9.6000,9.8000,9.5600,9.7500,9.6984,319200,0.0000,1.0000
2003-10-31,9.5200,9.5800,9.3000,9.4700,9.4199,86500,0.0000,1.0000
2003-10-30,9.5900,9.6000,9.4200,9.4200,9.3702,95200,0.0300,1.0000
2003-10-29,9.1000,9.6200,9.0500,9.6200,9.5387,771100,0.0000,1.0000
2003-10-28,9.2300,9.2300,8.9800,9.1500,9.0727,141100,0.0000,1.0000
2003-10-27,9.0200,9.1800,8.9800,9.1700,9.0925,139400,0.0000,1.0000
2003-10-24,9.0000,9.0200,8.9500,8.9800,8.9042,149900,0.0000,1.0000
2003-10-23,9.0100,9.1000,8.9600,9.0200,8.9438,67000,0.0000,1.0000
2003-10-22,9.3000,9.3000,9.0900,9.1100,9.0331,66700,0.0000,1.0000
2003-10-21,9.2500,9.6300,9.2500,9.2700,9.1917,53300,0.0000,1.0000
2003-10-20,9.4500,9.4900,9.3000,9.3000,9.2214,47900,0.0000,1.0000
2003-10-17,9.7200,9.7400,9.3700,9.4000,9.3206,48200,0.0000,1.0000
2003-10-16,9.7000,9.7000,9.4000,9.4100,9.3305,111000,0.0000,1.0000
2003-10-15,9.8500,9.8500,9.6100,9.7700,9.6875,97200,0.0000,1.0000
2003-10-14,9.2400,9.6800,9.2300,9.6700,9.5883,107000,0.0000,1.0000
2003-10-13,9.0100,9.3000,9.0100,9.1700,9.0925,74200,0.0000,1.0000
2003-10-10,9.1000,9.1000,9.0100,9.0500,8.9736,106100,0.0000,1.0000
2003-10-09,8.9500,9.2000,8.9500,9.0500,8.9736,267500,0.0000,1.0000
2003-10-08,9.0400,9.0600,8.7500,8.8900,8.8149,93600,0.0000,1.0000
2003-10-07,9.0700,9.0700,9.0000,9.0500,8.9736,79400,0.0000,1.0000
2003-10-06,9.0800,9.2200,8.9100,9.1500,9.0727,153600,0.0000,1.0000
2003-10-03,9.1500,9.3300,9.0700,9.0700,8.9934,127200,0.0000,1.0000
2003-10-02,9.1000,9.1600,9.0700,9.1500,9.0727,47100,0.0000,1.0000
2003-10-01,9.0000,9.1100,8.9500,9.1000,9.0231,201500,0.0000,1.0000
2003-09-30,9.2000,9.2000,8.8800,8.9500,8.8744,565600,0.0000,1.0000
2003-09-29,8.8800,9.2400,8.8300,9.2400,9.1620,122900,0.0000,1.0000
2003-09-26,9.2500,9.2600,8.8800,8.9600,8.8843,191400,0.0000,1.0000
2003-09-25,9.4000,9.4500,9.2500,9.2500,9.1719,86200,0.0000,1.0000
2003-09-24,9.7200,9.7400,9.3600,9.3600,9.2809,88500,0.0000,1.0000
2003-09-23,9.7400,9.8000,9.6700,9.7500,9.6676,34600,0.0000,1.0000
2003-09-22,9.8400,9.8400,9.6500,9.7400,9.6577,123200,0.0000,1.0000
2003-09-19,10.0000,10.0000,9.8100,9.8900,9.8065,110200,0.0000,1.0000
2003-09-18,9.9800,9.9900,9.8800,9.9800,9.8957,92900,0.0000,1.0000
2003-09-17,9.8300,9.9800,9.8200,9.9800,9.8957,86800,0.0000,1.0000
2003-09-16,9.9400,9.9600,9.7900,9.9100,9.8263,32800,0.0000,1.0000
2003-09-15,9.9300,10.0200,9.8600,9.8600,9.7767,185700,0.0000,1.0000
2003-09-12,9.7000,9.9800,9.5800,9.8700,9.7866,157300,0.0000,1.0000
2003-09-11,9.5400,9.7300,9.5400,9.6800,9.5982,66100,0.0000,1.0000
2003-09-10,9.6700,9.7200,9.6300,9.6300,9.5487,96700,0.0000,1.0000
2003-09-09,9.6500,9.7500,9.6500,9.6700,9.5883,80500,0.0000,1.0000
2003-09-08,9.7000,10.0000,9.6500,9.6500,9.5685,151600,0.0000,1.0000
2003-09-05,9.5600,9.9000,9.4500,9.7400,9.6577,186400,0.0000,1.0000
2003-09-04,10.4600,10.4600,9.6200,9.6800,9.5982,594800,0.0000,1.0000
2003-09-03,10.4200,10.4900,10.1300,10.4600,10.3716,166600,0.0000,1.0000
2003-09-02,10.2200,10.4900,10.1000,10.4200,10.3320,91100,0.0000,1.0000
2003-08-29,10.0300,10.3200,10.0200,10.2600,10.1733,60000,0.0000,1.0000
2003-08-28,10.0200,10.2100,9.9100,10.2000,10.1138,80700,0.0000,1.0000
2003-08-27,10.1700,10.2000,10.0600,10.0700,9.9849,49100,0.0000,1.0000
2003-08-26,10.2100,10.2600,9.9700,10.1700,10.0841,164600,0.0000,1.0000
2003-08-25,9.7100,10.2300,9.6000,10.2100,10.1238,157300,0.0000,1.0000
2003-08-22,10.2400,10.2500,9.7600,9.8100,9.7271,130500,0.0000,1.0000
2003-08-21,10.0400,10.3100,10.0400,10.3000,10.2130,68600,0.0000,1.0000
2003-08-20,9.8500,10.0900,9.8300,9.9800,9.8957,86700,0.0000,1.0000
2003-08-19,10.2000,10.3000,9.9000,10.2700,10.1833,100400,0.0000,1.0000
2003-08-18,9.9900,10.2400,9.8500,10.1000,10.0147,198800,0.0000,1.0000
2003-08-15,9.6300,9.8500,9.6000,9.8500,9.7668,53000,0.0000,1.0000
2003-08-14,9.3800,9.5900,9.3100,9.5900,9.5090,54000,0.0000,1.0000
2003-08-13,9.4000,9.4600,9.2100,9.4200,9.3404,65500,0.0000,1.0000
2003-08-12,9.1500,9.5900,9.1500,9.5600,9.4793,259500,0.0000,1.0000
2003-08-11,8.8500,9.0800,8.8500,9.0700,8.9934,372700,0.0000,1.0000
2003-08-08,8.9600,9.0000,8.8000,8.8100,8.7356,22800,0.0000,1.0000
2003-08-07,8.9500,9.0700,8.8500,8.9600,8.8843,58200,0.0000,1.0000
2003-08-06,9.0100,9.0300,8.8700,9.0000,8.9240,60300,0.0000,1.0000
2003-08-05,8.8200,9.0600,8.7900,9.0000,8.9240,96100,0.0000,1.0000
2003-08-04,9.0000,9.0600,8.8000,8.8100,8.7356,47300,0.0000,1.0000
2003-08-01,9.4500,9.4500,8.9500,8.9800,8.9042,91000,0.0000,1.0000
2003-07-31,9.2500,9.3300,8.9625,9.2000,9.1223,134200,0.0000,1.0000
2003-07-30,9.1000,9.3500,8.7300,9.3500,9.2710,133900,0.0300,1.0000
2003-07-29,9.1100,9.1700,8.9000,9.1500,9.0437,61700,0.0000,1.0000
2003-07-28,9.0500,9.1800,9.0100,9.1100,9.0042,57000,0.0000,1.0000
2003-07-25,9.0200,9.0700,8.9100,9.0400,8.9350,52100,0.0000,1.0000
2003-07-24,9.1800,9.1800,8.9000,8.9200,8.8164,97300,0.0000,1.0000
2003-07-23,9.1500,9.1500,8.9800,9.1200,9.0140,115800,0.0000,1.0000
2003-07-22,8.7000,9.1300,8.7000,9.0700,8.9646,75300,0.0000,1.0000
2003-07-21,9.4000,9.4000,9.0000,9.0400,8.9350,51900,0.0000,1.0000
2003-07-18,9.2500,9.3400,9.1500,9.2800,9.1722,54700,0.0000,1.0000
2003-07-17,9.5000,9.5000,9.1000,9.3600,9.2513,124800,0.0000,1.0000
2003-07-16,9.2800,9.5000,9.1600,9.5000,9.3896,178300,0.0000,1.0000
2003-07-15,9.0200,9.2900,8.9000,9.2000,9.0931,255700,0.0000,1.0000
2003-07-14,9.1500,9.2000,9.0000,9.0500,8.9449,43600,0.0000,1.0000
2003-07-11,9.0500,9.3300,9.0100,9.0800,8.9745,63900,0.0000,1.0000
2003-07-10,9.0900,9.0900,8.9000,9.0100,8.9053,166700,0.0000,1.0000
2003-07-09,9.0000,9.2900,9.0000,9.2900,9.1821,161100,0.0000,1.0000
2003-07-08,8.7500,9.1000,8.7500,9.0200,8.9152,90300,0.0000,1.0000
2003-07-07,8.8500,8.9900,8.7500,8.7900,8.6879,78500,0.0000,1.0000
2003-07-03,8.7700,8.9500,8.7700,8.8000,8.6978,68800,0.0000,1.0000
2003-07-02,8.5600,9.0000,8.5100,9.0000,8.8954,181800,0.0000,1.0000
2003-07-01,8.8300,8.8400,8.4600,8.5600,8.4606,138100,0.0000,1.0000
2003-06-30,8.5000,8.8900,8.5000,8.8900,8.7867,146000,0.0000,1.0000
2003-06-27,8.4500,8.5900,8.3600,8.5000,8.4012,138700,0.0000,1.0000
2003-06-26,8.0200,8.4800,8.0200,8.4500,8.3518,396200,0.0000,1.0000
2003-06-25,7.7100,7.9500,7.6900,7.8600,7.7687,124800,0.0000,1.0000
2003-06-24,7.8000,8.0000,7.6600,7.6800,7.5908,99400,0.0000,1.0000
2003-06-23,8.2700,8.2900,7.9000,7.9000,7.8082,83200,0.0000,1.0000
2003-06-20,8.3000,8.3500,8.1300,8.1900,8.0949,56100,0.0000,1.0000
2003-06-19,8.2400,8.3900,8.1800,8.1800,8.0850,75500,0.0000,1.0000
2003-06-18,8.4400,8.4400,8.2900,8.3100,8.2135,55300,0.0000,1.0000
2003-06-17,8.3000,8.4500,8.2200,8.3500,8.2530,181900,0.0000,1.0000
2003-06-16,8.0600,8.2600,7.9500,8.2600,8.1640,263600,0.0000,1.0000
2003-06-13,8.0000,8.0000,7.9400,7.9600,7.8675,53500,0.0000,1.0000
2003-06-12,7.9800,8.0700,7.9500,8.0000,7.9071,127400,0.0000,1.0000
2003-06-11,7.8700,8.0200,7.8000,7.9900,7.8972,94100,0.0000,1.0000
2003-06-10,7.9500,7.9700,7.7400,7.8700,7.7786,192900,0.0000,1.0000
2003-06-09,8.0000,8.0000,7.8200,7.9000,7.8082,55900,0.0000,1.0000
2003-06-06,8.1500,8.1700,8.0000,8.0200,7.9268,121600,0.0000,1.0000
2003-06-05,8.0900,8.0900,8.0100,8.0500,7.9565,132100,0.0000,1.0000
2003-06-04,7.9900,8.1200,7.9500,8.1000,8.0059,1563000,0.0000,1.0000
2003-06-03,8.0500,8.0800,8.0000,8.0400,7.9466,126800,0.0000,1.0000
2003-06-02,8.0800,8.0800,7.9800,8.0800,7.9861,134200,0.0000,1.0000
2003-05-30,8.0100,8.1000,7.8500,8.0200,7.9268,77900,0.0000,1.0000
2003-05-29,8.0000,8.0500,7.6000,8.0300,7.9367,699400,0.0000,1.0000
2003-05-28,8.0000,8.0500,7.9100,8.0000,7.9071,88700,0.0000,1.0000
2003-05-27,8.0000,8.1000,7.8000,7.9800,7.8873,77400,0.0000,1.0000
2003-05-23,7.6000,7.9000,7.5800,7.9000,7.8082,68000,0.0000,1.0000
2003-05-22,7.7500,7.8500,7.7000,7.8100,7.7193,38000,0.0000,1.0000
2003-05-21,7.9600,7.9600,7.6800,7.7000,7.6105,122700,0.0000,1.0000
2003-05-20,7.9500,7.9600,7.6000,7.9600,7.8675,162600,0.0000,1.0000
2003-05-19,7.4000,7.9000,7.1500,7.8000,7.7094,89000,0.0000,1.0000
2003-05-16,8.0000,8.0600,7.5500,7.5500,7.4623,145200,0.0000,1.0000
2003-05-15,7.9200,8.0500,7.9200,8.0000,7.9071,84300,0.0000,1.0000
2003-05-14,8.2100,8.2500,7.8900,7.9100,7.8181,70700,0.0000,1.0000
2003-05-13,8.1800,8.2000,7.9200,8.1600,8.0652,78000,0.0000,1.0000
2003-05-12,8.2500,8.4500,8.1200,8.2600,8.1640,123700,0.0000,1.0000
2003-05-09,7.9800,8.2500,7.8300,8.2500,8.1542,71200,0.0000,1.0000
2003-05-08,7.8700,8.0200,7.7800,7.9400,7.8478,62400,0.0000,1.0000
2003-05-07,8.0000,8.0000,7.9000,7.9700,7.8774,67100,0.0000,1.0000
2003-05-06,7.9500,8.0600,7.9400,8.0000,7.9071,136900,0.0000,1.0000
2003-05-05,7.7000,8.0000,7.7000,7.9500,7.8576,122500,0.0000,1.0000
2003-05-02,7.5800,7.7400,7.5500,7.6000,7.5117,113900,0.0000,1.0000
2003-05-01,7.5400,7.7500,7.4700,7.6800,7.5908,103800,0.0000,1.0000
2003-04-30,7.4200,7.7000,7.3700,7.6000,7.5117,51800,0.0000,1.0000
2003-04-29,7.4300,7.5500,7.4000,7.4300,7.3437,90100,0.0300,1.0000
2003-04-28,7.3300,7.4900,7.3300,7.4300,7.3141,118500,0.0000,1.0000
2003-04-25,7.4700,7.5800,7.3000,7.3900,7.2748,51100,0.0000,1.0000
2003-04-24,7.4800,7.6300,7.4000,7.4600,7.3437,310200,0.0000,1.0000
2003-04-23,7.4700,7.6000,7.3900,7.4900,7.3732,48900,0.0000,1.0000
2003-04-22,7.3200,7.5700,7.3000,7.4700,7.3535,100700,0.0000,1.0000
2003-04-21,7.1900,7.3000,7.1600,7.2700,7.1566,49000,0.0000,1.0000
2003-04-17,7.2500,7.2500,7.1100,7.1600,7.0484,64500,0.0000,1.0000
2003-04-16,7.2200,7.3000,7.1400,7.1500,7.0385,56800,0.0000,1.0000
2003-04-15,7.3500,7.3500,7.0800,7.1100,6.9991,185900,0.0000,1.0000
2003-04-14,7.0300,7.3700,7.0200,7.3500,7.2354,147500,0.0000,1.0000
2003-04-11,7.1800,7.1900,7.0000,7.0200,6.9105,56600,0.0000,1.0000
2003-04-10,6.9000,7.1700,6.9000,7.0800,6.9696,92700,0.0000,1.0000
2003-04-09,7.0000,7.1800,6.8400,6.8400,6.7333,190000,0.0000,1.0000
2003-04-08,6.9200,7.1200,6.9000,6.9300,6.8219,173600,0.0000,1.0000
2003-04-07,6.9000,7.0600,6.8900,7.0000,6.8909,181300,0.0000,1.0000
2003-04-04,6.7500,6.9800,6.6500,6.8600,6.7530,643800,0.0000,1.0000
2003-04-03,6.7800,6.8000,6.6300,6.7100,6.6054,124600,0.0000,1.0000
2003-04-02,6.6000,6.7000,6.4800,6.7000,6.5955,461100,0.0000,1.0000
2003-04-01,6.2300,6.6200,6.2200,6.5300,6.4282,139300,0.0000,1.0000
2003-03-31,6.3700,6.5000,6.2500,6.2500,6.1525,124600,0.0000,1.0000
2003-03-28,6.4100,6.5800,6.3150,6.4600,6.3593,68600,0.0000,1.0000
2003-03-27,6.2000,6.6000,6.2000,6.4100,6.3101,117000,0.0000,1.0000
2003-03-26,6.6500,6.9500,6.0700,6.2000,6.1033,599800,0.0000,1.0000
2003-03-25,6.3100,6.4800,6.1800,6.4400,6.3396,65500,0.0000,1.0000
2003-03-24,6.4000,6.4000,6.3000,6.3100,6.2116,57900,0.0000,1.0000
2003-03-21,6.5000,6.5000,6.1700,6.5000,6.3986,264300,0.0000,1.0000
2003-03-20,6.3500,6.5100,6.2500,6.4600,6.3593,59800,0.0000,1.0000
2003-03-19,6.5000,6.5300,6.2500,6.3800,6.2805,112400,0.0000,1.0000
2003-03-18,6.4000,6.5500,6.3500,6.5500,6.4479,114000,0.0000,1.0000
2003-03-17,6.2300,6.5000,6.2300,6.4600,6.3593,133500,0.0000,1.0000
2003-03-14,6.2200,6.4000,6.1900,6.3300,6.2313,74600,0.0000,1.0000
2003-03-13,6.1000,6.2500,6.0000,6.1900,6.0935,216500,0.0000,1.0000
2003-03-12,6.0600,6.1800,6.0300,6.0500,5.9557,265700,0.0000,1.0000
2003-03-11,6.3500,6.3500,6.0100,6.0500,5.9557,313500,0.0000,1.0000
2003-03-10,6.4000,6.4600,6.3500,6.4000,6.3002,80700,0.0000,1.0000
2003-03-07,6.3500,6.4900,6.3300,6.4200,6.3199,415500,0.0000,1.0000
2003-03-06,6.5500,6.5600,6.3900,6.4000,6.3002,195700,0.0000,1.0000
2003-03-05,6.6000,6.6400,6.5000,6.5500,6.4479,180600,0.0000,1.0000
2003-03-04,6.7800,6.7800,6.5000,6.6000,6.4971,248000,0.0000,1.0000
2003-03-03,6.8300,6.8300,6.6600,6.7400,6.6349,214900,0.0000,1.0000
2003-02-28,6.7500,6.8100,6.7300,6.8000,6.6940,181900,0.0000,1.0000
2003-02-27,6.8000,6.9000,6.7500,6.7900,6.6841,622600,0.0000,1.0000
2003-02-26,7.0800,7.0800,6.7900,6.7900,6.6841,332300,0.0000,1.0000
2003-02-25,7.1000,7.1200,7.0500,7.0900,6.9794,166400,0.0000,1.0000
2003-02-24,7.1300,7.1600,7.1000,7.1100,6.9991,141300,0.0000,1.0000
2003-02-21,7.0000,7.1500,6.9700,7.1200,7.0090,234700,0.0000,1.0000
2003-02-20,7.1000,7.1500,7.0200,7.0300,6.9204,439800,0.0000,1.0000
2003-02-19,7.1900,7.1900,7.0400,7.1500,7.0385,126500,0.0000,1.0000
2003-02-18,7.1200,7.2000,6.9300,7.1500,7.0385,144200,0.0000,1.0000
2003-02-14,7.1800,7.2900,7.1000,7.1700,7.0582,102200,0.0000,1.0000
2003-02-13,7.1400,7.1800,7.1000,7.1700,7.0582,141000,0.0300,1.0000
2003-02-12,7.2800,7.2900,7.1700,7.1700,7.0288,173700,0.0000,1.0000
2003-02-11,7.6000,7.6000,7.3000,7.3300,7.1856,644900,0.0000,1.0000
2003-02-10,7.5700,7.6100,7.4300,7.6100,7.4601,394600,0.0000,1.0000
2003-02-07,7.7300,7.7500,7.6200,7.6200,7.4699,169200,0.0000,1.0000
2003-02-06,7.6300,7.7900,7.5800,7.7200,7.5680,148000,0.0000,1.0000
2003-02-05,7.6800,7.8000,7.5700,7.7300,7.5778,106900,0.0000,1.0000
2003-02-04,7.6100,7.7300,7.5800,7.6800,7.5287,185600,0.0000,1.0000
2003-02-03,7.7500,7.8300,7.6700,7.7000,7.5484,142500,0.0000,1.0000
2003-01-31,7.6100,7.7800,7.5100,7.7000,7.5484,213900,0.0000,1.0000
2003-01-30,7.7500,7.7500,7.5800,7.6100,7.4601,149200,0.0000,1.0000
2003-01-29,7.6400,7.7500,7.5000,7.7100,7.5582,161600,0.0000,1.0000
2003-01-28,7.6400,7.7500,7.5000,7.7100,7.5582,161600,0.0000,1.0000
2003-01-27,7.8500,7.8700,7.5300,7.6600,7.5091,238200,0.0000,1.0000
2003-01-24,7.8200,7.8500,7.5600,7.7700,7.6170,299000,0.0000,1.0000
2003-01-23,7.6900,7.9300,7.6200,7.9200,7.7640,184500,0.0000,1.0000
2003-01-22,7.8800,7.8900,7.5500,7.7200,7.5680,196100,0.0000,1.0000
2003-01-21,7.9300,7.9500,7.8600,7.9200,7.7640,219700,0.0000,1.0000
2003-01-17,7.8200,7.9800,7.8200,7.9000,7.7444,133600,0.0000,1.0000
2003-01-16,8.0100,8.0300,7.9000,7.9600,7.8032,133600,0.0000,1.0000
2003-01-15,8.0000,8.0000,7.9000,8.0000,7.8424,729600,0.0000,1.0000
2003-01-14,8.0200,8.0300,7.9200,8.0000,7.8424,298700,0.0000,1.0000
2003-01-13,8.1500,8.1500,7.9600,8.0200,7.8621,310800,0.0000,1.0000
2003-01-10,8.1500,8.1600,8.0400,8.1100,7.9503,330000,0.0000,1.0000
2003-01-09,7.9400,8.2500,7.8000,8.2500,8.0875,244100,0.0000,1.0000
2003-01-08,8.0000,8.0100,7.7600,7.7600,7.6072,63500,0.0000,1.0000
2003-01-07,8.0800,8.0800,7.7500,8.0400,7.8817,227300,0.0000,1.0000
2003-01-06,8.0300,8.1000,8.0000,8.0300,7.8719,195400,0.0000,1.0000
2003-01-03,8.0800,8.1700,7.8900,7.9300,7.7738,304100,0.0000,1.0000
2003-01-02,7.8700,8.2400,7.8700,8.1800,8.0189,124700,0.0000,1.0000
2002-12-31,7.8000,8.0900,7.8000,7.9200,7.7640,148700,0.0000,1.0000
2002-12-30,8.0000,8.0500,7.7500,7.8000,7.6464,238100,0.0000,1.0000
2002-12-27,8.0200,8.1900,7.9500,8.0000,7.8424,73600,0.0000,1.0000
2002-12-26,8.0500,8.1900,8.0000,8.0500,7.8915,112400,0.0000,1.0000
2002-12-24,7.9800,8.1000,7.9600,8.0400,7.8817,151900,0.0000,1.0000
2002-12-23,7.8000,7.9900,7.7700,7.9400,7.7836,203000,0.0000,1.0000
2002-12-20,8.1000,8.1000,7.6500,7.7500,7.5974,298900,0.0000,1.0000
2002-12-19,7.4100,7.7700,7.4100,7.7300,7.5778,529700,0.0000,1.0000
2002-12-18,7.3000,7.5000,7.2300,7.4000,7.2543,434900,0.0000,1.0000
2002-12-17,7.4900,7.5400,7.1800,7.3000,7.1562,201000,0.0000,1.0000
2002-12-16,7.3600,7.4900,7.2800,7.4900,7.3425,238900,0.0000,1.0000
2002-12-13,7.6100,7.6100,7.3500,7.3500,7.2052,163400,0.0000,1.0000
2002-12-12,7.0500,7.6300,7.0500,7.6000,7.4503,557200,0.0000,1.0000
2002-12-11,6.9800,7.0000,6.8600,7.0000,6.8621,117200,0.0000,1.0000
2002-12-10,7.0000,7.0500,6.8200,7.0000,6.8621,318300,0.0000,1.0000
2002-12-09,6.9600,6.9600,6.7300,6.9100,6.7739,404400,0.0000,1.0000
2002-12-06,6.8600,6.9900,6.8200,6.9500,6.8131,924900,0.0000,1.0000
2002-12-05,7.7500,7.8500,6.8200,6.9800,6.8425,2182500,0.0000,1.0000
2002-12-04,8.1500,8.2500,7.9100,8.0100,7.8522,107700,0.0000,1.0000
2002-12-03,8.3100,8.6700,8.2000,8.2000,8.0385,145700,0.0000,1.0000
2002-12-02,8.3500,8.6000,8.1500,8.3500,8.1856,272900,0.0000,1.0000
2002-11-29,8.4500,8.4500,8.1000,8.1000,7.9405,60500,0.0000,1.0000
2002-11-27,7.9400,8.4500,7.8300,8.3000,8.1365,199200,0.0000,1.0000
2002-11-26,7.6500,7.9400,7.6500,7.9000,7.7444,110100,0.0000,1.0000
2002-11-25,7.9000,7.9000,7.5700,7.5700,7.4209,337400,0.0000,1.0000
2002-11-22,7.5500,7.9700,7.4300,7.8200,7.6660,176200,0.0000,1.0000
2002-11-21,7.5000,7.5000,7.2200,7.3100,7.1660,300800,0.0000,1.0000
2002-11-20,7.3600,7.3600,7.2100,7.3200,7.1758,131500,0.0000,1.0000
2002-11-19,7.2400,7.5900,7.2000,7.3600,7.2151,255500,0.0000,1.0000
2002-11-18,7.7900,7.7900,7.0500,7.2700,7.1268,215500,0.0000,1.0000
2002-11-15,7.7800,7.7800,7.2000,7.5900,7.4405,890000,0.0000,1.0000
2002-11-14,7.6000,7.8200,7.5200,7.6800,7.5287,55700,0.0000,1.0000
2002-11-13,7.6000,8.0000,7.3500,7.5500,7.4013,90300,0.0000,1.0000
2002-11-12,7.4900,7.7000,7.3500,7.5000,7.3523,217800,0.0000,1.0000
2002-11-11,7.6100,7.8000,7.4500,7.5000,7.3523,408800,0.0000,1.0000
2002-11-08,7.5000,7.6300,7.3000,7.6300,7.4797,155700,0.0000,1.0000
2002-11-07,7.7500,7.7500,7.4300,7.5700,7.4209,265800,0.0000,1.0000
2002-11-06,7.7500,8.0000,7.6500,7.8000,7.6464,495300,0.0000,1.0000
2002-11-05,7.9500,8.0000,7.4000,7.7500,7.5974,283800,0.0000,1.0000
2002-11-04,8.1500,8.2000,7.8700,7.9100,7.7542,163600,0.0000,1.0000
2002-11-01,8.0800,8.3700,7.8600,8.1200,7.9601,133500,0.0000,1.0000
2002-10-31,8.1800,8.2000,7.9000,8.1800,8.0189,96200,0.0000,1.0000
2002-10-30,7.8000,8.2000,7.7200,8.1800,8.0189,239000,0.0300,1.0000
2002-10-29,7.5000,7.9500,7.4300,7.9300,7.7454,351100,0.0000,1.0000
2002-10-28,7.8000,7.8700,7.4400,7.5000,7.3254,281500,0.0000,1.0000
2002-10-25,7.7000,7.9500,7.3500,7.8700,7.6868,179300,0.0000,1.0000
2002-10-24,7.9000,8.1000,7.6900,7.7400,7.5598,326500,0.0000,1.0000
2002-10-23,7.6700,8.1400,7.6700,8.0000,7.8138,105500,0.0000,1.0000
2002-10-22,7.9000,7.9000,7.6000,7.7100,7.5305,106400,0.0000,1.0000
2002-10-21,7.5300,7.8000,7.2700,7.7700,7.5891,211600,0.0000,1.0000
2002-10-18,7.6000,7.6000,7.2300,7.3300,7.1594,79100,0.0000,1.0000
2002-10-17,7.5500,7.7000,7.2800,7.3400,7.1692,98600,0.0000,1.0000
2002-10-16,7.7300,7.7300,7.1900,7.4500,7.2766,241700,0.0000,1.0000
2002-10-15,7.6000,7.8500,7.5000,7.7600,7.5794,258900,0.0000,1.0000
2002-10-14,7.2700,7.7500,7.2700,7.5000,7.3254,239400,0.0000,1.0000
2002-10-11,7.4000,7.7000,6.9500,7.5000,7.3254,395700,0.0000,1.0000
2002-10-10,7.0000,7.5000,6.8000,7.5000,7.3254,403600,0.0000,1.0000
2002-10-09,7.7400,7.7400,6.3800,6.7500,6.5929,1409700,0.0000,1.0000
2002-10-08,8.2800,8.2800,7.5000,7.7400,7.5598,638300,0.0000,1.0000
2002-10-07,9.2000,9.2000,8.5000,8.5000,8.3022,347600,0.0000,1.0000
2002-10-04,9.6400,9.6400,9.0000,9.2500,9.0347,118500,0.0000,1.0000
2002-10-03,9.4500,9.8600,9.2000,9.6500,9.4254,413700,0.0000,1.0000
2002-10-02,10.0500,10.2500,9.7000,9.7000,9.4742,126300,0.0000,1.0000
2002-10-01,9.9600,10.1600,9.8000,10.0300,9.7965,317900,0.0000,1.0000
2002-09-30,9.7400,10.5500,9.2700,10.0600,9.8258,220000,0.0000,1.0000
2002-09-27,10.1700,10.1700,9.7700,9.7700,9.5426,61300,0.0000,1.0000
2002-09-26,10.2000,10.2700,10.0000,10.2700,10.0310,85600,0.0000,1.0000
2002-09-25,10.2300,10.4500,10.0000,10.1000,9.8649,103100,0.0000,1.0000
2002-09-24,9.9000,10.2800,9.8250,10.2300,9.9919,570400,0.0000,1.0000
2002-09-23,9.6500,10.0000,9.6500,9.8000,9.5719,68800,0.0000,1.0000
2002-09-20,10.2800,10.2800,9.8000,9.9700,9.7379,246100,0.0000,1.0000
2002-09-19,10.3800,10.3800,10.0100,10.0300,9.7965,35300,0.0000,1.0000
2002-09-18,10.6900,10.7200,10.2000,10.3900,10.1482,72100,0.0000,1.0000
2002-09-17,11.1000,11.1500,10.7900,10.7900,10.5388,61400,0.0000,1.0000
2002-09-16,10.9800,11.2600,10.9000,11.0000,10.7440,113900,0.0000,1.0000
2002-09-13,11.1000,11.2500,10.9100,10.9800,10.7244,365600,0.0000,1.0000
2002-09-12,11.0500,11.2400,10.7000,11.0000,10.7440,278000,0.0000,1.0000
2002-09-11,11.1000,11.2400,11.0000,11.0000,10.7440,234500,0.0000,1.0000
2002-09-10,10.9000,11.1500,10.9000,11.1000,10.8416,112000,0.0000,1.0000
2002-09-09,10.9500,11.4100,10.6500,11.1600,10.9002,134200,0.0000,1.0000
2002-09-06,10.5500,10.9500,10.5500,10.8000,10.5486,161700,0.0000,1.0000
2002-09-05,10.0500,10.6500,10.0500,10.4900,10.2458,122600,0.0000,1.0000
2002-09-04,10.4000,10.8100,10.2900,10.7000,10.4509,784200,0.0000,1.0000
2002-09-03,10.9000,10.9000,10.3100,10.3100,10.0700,215200,0.0000,1.0000
2002-08-30,10.8500,11.1100,10.8400,10.8500,10.5975,81900,0.0000,1.0000
2002-08-29,10.2900,11.5000,10.0000,10.8500,10.5975,496200,0.0000,1.0000
2002-08-28,10.7500,10.7500,10.2000,10.2900,10.0505,294900,0.0000,1.0000
2002-08-27,10.9000,11.0000,10.7100,10.7500,10.4998,111200,0.0000,1.0000
2002-08-26,10.8700,11.0000,10.6000,10.7400,10.4900,110200,0.0000,1.0000
2002-08-23,10.9600,11.0000,10.8500,10.8500,10.5975,125600,0.0000,1.0000
2002-08-22,11.1500,11.1500,10.7500,10.9900,10.7342,173300,0.0000,1.0000
2002-08-21,11.1000,11.1500,10.9300,11.1000,10.8416,86800,0.0000,1.0000
2002-08-20,11.6500,11.6500,11.0700,11.0700,10.8123,73200,0.0000,1.0000
2002-08-19,11.1500,11.7500,11.0500,11.6500,11.3788,129700,0.0000,1.0000
2002-08-16,10.6000,11.5200,10.5200,11.2500,10.9881,85500,0.0000,1.0000
2002-08-15,11.1700,11.1700,10.8000,10.8000,10.5486,104100,0.0000,1.0000
2002-08-14,10.5300,11.1800,10.4800,11.1700,10.9100,105700,0.0000,1.0000
2002-08-13,11.0900,11.0900,10.5200,10.5200,10.2751,104900,0.0000,1.0000
2002-08-12,11.0400,11.1900,10.8200,11.0900,10.8319,48800,0.0000,1.0000
2002-08-09,11.3000,11.3500,11.0000,11.1000,10.8416,76100,0.0000,1.0000
2002-08-08,11.2000,11.3400,11.1200,11.3000,11.0370,118300,0.0000,1.0000
2002-08-07,10.4400,11.2500,10.4400,11.2500,10.9881,234200,0.0000,1.0000
2002-08-06,10.0400,10.4000,10.0200,10.4000,10.1579,162200,0.0000,1.0000
2002-08-05,10.1600,10.3800,9.7500,9.7900,9.5621,141500,0.0000,1.0000
2002-08-02,10.8500,10.9500,10.1500,10.1500,9.9137,78800,0.0000,1.0000
2002-08-01,10.9800,11.2000,10.8000,10.8500,10.5975,162800,0.0000,1.0000
2002-07-31,11.0100,11.0500,10.7100,11.0200,10.7635,167400,0.0000,1.0000
2002-07-30,10.5500,11.1100,10.5400,11.0100,10.7537,343400,0.0300,1.0000
2002-07-29,9.7000,10.9000,9.7000,10.6500,10.3738,248600,0.0000,1.0000
2002-07-26,9.8700,10.0000,9.5200,10.0000,9.7407,98000,0.0000,1.0000
2002-07-25,9.9900,10.2300,9.4800,9.7700,9.5167,278500,0.0000,1.0000
2002-07-24,9.7000,10.0900,9.5000,9.9900,9.7310,252600,0.0000,1.0000
2002-07-23,10.2500,10.2500,9.7400,9.7500,9.4972,143400,0.0000,1.0000
2002-07-22,10.4800,10.6500,10.1800,10.2900,10.0232,226000,0.0000,1.0000
2002-07-19,10.9700,11.1500,10.4000,10.5000,10.2277,143500,0.0000,1.0000
2002-07-18,11.3500,11.3500,11.0000,11.0100,10.7245,209200,0.0000,1.0000
2002-07-17,11.5000,11.7300,11.0100,11.5000,11.2018,139400,0.0000,1.0000
2002-07-16,11.5700,11.6700,11.2100,11.4600,11.1628,125200,0.0000,1.0000
2002-07-15,11.8800,11.8800,11.0000,11.6000,11.2992,159700,0.0000,1.0000
2002-07-12,11.9000,12.0000,11.6700,11.9000,11.5914,137500,0.0000,1.0000
2002-07-11,11.7500,12.1500,11.7000,12.1100,11.7960,172500,0.0000,1.0000
2002-07-10,12.9000,12.9000,11.7000,11.7000,11.3966,775600,0.0000,1.0000
2002-07-09,13.3700,13.3700,12.8300,12.8300,12.4973,488200,0.0000,1.0000
2002-07-08,13.5100,13.5500,13.1600,13.3500,13.0038,103200,0.0000,1.0000
2002-07-05,13.0300,13.6000,12.9800,13.5000,13.1499,54400,0.0000,1.0000
2002-07-03,12.9700,13.2500,12.8000,13.0200,12.6824,577800,0.0000,1.0000
2002-07-02,13.7600,13.7600,13.1000,13.1200,12.7798,254200,0.0000,1.0000
2002-07-01,14.3000,14.3500,13.5500,13.6600,13.3058,85300,0.0000,1.0000
2002-06-28,14.0500,14.5000,13.7000,14.3000,13.9292,221400,0.0000,1.0000
2002-06-27,13.7500,14.2500,13.6300,14.2000,13.8318,149500,0.0000,1.0000
2002-06-26,13.8500,14.2900,13.4000,13.8400,13.4811,232500,0.0000,1.0000
2002-06-25,14.3500,14.5500,13.8000,14.0000,13.6370,170700,0.0000,1.0000
2002-06-24,14.2000,14.2100,13.8600,13.8700,13.5103,139200,0.0000,1.0000
2002-06-21,13.9700,14.2500,13.7400,14.2500,13.8805,117300,0.0000,1.0000
2002-06-20,13.7500,14.0300,13.4300,13.9500,13.5883,526100,0.0000,1.0000
2002-06-19,14.0500,14.3200,13.7000,13.9500,13.5883,128400,0.0000,1.0000
2002-06-18,13.6700,14.3000,13.6500,14.1100,13.7441,137600,0.0000,1.0000
2002-06-17,13.3500,13.7500,13.3500,13.7500,13.3935,86600,0.0000,1.0000
2002-06-14,13.0500,13.6000,13.0500,13.2700,12.9259,122200,0.0000,1.0000
2002-06-13,13.5000,13.7900,13.0800,13.2000,12.8577,202100,0.0000,1.0000
2002-06-12,13.6500,13.7000,13.4500,13.6000,13.2473,56500,0.0000,1.0000
2002-06-11,13.9000,13.9300,13.6500,13.6600,13.3058,62800,0.0000,1.0000
2002-06-10,13.9500,14.0600,13.6500,13.9500,13.5883,125100,0.0000,1.0000
2002-06-07,13.5200,14.0600,13.5000,14.0000,13.6370,104000,0.0000,1.0000
2002-06-06,14.2800,14.3000,13.3300,13.5900,13.2376,188500,0.0000,1.0000
2002-06-05,14.0000,14.4000,13.9000,14.3500,13.9779,176600,0.0000,1.0000
2002-06-04,14.2500,14.5300,13.9000,14.3200,13.9487,104300,0.0000,1.0000
2002-06-03,14.5500,14.6700,14.1500,14.3100,13.9389,220600,0.0000,1.0000
2002-05-31,14.4000,14.7000,14.3700,14.6000,14.2214,54100,0.0000,1.0000
2002-05-30,14.5700,14.7000,14.2000,14.5000,14.1240,179100,0.0000,1.0000
2002-05-29,14.9000,14.9000,14.5000,14.5700,14.1922,153200,0.0000,1.0000
2002-05-28,14.8700,14.8700,14.4200,14.8400,14.4552,198700,0.0000,1.0000
2002-05-24,15.1000,15.1200,14.8200,14.8200,14.4357,46600,0.0000,1.0000
2002-05-23,14.8000,15.1000,14.7000,15.1000,14.7085,69200,0.0000,1.0000
2002-05-22,14.9500,15.0500,14.7500,14.9000,14.5136,91400,0.0000,1.0000
2002-05-21,15.1000,15.1500,14.8000,15.0300,14.6403,158400,0.0000,1.0000
2002-05-20,15.0600,15.0600,14.8000,15.0500,14.6597,127900,0.0000,1.0000
2002-05-17,15.1100,15.2500,14.9100,15.0700,14.6792,151700,0.0000,1.0000
2002-05-16,15.4300,15.5700,14.9800,15.0900,14.6987,201700,0.0000,1.0000
2002-05-15,15.6000,15.6000,15.1500,15.4300,15.0299,247800,0.0000,1.0000
2002-05-14,14.9000,15.6500,14.9000,15.6500,15.2442,86100,0.0000,1.0000
2002-05-13,14.8500,15.0000,14.6500,14.9000,14.5136,388000,0.0000,1.0000
2002-05-10,14.9500,15.0400,14.8000,14.9200,14.5331,179600,0.0000,1.0000
2002-05-09,15.3000,15.4000,14.7000,15.0000,14.6110,510100,0.0000,1.0000
2002-05-08,15.1900,15.4500,14.9500,15.2900,14.8935,156300,0.0000,1.0000
2002-05-07,15.1500,15.4500,15.0900,15.0900,14.6987,224200,0.0000,1.0000
2002-05-06,15.8200,15.8200,15.1500,15.2500,14.8546,118700,0.0000,1.0000
2002-05-03,15.8300,15.9500,15.7000,15.7300,15.3221,178700,0.0000,1.0000
2002-05-02,15.8500,15.9500,15.6300,15.9300,15.5169,326100,0.0000,1.0000
2002-05-01,15.6000,15.8400,15.2000,15.7900,15.3806,306400,0.0000,1.0000
2002-04-30,15.2500,15.7500,15.1000,15.7000,15.2929,262300,0.0000,1.0000
2002-04-29,15.4600,15.7500,15.1000,15.3200,14.9227,247300,0.0300,1.0000
2002-04-26,15.5000,15.9500,15.5000,15.7400,15.3019,646800,0.0000,1.0000
2002-04-25,15.4000,15.7400,15.2200,15.7100,15.2727,425600,0.0000,1.0000
2002-04-24,15.0000,15.4000,15.0000,15.4000,14.9714,160200,0.0000,1.0000
2002-04-23,14.9400,15.0400,14.8400,15.0200,14.6019,465500,0.0000,1.0000
2002-04-22,15.2000,15.2000,14.8200,15.0400,14.6214,99500,0.0000,1.0000
2002-04-19,15.1500,15.2500,15.0000,15.2500,14.8255,465100,0.0000,1.0000
2002-04-18,14.9900,15.1500,14.9900,15.0500,14.6311,548000,0.0000,1.0000
2002-04-17,15.4000,15.4000,14.8700,14.9900,14.5728,365000,0.0000,1.0000
2002-04-16,14.7600,15.4400,14.7600,15.3600,14.9325,1033200,0.0000,1.0000
2002-04-15,14.2500,14.7000,14.2500,14.6900,14.2811,935300,0.0000,1.0000
2002-04-12,14.3300,14.3400,14.1500,14.3300,13.9311,420600,0.0000,1.0000
2002-04-11,14.3800,14.3800,14.1600,14.2300,13.8339,699700,0.0000,1.0000
2002-04-10,14.3000,14.3900,14.2900,14.3100,13.9117,304000,0.0000,1.0000
2002-04-09,14.5000,14.5000,14.2000,14.3400,13.9409,635700,0.0000,1.0000
2002-04-08,14.1200,14.4900,14.0600,14.4900,14.0867,363500,0.0000,1.0000
2002-04-05,14.4000,14.4000,14.0600,14.2200,13.8242,409800,0.0000,1.0000
2002-04-04,13.7300,14.3000,13.6300,14.3000,13.9020,2121000,0.0000,1.0000
2002-04-03,13.8300,13.8500,13.3000,13.6300,13.2506,1842300,0.0000,1.0000
2002-04-02,14.5100,14.5600,13.6300,13.7300,13.3478,2383100,0.0000,1.0000
2002-04-01,15.2500,15.2500,14.5000,14.5000,14.0964,2765900,0.0000,1.0000
2002-03-28,15.9400,16.2500,15.3500,15.7200,15.2824,1046400,0.0000,1.0000
2002-03-27,15.9800,15.9800,14.5500,15.9500,15.5060,1243800,0.0000,1.0000
2002-03-26,14.8000,15.1000,14.4000,14.5400,14.1353,616100,0.0000,1.0000
2002-03-25,14.0000,14.5500,14.0000,14.4500,14.0478,321600,0.0000,1.0000
2002-03-22,13.8400,14.0100,13.7500,13.8400,13.4548,201700,0.0000,1.0000
2002-03-21,13.9500,13.9500,13.5500,13.9400,13.5520,157300,0.0000,1.0000
2002-03-20,13.7000,13.7400,13.5500,13.6200,13.2409,136200,0.0000,1.0000
2002-03-19,13.4500,13.8700,13.4500,13.6500,13.2701,139300,0.0000,1.0000
2002-03-18,13.6100,13.6500,13.4600,13.5000,13.1242,239000,0.0000,1.0000
2002-03-15,13.5000,13.7000,13.5000,13.6400,13.2603,242300,0.0000,1.0000
2002-03-14,13.8000,13.8000,13.6700,13.7000,13.3187,216100,0.0000,1.0000
2002-03-13,13.5800,13.8900,13.5800,13.8000,13.4159,275700,0.0000,1.0000
2002-03-12,13.9800,13.9800,13.5000,13.6800,13.2992,301200,0.0000,1.0000
2002-03-11,13.7000,13.9800,13.4700,13.9000,13.5131,167300,0.0000,1.0000
2002-03-08,13.3400,13.6700,13.2400,13.6000,13.2215,240800,0.0000,1.0000
2002-03-07,13.5000,13.8500,13.1500,13.4400,13.0659,384000,0.0000,1.0000
2002-03-06,10.9500,13.6000,10.8000,13.6000,13.2215,403900,0.0000,1.0000
2002-03-05,10.9700,11.0000,10.7200,10.9500,10.6452,114300,0.0000,1.0000
2002-03-04,11.0500,11.0700,10.7400,11.0000,10.6938,106200,0.0000,1.0000
2002-03-01,10.8500,11.0000,10.6000,11.0000,10.6938,128200,0.0000,1.0000
2002-02-28,11.0500,11.0900,10.8600,10.8700,10.5674,107600,0.0000,1.0000
2002-02-27,11.1000,11.1300,10.9300,10.9900,10.6841,175200,0.0000,1.0000
2002-02-26,10.9600,11.1500,10.9600,11.1000,10.7910,152900,0.0000,1.0000
2002-02-25,10.8000,11.1400,10.8000,10.9600,10.6549,98100,0.0000,1.0000
2002-02-22,11.1000,11.1000,10.8500,11.0500,10.7424,116100,0.0000,1.0000
2002-02-21,11.1500,11.1500,11.0000,11.0100,10.7035,90500,0.0000,1.0000
2002-02-20,11.3400,11.3400,11.0500,11.1500,10.8396,138400,0.0000,1.0000
2002-02-19,11.4400,11.6000,11.3000,11.3400,11.0244,61700,0.0000,1.0000
2002-02-15,11.8000,11.8000,11.4600,11.5000,11.1799,101100,0.0000,1.0000
2002-02-14,12.0000,12.1800,11.4800,11.4900,11.1702,103900,0.0000,1.0000
2002-02-13,11.9500,12.1600,11.8600,12.0000,11.6660,125000,0.0000,1.0000
2002-02-12,11.6500,11.7000,11.3000,11.6500,11.3257,194500,0.0000,1.0000
2002-02-11,10.9500,11.4900,10.9000,11.4700,11.1507,78700,0.0000,1.0000
2002-02-08,10.7000,11.0000,10.6500,10.9900,10.6841,71300,0.0000,1.0000
2002-02-07,10.5500,11.0500,10.5500,10.6500,10.3536,159100,0.0300,1.0000
2002-02-06,10.8000,10.8500,10.6200,10.6400,10.3148,91100,0.0000,1.0000
2002-02-05,10.7000,10.8000,10.5000,10.8000,10.4699,222000,0.0000,1.0000
2002-02-04,11.1900,11.1900,10.5500,10.6500,10.3245,301800,0.0000,1.0000
2002-02-01,11.3400,11.3400,10.9900,11.2000,10.8577,364000,0.0000,1.0000
2002-01-31,11.5500,11.6000,11.0000,11.3800,11.0322,277500,0.0000,1.0000
2002-01-30,11.5800,11.7000,11.3700,11.5300,11.1776,56600,0.0000,1.0000
2002-01-29,11.8900,11.8900,11.3200,11.5300,11.1776,194700,0.0000,1.0000
2002-01-28,11.9000,11.9000,11.7400,11.8900,11.5266,108200,0.0000,1.0000
2002-01-25,12.1000,12.1000,11.7500,11.8600,11.4975,171000,0.0000,1.0000
2002-01-24,12.2900,12.2900,12.0300,12.1000,11.7302,98900,0.0000,1.0000
2002-01-23,12.1500,12.1500,11.5500,12.0400,11.6720,275900,0.0000,1.0000
2002-01-22,12.3500,12.4000,10.7500,11.5000,11.1485,891600,0.0000,1.0000
2002-01-18,14.4600,14.4900,14.2200,14.2900,13.8532,38000,0.0000,1.0000
2002-01-17,14.2200,14.5000,14.1400,14.4600,14.0180,42300,0.0000,1.0000
2002-01-16,14.4300,14.5000,14.1000,14.2200,13.7854,70000,0.0000,1.0000
2002-01-15,14.4100,14.6800,14.2200,14.5300,14.0859,65900,0.0000,1.0000
2002-01-14,14.2500,14.7900,14.1700,14.5000,14.0568,71700,0.0000,1.0000
2002-01-11,14.7900,14.8000,14.3000,14.3000,13.8629,89700,0.0000,1.0000
2002-01-10,14.5100,14.8500,14.5100,14.7800,14.3282,155800,0.0000,1.0000
2002-01-09,14.6000,14.6300,14.4800,14.5300,14.0859,114100,0.0000,1.0000
2002-01-08,14.4500,14.6000,14.4500,14.6000,14.1538,51400,0.0000,1.0000
2002-01-07,14.5800,14.5800,14.4000,14.4100,13.9696,95200,0.0000,1.0000
2002-01-04,14.7600,14.7600,14.4000,14.4700,14.0277,102800,0.0000,1.0000
2002-01-03,14.6000,14.6000,13.9000,14.6000,14.1538,87700,0.0000,1.0000
2002-01-02,14.0100,14.1800,13.6000,14.0000,13.5721,106300,0.0000,1.0000
2001-12-31,14.3000,14.3500,14.1000,14.1100,13.6787,75700,0.0000,1.0000
2001-12-28,14.4800,14.4900,14.3100,14.3300,13.8920,59900,0.0000,1.0000
2001-12-27,14.3300,14.5000,14.2900,14.4000,13.9599,59100,0.0000,1.0000
2001-12-26,14.0000,14.4700,13.9400,14.3200,13.8823,55400,0.0000,1.0000
2001-12-24,14.2000,14.2300,14.0200,14.0600,13.6303,9500,0.0000,1.0000
2001-12-21,13.8800,14.2600,13.7900,14.1500,13.7175,172100,0.0000,1.0000
2001-12-20,14.1000,14.1500,13.8000,13.9800,13.5527,64900,0.0000,1.0000
2001-12-19,14.2400,14.2400,13.9000,14.0000,13.5721,40900,0.0000,1.0000
2001-12-18,14.4500,14.5500,13.9500,14.2500,13.8144,107300,0.0000,1.0000
2001-12-17,13.8600,14.5000,13.8100,14.5000,14.0568,138000,0.0000,1.0000
2001-12-14,13.2000,13.8600,13.2000,13.8600,13.4364,112300,0.0000,1.0000
2001-12-13,13.0500,13.4500,12.9200,13.4000,12.9904,86300,0.0000,1.0000
2001-12-12,12.9000,13.2500,12.7100,13.1000,12.6996,56800,0.0000,1.0000
2001-12-11,12.7000,12.7800,12.4300,12.6000,12.2149,43600,0.0000,1.0000
2001-12-10,12.9000,13.0000,12.6100,12.6200,12.2343,27900,0.0000,1.0000
2001-12-07,13.2000,13.2000,12.8000,13.0000,12.6027,76500,0.0000,1.0000
2001-12-06,13.1100,13.1100,12.9500,13.0700,12.6705,64000,0.0000,1.0000
2001-12-05,12.9000,13.1000,12.9000,12.9100,12.5154,69000,0.0000,1.0000
2001-12-04,12.4000,12.9800,12.4000,12.9500,12.5542,26900,0.0000,1.0000
2001-12-03,12.6500,12.6500,12.3800,12.3800,12.0016,31200,0.0000,1.0000
2001-11-30,13.0000,13.0000,12.6600,12.7500,12.3603,46700,0.0000,1.0000
2001-11-29,12.5000,13.0000,12.4500,12.9900,12.5930,78700,0.0000,1.0000
2001-11-28,12.5400,12.5400,12.0800,12.5000,12.1179,27500,0.0000,1.0000
2001-11-27,12.4500,12.4500,12.1000,12.2000,11.8271,55700,0.0000,1.0000
2001-11-26,12.4800,12.7000,12.2800,12.2800,11.9047,95000,0.0000,1.0000
2001-11-23,12.5800,12.5800,12.3100,12.5800,12.1955,14700,0.0000,1.0000
2001-11-21,12.7200,12.7200,12.3000,12.3000,11.9241,79000,0.0000,1.0000
2001-11-20,12.8000,12.9800,12.6000,12.7200,12.3312,98800,0.0000,1.0000
2001-11-19,12.6800,12.7000,12.6000,12.7000,12.3118,151100,0.0000,1.0000
2001-11-16,12.5300,12.6900,12.5200,12.6900,12.3021,34500,0.0000,1.0000
2001-11-15,12.3000,12.7100,12.2300,12.5800,12.1955,50800,0.0000,1.0000
2001-11-14,12.2400,12.3500,11.9000,12.3000,11.9241,54800,0.0000,1.0000
2001-11-13,12.0500,12.3500,12.0500,12.3400,11.9628,22100,0.0000,1.0000
2001-11-12,12.4100,12.4100,11.9000,11.9500,11.5847,63500,0.0000,1.0000
2001-11-09,12.1000,12.6000,12.1000,12.4100,12.0307,60100,0.0000,1.0000
2001-11-08,12.1000,12.2000,11.9500,12.0300,11.6623,84400,0.0000,1.0000
2001-11-07,12.7700,12.7700,12.2900,12.2900,11.9144,42800,0.0000,1.0000
2001-11-06,12.1800,12.5500,12.1500,12.4000,12.0210,82200,0.0000,1.0000
2001-11-05,11.8500,12.2400,11.8500,12.1800,11.8077,71400,0.0000,1.0000
2001-11-02,12.0300,12.0700,11.7200,11.8200,11.4587,85300,0.0000,1.0000
2001-11-01,11.9000,12.1400,11.8300,12.0300,11.6623,50400,0.0000,1.0000
2001-10-31,12.0200,12.2300,11.8800,11.9000,11.5363,80500,0.0000,1.0000
2001-10-30,12.0900,12.0900,11.8200,11.9200,11.5557,63700,0.0300,1.0000
2001-10-29,12.2800,12.3500,11.9000,12.0200,11.6234,73100,0.0000,1.0000
2001-10-26,12.4500,12.5000,12.0500,12.1800,11.7781,100200,0.0000,1.0000
2001-10-25,12.2800,12.5400,12.2500,12.4900,12.0778,53900,0.0000,1.0000
2001-10-24,12.3300,12.3300,12.0500,12.1800,11.7781,58300,0.0000,1.0000
2001-10-23,12.4000,12.6000,12.2000,12.3300,11.9231,24800,0.0000,1.0000
2001-10-22,12.2800,12.5800,12.2000,12.4800,12.0682,54000,0.0000,1.0000
2001-10-19,12.4500,12.5500,12.2000,12.3500,11.9425,27900,0.0000,1.0000
2001-10-18,12.6300,12.7500,12.3900,12.4000,11.9908,48300,0.0000,1.0000
2001-10-17,12.4500,12.6400,12.0000,12.6400,12.2229,174000,0.0000,1.0000
2001-10-16,12.7500,12.7500,12.4100,12.5000,12.0875,72500,0.0000,1.0000
2001-10-15,12.8800,12.8800,12.6000,12.7500,12.3293,145500,0.0000,1.0000
2001-10-12,12.9000,12.9000,12.7900,12.8100,12.3873,128200,0.0000,1.0000
2001-10-11,12.4300,12.9000,12.4000,12.8700,12.4453,169600,0.0000,1.0000
2001-10-10,12.4000,12.5000,12.3500,12.4000,11.9908,155400,0.0000,1.0000
2001-10-09,12.5000,12.5000,12.3500,12.3500,11.9425,114400,0.0000,1.0000
2001-10-08,12.9000,12.9000,11.8100,12.4500,12.0392,119900,0.0000,1.0000
2001-10-05,11.9700,11.9700,11.4200,11.9300,11.5363,52500,0.0000,1.0000
2001-10-04,12.0000,12.0000,11.7500,11.9100,11.5170,302700,0.0000,1.0000
2001-10-03,11.9000,11.9000,11.2500,11.8900,11.4976,346700,0.0000,1.0000
2001-10-02,11.3900,11.3900,11.0200,11.2900,10.9174,118900,0.0000,1.0000
2001-10-01,11.3400,11.3400,10.9300,11.2900,10.9174,64200,0.0000,1.0000
2001-09-28,11.2000,11.3500,11.2000,11.3400,10.9658,131900,0.0000,1.0000
2001-09-27,11.5100,11.6000,10.8000,10.9500,10.5887,254100,0.0000,1.0000
2001-09-26,12.2000,12.2000,11.5000,11.5100,11.1302,54300,0.0000,1.0000
2001-09-25,11.8000,11.8000,11.8000,11.8000,11.4106,87400,0.0000,1.0000
2001-09-24,11.8000,11.8000,11.5400,11.8000,11.4106,80000,0.0000,1.0000
2001-09-21,11.5000,11.5000,10.9000,11.4400,11.0625,81100,0.0000,1.0000
2001-09-20,12.4500,12.4500,11.3500,11.4600,11.0818,71100,0.0000,1.0000
2001-09-19,12.9900,12.9900,12.7500,12.7500,12.3293,332900,0.0000,1.0000
2001-09-18,13.0000,13.0000,12.6000,12.8100,12.3873,90300,0.0000,1.0000
2001-09-17,11.9000,13.2500,11.5000,12.8500,12.4260,327200,0.0000,1.0000
2001-09-10,12.4000,12.4000,11.9000,11.9000,11.5073,83500,0.0000,1.0000
2001-09-07,12.6000,12.6500,12.4400,12.4600,12.0488,55700,0.0000,1.0000
2001-09-06,12.8800,12.9100,12.5400,12.5400,12.1262,29900,0.0000,1.0000
2001-09-05,13.2000,13.2000,12.8000,12.8800,12.4550,28300,0.0000,1.0000
2001-09-04,12.4500,13.1500,12.4500,13.1000,12.6677,84900,0.0000,1.0000
2001-08-31,12.7500,12.7500,12.4000,12.4000,11.9908,122900,0.0000,1.0000
2001-08-30,12.9500,12.9500,12.6000,12.7000,12.2809,49400,0.0000,1.0000
2001-08-29,12.9000,12.9000,12.5000,12.9000,12.4743,70200,0.0000,1.0000
2001-08-28,12.8000,12.8000,12.6400,12.6500,12.2326,74900,0.0000,1.0000
2001-08-27,12.5200,12.9900,12.5100,12.7000,12.2809,62900,0.0000,1.0000
2001-08-24,12.4000,12.6000,12.2600,12.5500,12.1359,53200,0.0000,1.0000
2001-08-23,12.2000,12.5000,12.2000,12.3200,11.9135,129600,0.0000,1.0000
2001-08-22,12.1500,12.3000,11.9500,12.3000,11.8941,99100,0.0000,1.0000
2001-08-21,12.0700,12.2300,12.0000,12.0500,11.6524,61500,0.0000,1.0000
2001-08-20,11.6800,11.6800,11.6800,11.6800,11.2946,59700,0.0000,1.0000
2001-08-17,11.6500,11.7300,11.2000,11.6800,11.2946,82400,0.0000,1.0000
2001-08-16,11.8000,11.9000,10.5000,11.6500,11.2656,250700,0.0000,1.0000
2001-08-15,13.7500,13.7500,12.0000,12.0800,11.6814,311900,0.0000,1.0000
2001-08-14,13.5300,13.8500,13.4500,13.8200,13.3640,46500,0.0000,1.0000
2001-08-13,13.3500,13.6400,13.3500,13.5200,13.0739,25100,0.0000,1.0000
2001-08-10,13.3000,13.4500,13.0300,13.3000,12.8611,41600,0.0000,1.0000
2001-08-09,13.4800,13.4800,13.2200,13.3500,12.9095,42500,0.0000,1.0000
2001-08-08,13.7500,13.8700,13.3000,13.4500,13.0062,56000,0.0000,1.0000
2001-08-07,13.4500,13.7500,13.3100,13.7500,13.2963,112700,0.0000,1.0000
2001-08-06,13.2100,13.5600,13.1400,13.3900,12.9481,48500,0.0000,1.0000
2001-08-03,13.4000,13.4400,13.0800,13.2000,12.7644,58400,0.0000,1.0000
2001-08-02,13.6200,13.6400,13.1000,13.4000,12.9578,33200,0.0000,1.0000
2001-08-01,13.3200,13.7400,13.2400,13.6600,13.2092,57900,0.0000,1.0000
2001-07-31,13.5600,13.7000,13.3000,13.3600,12.9191,62900,0.0000,1.0000
2001-07-30,13.4900,13.6400,13.2200,13.6000,13.1512,34800,0.0300,1.0000
2001-07-27,13.0500,13.5000,12.9500,13.4900,13.0161,62700,0.0000,1.0000
2001-07-26,12.9500,13.2000,12.7900,13.0500,12.5916,53700,0.0000,1.0000
2001-07-25,13.2500,13.2500,12.5500,12.9700,12.5144,68900,0.0000,1.0000
2001-07-24,13.2000,13.2800,13.0300,13.2800,12.8135,75900,0.0000,1.0000
2001-07-23,13.5500,13.5500,12.9500,13.1100,12.6495,178700,0.0000,1.0000
2001-07-20,13.3500,13.6000,13.2000,13.5000,13.0258,47000,0.0000,1.0000
2001-07-19,13.3000,13.3700,13.2400,13.2900,12.8232,30900,0.0000,1.0000
2001-07-18,13.6000,13.6000,13.2100,13.2700,12.8039,29100,0.0000,1.0000
2001-07-17,12.9000,13.6000,12.9000,13.6000,13.1223,95400,0.0000,1.0000
2001-07-16,13.0500,13.2000,12.9000,12.9100,12.4565,73500,0.0000,1.0000
2001-07-13,13.1900,13.2900,12.9000,13.1400,12.6784,33300,0.0000,1.0000
2001-07-12,12.8500,13.2600,12.6500,13.0900,12.6302,71900,0.0000,1.0000
2001-07-11,13.0000,13.0000,12.7100,12.9500,12.4951,109400,0.0000,1.0000
2001-07-10,13.2000,13.2000,12.8000,13.0000,12.5433,124900,0.0000,1.0000
2001-07-09,13.2300,13.5000,13.2000,13.3000,12.8328,72700,0.0000,1.0000
2001-07-06,13.7500,13.9000,13.2300,13.3300,12.8618,50600,0.0000,1.0000
2001-07-05,13.7800,14.0000,13.7000,13.7500,13.2670,88200,0.0000,1.0000
2001-07-03,14.1000,14.1000,13.3000,13.7100,13.2284,138100,0.0000,1.0000
2001-07-02,12.9000,14.2500,12.8500,14.2000,13.7012,292900,0.0000,1.0000
2001-06-29,12.5200,13.0000,12.4400,12.8000,12.3504,106800,0.0000,1.0000
2001-06-28,12.4400,12.7500,12.1100,12.4200,11.9837,105800,0.0000,1.0000
2001-06-27,11.8200,12.3900,11.8000,12.3900,11.9548,104300,0.0000,1.0000
2001-06-26,11.9000,11.9000,11.4800,11.7200,11.3083,193500,0.0000,1.0000
2001-06-25,12.6000,12.6000,11.9000,11.9000,11.4820,139900,0.0000,1.0000
2001-06-22,13.1500,13.1500,12.5000,12.5000,12.0609,60500,0.0000,1.0000
2001-06-21,13.0000,13.2100,12.7800,13.1500,12.6881,136800,0.0000,1.0000
2001-06-20,13.0000,13.1000,12.5500,13.0000,12.5433,139900,0.0000,1.0000
2001-06-19,13.1200,13.3600,12.8000,13.0500,12.5916,96400,0.0000,1.0000
2001-06-18,13.6000,13.6500,12.9500,13.0500,12.5916,115600,0.0000,1.0000
2001-06-15,13.0000,13.5000,12.4600,13.5000,13.0258,260300,0.0000,1.0000
2001-06-14,13.9000,13.9000,13.0600,13.2400,12.7749,235300,0.0000,1.0000
2001-06-13,13.5000,14.1900,13.4900,13.9000,13.4117,488000,0.0000,1.0000
2001-06-12,13.4500,14.0000,13.0000,14.0000,13.5082,385400,0.0000,1.0000
2001-06-11,13.0000,13.6700,13.0000,13.2600,12.7942,531200,0.0000,1.0000
2001-06-08,12.1700,12.9900,12.0500,12.9900,12.5337,196200,0.0000,1.0000
2001-06-07,11.8000,12.4000,11.5500,12.1800,11.7522,437200,0.0000,1.0000
2001-06-06,12.3400,12.3400,11.8000,11.8000,11.3855,156200,0.0000,1.0000
2001-06-05,12.2500,12.3900,12.1400,12.3400,11.9065,159500,0.0000,1.0000
2001-06-04,11.8600,12.2900,11.8000,12.2500,11.8197,171100,0.0000,1.0000
2001-06-01,11.5900,11.8500,11.5100,11.7600,11.3469,42900,0.0000,1.0000
2001-05-31,11.7000,11.7500,11.5700,11.6900,11.2794,61900,0.0000,1.0000
2001-05-30,11.6000,11.7700,11.5200,11.7000,11.2890,40700,0.0000,1.0000
2001-05-29,11.4600,11.8000,11.4500,11.5500,11.1443,185800,0.0000,1.0000
2001-05-25,11.2000,11.5000,11.0500,11.3600,10.9610,122700,0.0000,1.0000
2001-05-24,11.4000,11.4500,11.1000,11.1000,10.7101,80500,0.0000,1.0000
2001-05-23,11.8500,11.8500,11.1000,11.4000,10.9996,74900,0.0000,1.0000
2001-05-22,12.0400,12.0600,11.8500,11.8500,11.4337,87100,0.0000,1.0000
2001-05-21,11.9500,12.1200,11.8300,12.0500,11.6267,61300,0.0000,1.0000
2001-05-18,11.6500,12.0000,11.6500,11.9500,11.5302,46200,0.0000,1.0000
2001-05-17,11.9500,11.9600,11.9000,11.9300,11.5109,57900,0.0000,1.0000
2001-05-16,11.9000,12.1400,11.8700,11.9500,11.5302,90600,0.0000,1.0000
2001-05-15,11.9500,11.9700,11.8500,11.9000,11.4820,66000,0.0000,1.0000
2001-05-14,11.9000,12.0500,11.7600,11.9400,11.5206,33700,0.0000,1.0000
2001-05-11,12.0000,12.0600,11.7600,11.9000,11.4820,71600,0.0000,1.0000
2001-05-10,11.8000,12.0400,11.7200,12.0000,11.5785,64900,0.0000,1.0000
2001-05-09,11.8000,12.0000,11.7500,12.0000,11.5785,35600,0.0000,1.0000
2001-05-08,11.6500,12.1000,11.6500,12.0000,11.5785,90100,0.0000,1.0000
2001-05-07,11.6000,11.8000,11.5200,11.6500,11.2408,119600,0.0000,1.0000
2001-05-04,12.1000,12.1000,11.5600,11.7000,11.2890,70900,0.0000,1.0000
2001-05-03,12.2000,12.3500,12.0000,12.0000,11.5785,60700,0.0000,1.0000
2001-05-02,12.2000,12.2000,11.9900,12.1700,11.7425,95800,0.0000,1.0000
2001-05-01,12.1200,12.2500,12.1000,12.2000,11.7714,48900,0.0000,1.0000
2001-04-30,12.1500,12.2000,11.9000,12.0200,11.5978,70000,0.0000,1.0000
2001-04-27,12.1800,12.2000,11.9700,12.1100,11.6846,43300,0.0300,1.0000
2001-04-26,12.0200,12.3000,11.9600,12.0100,11.5595,141800,0.0000,1.0000
2001-04-25,12.4800,12.4800,11.8700,11.9700,11.5210,67000,0.0000,1.0000
2001-04-24,12.3600,12.4900,12.2800,12.4500,11.9830,94100,0.0000,1.0000
2001-04-23,12.1000,12.3500,12.0000,12.2600,11.8001,104000,0.0000,1.0000
2001-04-20,11.2100,12.1000,11.2100,12.0000,11.5499,474200,0.0000,1.0000
2001-04-19,11.0200,11.2000,11.0200,11.1100,10.6932,38800,0.0000,1.0000
2001-04-18,10.6000,11.4200,10.6000,11.0100,10.5970,93300,0.0000,1.0000
2001-04-17,10.6900,10.7700,10.5500,10.5500,10.1543,49400,0.0000,1.0000
2001-04-16,10.6500,10.8300,10.4500,10.7500,10.3468,23500,0.0000,1.0000
2001-04-12,10.4900,10.5500,10.3000,10.4400,10.0484,29000,0.0000,1.0000
2001-04-11,10.9500,11.0100,10.5000,10.5000,10.1061,31900,0.0000,1.0000
2001-04-10,10.4100,11.0000,10.2100,11.0000,10.5874,63100,0.0000,1.0000
2001-04-09,10.1700,10.5100,10.1500,10.5100,10.1158,15800,0.0000,1.0000
2001-04-06,10.2700,10.2700,10.0000,10.0700,9.6923,31600,0.0000,1.0000
2001-04-05,10.1600,10.2500,9.9500,10.2500,9.8655,88800,0.0000,1.0000
2001-04-04,10.3600,10.3700,9.9200,10.0600,9.6826,88900,0.0000,1.0000
2001-04-03,10.3700,10.4600,10.3000,10.4600,10.0676,43700,0.0000,1.0000
2001-04-02,10.6200,10.6200,10.2600,10.2700,9.8848,49300,0.0000,1.0000
2001-03-30,10.2000,10.6200,10.0500,10.6200,10.2216,78200,0.0000,1.0000
2001-03-29,10.5000,10.5300,10.0000,10.1000,9.7211,96400,0.0000,1.0000
2001-03-28,11.5200,11.5200,10.4500,10.4500,10.0580,65900,0.0000,1.0000
2001-03-27,11.0500,11.5000,11.0500,11.5000,11.0686,43400,0.0000,1.0000
2001-03-26,11.0500,11.1200,10.7500,10.9500,10.5392,95000,0.0000,1.0000
2001-03-23,10.6100,11.1000,10.6100,10.9500,10.5392,41600,0.0000,1.0000
2001-03-22,10.7000,11.1000,10.2600,10.5100,10.1158,86300,0.0000,1.0000
2001-03-21,11.5400,11.5400,10.6200,10.7000,10.2986,78300,0.0000,1.0000
2001-03-20,11.7000,11.7500,11.4600,11.5200,11.0879,31800,0.0000,1.0000
2001-03-19,10.7000,11.6500,10.3000,11.6500,11.2130,78800,0.0000,1.0000
2001-03-16,11.0500,11.1500,10.8000,10.8000,10.3949,60600,0.0000,1.0000
2001-03-15,11.1700,11.1700,10.8400,11.0000,10.5874,103000,0.0000,1.0000
2001-03-14,11.4700,11.4700,11.1500,11.1500,10.7317,48000,0.0000,1.0000
2001-03-13,11.4100,11.5000,11.1300,11.4900,11.0590,34300,0.0000,1.0000
2001-03-12,11.7800,11.8000,11.3100,11.3100,10.8857,58000,0.0000,1.0000
2001-03-09,11.7500,11.7800,11.5800,11.7800,11.3381,28900,0.0000,1.0000
2001-03-08,11.8000,11.8300,11.5000,11.7000,11.2611,95300,0.0000,1.0000
2001-03-07,11.7300,11.9000,11.7000,11.7000,11.2611,84700,0.0000,1.0000
2001-03-06,11.9500,12.1100,11.5000,11.7000,11.2611,110000,0.0000,1.0000
2001-03-05,12.1000,12.2800,11.9500,12.0000,11.5499,102400,0.0000,1.0000
2001-03-02,11.9500,12.2000,11.9000,12.0500,11.5980,47500,0.0000,1.0000
2001-03-01,12.0100,12.0300,11.7000,11.9400,11.4921,46600,0.0000,1.0000
2001-02-28,12.1500,12.1500,11.9000,12.0000,11.5499,74200,0.0000,1.0000
2001-02-27,12.0200,12.3500,11.9700,12.0500,11.5980,279600,0.0000,1.0000
2001-02-26,12.0000,12.1600,12.0000,12.0500,11.5980,60900,0.0000,1.0000
2001-02-23,12.0000,12.1000,11.8500,12.0000,11.5499,43700,0.0000,1.0000
2001-02-22,12.2000,12.3000,11.7000,11.8600,11.4151,38700,0.0000,1.0000
2001-02-21,12.5000,12.5000,12.0700,12.1000,11.6461,67600,0.0000,1.0000
2001-02-20,12.1000,12.5600,12.1000,12.4500,11.9830,76200,0.0000,1.0000
2001-02-16,12.5000,12.5000,11.6800,12.0000,11.5499,58300,0.0000,1.0000
2001-02-15,12.5000,12.5700,12.1300,12.5000,12.0311,112300,0.0000,1.0000
2001-02-14,11.6500,12.7500,11.6500,12.4800,12.0119,108500,0.0000,1.0000
2001-02-13,12.0000,12.2000,11.5000,11.5500,11.1167,171100,0.0000,1.0000
2001-02-12,11.3000,12.2500,11.3000,12.0000,11.5499,135400,0.0000,1.0000
2001-02-09,11.7000,11.8900,11.0000,11.2500,10.8280,40700,0.0000,1.0000
2001-02-08,11.4000,11.9300,11.4000,11.6800,11.2419,128700,0.0000,1.0000
2001-02-07,11.7000,11.7500,11.0700,11.3500,10.9242,99800,0.0000,1.0000
2001-02-06,11.2400,11.9500,11.2000,11.7500,11.3092,94800,0.0000,1.0000
2001-02-05,10.9100,11.2100,10.8800,11.1400,10.7221,63300,0.0000,1.0000
2001-02-02,10.7500,10.9700,10.7500,10.8100,10.4045,38900,0.0000,1.0000
2001-02-01,10.5000,10.7500,10.2500,10.7500,10.3468,66700,0.0000,1.0000
2001-01-31,10.5900,10.5900,10.3200,10.5500,10.1543,28900,0.0000,1.0000
2001-01-30,10.5900,10.6000,10.4000,10.5000,10.1061,31400,0.0300,1.0000
2001-01-29,10.2500,10.5200,10.2200,10.5200,10.0965,71800,0.0000,1.0000
2001-01-26,10.0000,10.1900,9.9380,10.1900,9.7798,25900,0.0000,1.0000
2001-01-25,10.5600,10.5600,10.2500,10.2500,9.8374,14600,0.0000,1.0000
2001-01-24,10.6300,10.7500,10.3800,10.5600,10.1349,36300,0.0000,1.0000
2001-01-23,10.2500,10.8100,10.2500,10.7500,10.3173,92600,0.0000,1.0000
2001-01-22,9.7500,10.3800,9.7500,10.1900,9.7798,102800,0.0000,1.0000
2001-01-19,9.5000,9.8750,9.5000,9.8750,9.4775,65600,0.0000,1.0000
2001-01-18,9.8750,10.0000,9.3130,9.5630,9.1781,46100,0.0000,1.0000
2001-01-17,10.4400,10.4400,9.9380,9.9380,9.5380,72800,0.0000,1.0000
2001-01-16,9.8130,10.4400,9.7500,10.4400,10.0198,110700,0.0000,1.0000
2001-01-12,9.6250,9.9380,9.5630,9.8130,9.4180,39400,0.0000,1.0000
2001-01-11,9.8750,9.8750,9.4380,9.5000,9.1176,60600,0.0000,1.0000
2001-01-10,9.1250,9.9380,9.1250,9.8130,9.4180,49600,0.0000,1.0000
2001-01-09,9.9380,9.9380,9.1250,9.1250,8.7577,50000,0.0000,1.0000
2001-01-08,9.4380,9.9380,9.4380,9.8130,9.4180,27100,0.0000,1.0000
2001-01-05,9.3750,9.8750,9.3130,9.5630,9.1781,118100,0.0000,1.0000
2001-01-04,9.5630,9.5630,9.3130,9.5000,9.1176,94900,0.0000,1.0000
2001-01-03,9.7500,9.7500,9.3130,9.6250,9.2376,54400,0.0000,1.0000
2001-01-02,9.5000,9.6880,9.5000,9.6880,9.2980,37000,0.0000,1.0000
2000-12-29,9.6250,9.8130,9.6250,9.6250,9.2376,82900,0.0000,1.0000
2000-12-28,9.1250,9.7500,9.0630,9.5000,9.1176,143600,0.0000,1.0000
2000-12-27,8.5630,9.3750,8.4380,9.3750,8.9976,103700,0.0000,1.0000
2000-12-26,8.3800,8.6200,8.3800,8.5000,8.1578,44800,0.0000,1.0000
2000-12-22,8.1250,8.4380,8.1250,8.3750,8.0379,59500,0.0000,1.0000
2000-12-21,7.8750,8.0000,7.6880,8.0000,7.6780,51100,0.0000,1.0000
2000-12-20,7.6880,8.1250,7.6880,8.1250,7.7979,217100,0.0000,1.0000
2000-12-19,8.3130,8.3750,7.8130,7.8130,7.4985,98200,0.0000,1.0000
2000-12-18,8.7500,8.7500,8.1880,8.3130,7.9784,93500,0.0000,1.0000
2000-12-15,8.6250,8.7500,8.4380,8.7500,8.3978,42600,0.0000,1.0000
2000-12-14,8.7500,8.9380,8.5000,8.6880,8.3383,122100,0.0000,1.0000
2000-12-13,8.8750,8.8750,8.4380,8.7500,8.3978,89300,0.0000,1.0000
2000-12-12,8.9380,9.0000,8.8130,8.8750,8.5177,55500,0.0000,1.0000
2000-12-11,8.1880,8.9380,8.1250,8.9380,8.5782,195200,0.0000,1.0000
2000-12-08,8.0000,8.0000,7.8750,8.0000,7.6780,50000,0.0000,1.0000
2000-12-07,8.0000,8.0000,7.9380,8.0000,7.6780,26800,0.0000,1.0000
2000-12-06,8.1250,8.1560,8.0630,8.1250,7.7979,33400,0.0000,1.0000
2000-12-05,8.1250,8.2500,7.8750,8.1250,7.7979,148400,0.0000,1.0000
2000-12-04,7.7500,8.1250,7.6250,8.0000,7.6780,107600,0.0000,1.0000
2000-12-01,7.8750,8.2500,7.8750,8.1250,7.7979,23600,0.0000,1.0000
2000-11-30,7.7500,8.1880,7.7500,8.0000,7.6780,83300,0.0000,1.0000
2000-11-29,7.9380,7.9380,7.6880,7.8750,7.5580,111000,0.0000,1.0000
2000-11-28,8.3750,8.3750,7.7500,7.9380,7.6185,187600,0.0000,1.0000
2000-11-27,8.3750,8.5000,8.3130,8.3130,7.9784,56700,0.0000,1.0000
2000-11-24,8.0000,8.1250,8.0000,8.1250,7.7979,32200,0.0000,1.0000
2000-11-22,8.1250,8.1250,7.8750,8.1250,7.7979,40800,0.0000,1.0000
2000-11-21,7.6250,8.0630,7.6250,8.0630,7.7384,112500,0.0000,1.0000
2000-11-20,8.1250,8.5630,7.9380,7.9380,7.6185,130500,0.0000,1.0000
2000-11-17,8.7500,8.7500,8.1880,8.2500,7.9179,44000,0.0000,1.0000
2000-11-16,8.5630,8.6250,8.3750,8.5000,8.1578,58700,0.0000,1.0000
2000-11-15,8.5630,8.5630,8.2500,8.3130,7.9784,88300,0.0000,1.0000
2000-11-14,7.8750,8.8130,7.8750,8.5630,8.2183,110500,0.0000,1.0000
2000-11-13,7.7500,7.9380,7.5000,7.9380,7.6185,67000,0.0000,1.0000
2000-11-10,7.8750,7.9380,7.5630,7.8750,7.5580,37700,0.0000,1.0000
2000-11-09,7.8750,8.0630,7.8130,8.0000,7.6780,52400,0.0000,1.0000
2000-11-08,8.5000,8.5630,7.8750,7.8750,7.5580,61100,0.0000,1.0000
2000-11-07,8.6250,8.6880,8.1250,8.3750,8.0379,133500,0.0000,1.0000
2000-11-06,8.7500,8.9380,8.5630,8.9380,8.5782,76900,0.0000,1.0000
2000-11-03,8.1250,8.3750,8.1250,8.3750,8.0379,38100,0.0000,1.0000
2000-11-02,8.0000,8.1250,7.8130,8.0000,7.6780,108800,0.0000,1.0000
2000-11-01,8.3750,8.3750,7.9380,7.9380,7.6185,135000,0.0000,1.0000
2000-10-31,8.3130,8.5630,8.1880,8.3750,8.0379,105400,0.0000,1.0000
2000-10-30,8.0000,8.6880,8.0000,8.4380,8.0983,104200,0.0300,1.0000
2000-10-27,7.8750,8.1250,7.8750,8.0000,7.6508,145000,0.0000,1.0000
2000-10-26,7.6880,7.9380,7.6880,7.8750,7.5312,239000,0.0000,1.0000
2000-10-25,8.1250,8.1250,7.3750,7.6880,7.3524,236600,0.0000,1.0000
2000-10-24,8.0000,8.0630,7.9380,8.0630,7.7110,113800,0.0000,1.0000
2000-10-23,8.0000,8.0630,7.8130,8.0000,7.6508,151100,0.0000,1.0000
2000-10-20,8.0630,8.1250,7.9380,7.9380,7.5915,69500,0.0000,1.0000
2000-10-19,8.0630,8.2500,8.0000,8.0630,7.7110,89500,0.0000,1.0000
2000-10-18,8.2500,8.2500,8.0630,8.1880,7.8306,31100,0.0000,1.0000
2000-10-17,8.6250,8.6250,8.1250,8.5000,8.1289,64600,0.0000,1.0000
2000-10-16,8.2500,8.5000,8.1250,8.5000,8.1289,50200,0.0000,1.0000
2000-10-13,8.0630,8.1250,7.6250,8.1250,7.7703,124000,0.0000,1.0000
2000-10-12,8.3750,8.5630,8.0000,8.0630,7.7110,75800,0.0000,1.0000
2000-10-11,8.8130,8.8750,8.3750,8.4380,8.0696,71700,0.0000,1.0000
2000-10-10,8.8130,8.9380,8.5630,8.8130,8.4283,156000,0.0000,1.0000
2000-10-09,8.5000,8.9380,8.2500,8.9380,8.5478,47200,0.0000,1.0000
2000-10-06,8.2500,8.5000,8.2500,8.3130,7.9501,62500,0.0000,1.0000
2000-10-05,8.1250,8.3750,8.1250,8.2500,7.8899,25500,0.0000,1.0000
2000-10-04,8.4380,8.5000,8.0630,8.1250,7.7703,61500,0.0000,1.0000
2000-10-03,8.4380,8.7500,8.1880,8.3130,7.9501,79000,0.0000,1.0000
2000-10-02,8.1250,8.7500,8.0630,8.3750,8.0094,135900,0.0000,1.0000
2000-09-29,8.1250,8.1880,7.9380,8.1250,7.7703,140000,0.0000,1.0000
2000-09-28,8.3130,8.3750,7.9380,8.1250,7.7703,95400,0.0000,1.0000
2000-09-27,8.3750,8.5000,8.3130,8.3130,7.9501,65300,0.0000,1.0000
2000-09-26,8.8750,8.9380,8.2500,8.2500,7.8899,107000,0.0000,1.0000
2000-09-25,8.5000,9.0000,8.5000,8.9380,8.5478,52900,0.0000,1.0000
2000-09-22,8.6880,8.6880,8.2500,8.5000,8.1289,56300,0.0000,1.0000
2000-09-21,8.8750,9.1250,8.6880,8.7500,8.3680,43400,0.0000,1.0000
2000-09-20,8.4380,9.0000,8.3130,8.8750,8.4876,109000,0.0000,1.0000
2000-09-19,8.8750,8.8750,8.3130,8.3750,8.0094,115400,0.0000,1.0000
2000-09-18,9.6250,9.6250,8.6250,8.7500,8.3680,133700,0.0000,1.0000
2000-09-15,9.4380,9.9380,9.3750,9.5630,9.1455,265700,0.0000,1.0000
2000-09-14,9.0000,9.2500,9.0000,9.1250,8.7267,215100,0.0000,1.0000
2000-09-13,8.0000,8.8130,8.0000,8.6250,8.2485,210800,0.0000,1.0000
2000-09-12,7.8750,8.2500,7.6250,8.0000,7.6508,208100,0.0000,1.0000
2000-09-11,8.1250,8.1250,7.8750,7.8750,7.5312,27700,0.0000,1.0000
2000-09-08,8.1250,8.1880,7.8130,8.0000,7.6508,117300,0.0000,1.0000
2000-09-07,8.2500,8.2500,7.8750,8.0000,7.6508,115900,0.0000,1.0000
2000-09-06,7.8130,7.8750,7.5630,7.8130,7.4719,195100,0.0000,1.0000
2000-09-05,7.5000,7.8750,7.4380,7.8130,7.4719,640300,0.0000,1.0000
2000-09-01,7.3130,7.3750,7.1250,7.3130,6.9938,150900,0.0000,1.0000
2000-08-31,7.1250,7.3750,7.1250,7.3130,6.9938,248500,0.0000,1.0000
2000-08-30,7.0000,7.2500,7.0000,7.0630,6.7547,515100,0.0000,1.0000
2000-08-29,7.0000,7.1250,7.0000,7.1250,6.8140,87500,0.0000,1.0000
2000-08-28,7.1250,7.1250,7.0000,7.0000,6.6944,77900,0.0000,1.0000
2000-08-25,7.0630,7.1250,6.9380,7.0630,6.7547,125300,0.0000,1.0000
2000-08-24,7.0630,7.2500,7.0630,7.0630,6.7547,131900,0.0000,1.0000
2000-08-23,7.1250,7.2500,7.0630,7.1250,6.8140,340400,0.0000,1.0000
2000-08-22,7.4380,7.4380,6.8750,7.0000,6.6944,305600,0.0000,1.0000
2000-08-21,7.1250,7.3750,7.1250,7.3130,6.9938,337100,0.0000,1.0000
2000-08-18,7.0630,7.1250,6.8750,6.8750,6.5749,134800,0.0000,1.0000
2000-08-17,7.3130,7.3750,7.1250,7.1880,6.8742,404100,0.0000,1.0000
2000-08-16,7.1880,7.3130,7.1880,7.2500,6.9335,25200,0.0000,1.0000
2000-08-15,7.5000,7.5000,7.1880,7.1880,6.8742,50700,0.0000,1.0000
2000-08-14,7.3750,7.3750,7.1250,7.3750,7.0531,114600,0.0000,1.0000
2000-08-11,7.4380,7.4380,7.0630,7.2500,6.9335,89200,0.0000,1.0000
2000-08-10,7.4380,7.4380,7.3130,7.3130,6.9938,64100,0.0000,1.0000
2000-08-09,7.4380,7.5000,7.2500,7.3130,6.9938,388400,0.0000,1.0000
2000-08-08,7.2500,7.5000,7.2500,7.3750,7.0531,293900,0.0000,1.0000
2000-08-07,7.1250,7.4380,7.1250,7.2500,6.9335,93400,0.0000,1.0000
2000-08-04,6.8130,7.2500,6.8130,7.0000,6.6944,276200,0.0000,1.0000
2000-08-03,7.1250,7.1250,6.9380,7.0000,6.6944,211300,0.0000,1.0000
2000-08-02,7.5000,7.6250,7.0000,7.2500,6.9335,159900,0.0000,1.0000
2000-08-01,7.9380,7.9380,7.4380,7.5000,7.1726,36600,0.0000,1.0000
2000-07-31,7.5000,8.0000,7.5000,7.9380,7.5915,97400,0.0000,1.0000
2000-07-28,8.6250,8.6250,7.5000,7.6250,7.2921,140900,0.0300,1.0000
2000-07-27,8.3750,8.7500,8.1250,8.7500,8.3352,33100,0.0000,1.0000
2000-07-26,8.5000,8.5000,8.0630,8.5000,8.0971,43600,0.0000,1.0000
2000-07-25,8.3750,8.5000,8.0000,8.4380,8.0380,41000,0.0000,1.0000
2000-07-24,8.5000,8.5000,8.1250,8.2500,7.8589,72400,0.0000,1.0000
2000-07-21,8.8750,9.0000,8.3750,8.3750,7.9780,18200,0.0000,1.0000
2000-07-20,8.8130,8.9380,8.6250,8.8130,8.3952,13900,0.0000,1.0000
2000-07-19,8.7500,9.2500,8.6880,8.8750,8.4543,80200,0.0000,1.0000
2000-07-18,9.0630,9.1250,8.3750,8.6250,8.2162,51300,0.0000,1.0000
2000-07-17,8.8750,9.1250,8.7500,8.9380,8.5143,43700,0.0000,1.0000
2000-07-14,9.0000,9.1250,8.8130,8.8750,8.4543,63800,0.0000,1.0000
2000-07-13,8.4380,9.1250,8.3750,9.0000,8.5734,42600,0.0000,1.0000
2000-07-12,8.0000,8.5630,8.0000,8.5000,8.0971,88900,0.0000,1.0000
2000-07-11,8.1880,8.2500,8.0000,8.0630,7.6808,54100,0.0000,1.0000
2000-07-10,7.8750,8.1250,7.7500,8.1250,7.7399,124200,0.0000,1.0000
2000-07-07,8.0630,8.1250,7.6880,8.0000,7.6208,26400,0.0000,1.0000
2000-07-06,8.1250,8.2500,8.0000,8.0000,7.6208,78700,0.0000,1.0000
2000-07-05,8.6250,8.6250,8.0000,8.0000,7.6208,139600,0.0000,1.0000
2000-07-03,7.9380,8.3750,7.9380,8.3750,7.9780,73600,0.0000,1.0000
2000-06-30,7.7500,8.0000,7.6880,8.0000,7.6208,71600,0.0000,1.0000
2000-06-29,8.0000,8.0000,7.6880,7.7500,7.3826,31100,0.0000,1.0000
2000-06-28,8.0000,8.0000,7.9380,8.0000,7.6208,52000,0.0000,1.0000
2000-06-27,8.0000,8.0000,7.7500,8.0000,7.6208,28700,0.0000,1.0000
2000-06-26,8.0000,8.0630,7.8130,7.9380,7.5617,148400,0.0000,1.0000
2000-06-23,7.5000,8.0000,7.4380,7.9380,7.5617,166400,0.0000,1.0000
2000-06-22,8.0000,8.0000,7.6250,7.6880,7.3236,117800,0.0000,1.0000
2000-06-21,7.6250,8.0000,7.3750,7.9380,7.5617,182700,0.0000,1.0000
2000-06-20,7.9380,7.9380,7.6250,7.8130,7.4427,58900,0.0000,1.0000
2000-06-19,8.0000,8.0000,7.8130,8.0000,7.6208,20700,0.0000,1.0000
2000-06-16,7.8750,8.3750,7.8750,7.9380,7.5617,90700,0.0000,1.0000
2000-06-15,8.0630,8.1880,7.6250,7.7500,7.3826,68700,0.0000,1.0000
2000-06-14,8.1880,8.3130,8.0630,8.0630,7.6808,35300,0.0000,1.0000
2000-06-13,8.4380,8.4380,7.8750,8.1250,7.7399,150500,0.0000,1.0000
2000-06-12,8.3750,8.6250,7.8750,8.5000,8.0971,203400,0.0000,1.0000
2000-06-09,8.6880,8.6880,8.0000,8.3750,7.9780,74000,0.0000,1.0000
2000-06-08,8.9380,8.9380,8.5000,8.6250,8.2162,35600,0.0000,1.0000
2000-06-07,9.0000,9.0000,8.7500,9.0000,8.5734,62400,0.0000,1.0000
2000-06-06,9.0630,9.4380,8.9380,9.0000,8.5734,117300,0.0000,1.0000
2000-06-05,9.1880,9.2500,8.6880,9.0000,8.5734,54500,0.0000,1.0000
2000-06-02,9.3750,9.5000,9.1250,9.1250,8.6925,38300,0.0000,1.0000
2000-06-01,9.7500,10.0000,9.3130,9.3130,8.8715,114500,0.0000,1.0000
2000-05-31,9.8130,10.0600,9.8130,10.0000,9.5260,49900,0.0000,1.0000
2000-05-30,9.9380,10.0000,9.6880,9.9380,9.4669,65500,0.0000,1.0000
2000-05-26,9.5000,10.0000,9.2500,9.9380,9.4669,91000,0.0000,1.0000
2000-05-25,9.6250,9.7500,9.3130,9.6250,9.1688,54400,0.0000,1.0000
2000-05-24,9.6250,9.6250,9.4380,9.6250,9.1688,79000,0.0000,1.0000
2000-05-23,9.7500,9.9380,9.6250,9.6250,9.1688,52000,0.0000,1.0000
2000-05-22,9.8130,9.8750,9.6880,9.7500,9.2878,38900,0.0000,1.0000
2000-05-19,9.9380,9.9380,9.7500,9.8750,9.4069,27800,0.0000,1.0000
2000-05-18,9.9380,10.0000,9.8130,9.8130,9.3478,58100,0.0000,1.0000
2000-05-17,10.0000,10.0600,9.7500,10.0000,9.5260,20000,0.0000,1.0000
2000-05-16,10.0600,10.1900,9.8750,10.1900,9.7070,60500,0.0000,1.0000
2000-05-15,10.0000,10.2500,9.6880,10.1300,9.6498,57300,0.0000,1.0000
2000-05-12,10.2500,10.3100,10.1300,10.1300,9.6498,47900,0.0000,1.0000
2000-05-11,9.9380,10.3800,9.7500,10.3800,9.8880,77100,0.0000,1.0000
2000-05-10,10.5600,10.5600,10.0600,10.1900,9.7070,41300,0.0000,1.0000
2000-05-09,10.3100,10.8100,9.9380,10.5600,10.0594,135000,0.0000,1.0000
2000-05-08,10.1900,10.4400,10.0600,10.4400,9.9451,73600,0.0000,1.0000
2000-05-05,9.9380,10.3100,9.8750,10.3100,9.8213,147300,0.0000,1.0000
2000-05-04,9.5000,10.0000,9.5000,9.9380,9.4669,97100,0.0000,1.0000
2000-05-03,9.6880,9.6880,9.2500,9.5630,9.1097,76800,0.0000,1.0000
2000-05-02,9.6880,9.7500,9.6250,9.6880,9.2288,64500,0.0000,1.0000
2000-05-01,9.8750,10.0000,9.6880,9.8130,9.3478,190200,0.0000,1.0000
2000-04-28,10.0000,10.1300,9.9380,10.0600,9.5831,84400,0.0000,1.0000
2000-04-27,9.7500,10.0000,9.6250,10.0000,9.5260,114700,0.0300,1.0000
2000-04-26,9.8750,9.9380,9.7500,9.8130,9.3199,170000,0.0000,1.0000
2000-04-25,9.2500,9.8750,9.2500,9.7500,9.2601,285000,0.0000,1.0000
2000-04-24,8.8130,9.2500,8.8130,9.1880,8.7263,409800,0.0000,1.0000
2000-04-20,8.8130,9.2500,8.7500,8.9380,8.4889,224000,0.0000,1.0000
2000-04-19,8.6250,8.8750,8.6250,8.8130,8.3701,25900,0.0000,1.0000
2000-04-18,8.7500,9.2500,8.6880,8.7500,8.3103,359900,0.0000,1.0000
2000-04-17,8.3130,8.7500,8.1250,8.7500,8.3103,96600,0.0000,1.0000
2000-04-14,8.3750,8.7500,8.2500,8.4380,8.0140,71700,0.0000,1.0000
2000-04-13,8.3750,8.6880,8.0630,8.6250,8.1916,90000,0.0000,1.0000
2000-04-12,8.3750,8.5630,8.3750,8.5000,8.0729,52700,0.0000,1.0000
2000-04-11,8.7500,8.7500,8.0630,8.1250,7.7167,64500,0.0000,1.0000
2000-04-10,8.8130,8.8130,8.5630,8.6880,8.2514,26300,0.0000,1.0000
2000-04-07,8.5630,8.5630,8.4380,8.5630,8.1327,35100,0.0000,1.0000
2000-04-06,8.4380,8.6880,8.4380,8.5630,8.1327,56900,0.0000,1.0000
2000-04-05,8.5000,8.5630,8.3130,8.5630,8.1327,53200,0.0000,1.0000
2000-04-04,8.3130,8.6250,8.1250,8.4380,8.0140,118300,0.0000,1.0000
2000-04-03,7.7500,8.3750,7.7500,8.3750,7.9541,144800,0.0000,1.0000
2000-03-31,8.7500,8.8750,7.7500,7.7500,7.3606,161800,0.0000,1.0000
2000-03-30,8.6250,9.0940,8.5630,8.8750,8.4290,108500,0.0000,1.0000
2000-03-29,8.5630,8.8750,8.5000,8.7500,8.3103,51200,0.0000,1.0000
2000-03-28,8.5000,8.6250,8.3750,8.6250,8.1916,171200,0.0000,1.0000
2000-03-27,8.3130,8.6250,8.2500,8.6250,8.1916,182500,0.0000,1.0000
2000-03-24,8.0000,8.3130,8.0000,8.3130,7.8953,248200,0.0000,1.0000
2000-03-23,7.8130,8.1250,7.8130,8.0630,7.6578,86600,0.0000,1.0000
2000-03-22,8.0630,8.1250,8.0000,8.0000,7.5980,68500,0.0000,1.0000
2000-03-21,8.0630,8.0630,8.0000,8.0000,7.5980,83300,0.0000,1.0000
2000-03-20,7.6250,8.3130,7.6250,8.1880,7.7765,150300,0.0000,1.0000
2000-03-17,8.3130,8.4380,8.0000,8.1880,7.7765,127300,0.0000,1.0000
2000-03-16,8.1250,8.3750,8.0000,8.3750,7.9541,141400,0.0000,1.0000
2000-03-15,7.8130,8.2500,7.6880,8.0000,7.5980,130800,0.0000,1.0000
2000-03-14,7.3750,7.8750,7.3130,7.6250,7.2418,128300,0.0000,1.0000
2000-03-13,7.5000,7.6250,7.0630,7.1880,6.8268,102600,0.0000,1.0000
2000-03-10,7.0000,7.2500,7.0000,7.0630,6.7081,106100,0.0000,1.0000
2000-03-09,7.3130,7.3130,6.9380,6.9380,6.5894,71500,0.0000,1.0000
2000-03-08,7.5630,7.5630,7.0630,7.3130,6.9455,72300,0.0000,1.0000
2000-03-07,8.0000,8.0630,7.5000,7.6250,7.2418,82200,0.0000,1.0000
2000-03-06,7.6250,8.0000,7.6250,8.0000,7.5980,103100,0.0000,1.0000
2000-03-03,8.0000,8.0000,7.4380,7.6250,7.2418,127300,0.0000,1.0000
2000-03-02,7.6880,7.8130,7.5000,7.6250,7.2418,111800,0.0000,1.0000
2000-03-01,8.0000,8.1250,7.0000,7.0630,6.7081,192400,0.0000,1.0000
2000-02-29,8.0000,8.0000,7.3130,7.7500,7.3606,105700,0.0000,1.0000
2000-02-28,7.4380,7.8750,7.4380,7.8750,7.4793,118600,0.0000,1.0000
2000-02-25,6.9380,7.4380,6.9380,7.1250,6.7670,87100,0.0000,1.0000
2000-02-24,7.3130,7.3750,6.8750,6.9380,6.5894,38800,0.0000,1.0000
2000-02-23,7.5000,7.5000,6.8130,7.1880,6.8268,146000,0.0000,1.0000
2000-02-22,7.9380,7.9380,7.1880,7.5000,7.1231,193400,0.0000,1.0000
2000-02-18,7.8130,8.3130,7.6250,7.8130,7.4204,97300,0.0000,1.0000
2000-02-17,7.9380,7.9380,7.5630,7.8130,7.4204,119900,0.0000,1.0000
2000-02-16,7.8750,8.1880,7.8130,7.9380,7.5391,155100,0.0000,1.0000
2000-02-15,7.4380,8.0000,7.3750,7.7500,7.3606,135400,0.0000,1.0000
2000-02-14,7.0630,7.5000,6.8750,7.3130,6.9455,133300,0.0000,1.0000
2000-02-11,6.8750,7.3750,6.6250,6.8130,6.4706,236500,0.0000,1.0000
2000-02-10,7.1880,7.3750,6.7500,6.7500,6.4108,314300,0.0000,1.0000
2000-02-09,7.4380,7.5630,6.8750,7.3130,6.9455,171900,0.0300,1.0000
2000-02-08,7.7500,7.7500,7.4380,7.4380,7.0354,104800,0.0000,1.0000
2000-02-07,7.8750,7.9380,7.3750,7.6250,7.2123,138700,0.0000,1.0000
2000-02-04,7.7500,8.0000,7.7500,7.8800,7.4534,494200,0.0000,1.0000
2000-02-03,7.8130,7.9380,7.4380,7.6250,7.2123,212200,0.0000,1.0000
2000-02-02,8.3750,8.4380,8.0630,8.0630,7.6265,103000,0.0000,1.0000
2000-02-01,8.3130,8.4380,8.1250,8.1880,7.7448,74500,0.0000,1.0000
2000-01-31,8.7500,8.8750,8.0000,8.1250,7.6852,162100,0.0000,1.0000
2000-01-28,8.3130,8.7500,8.3130,8.7500,8.2764,41000,0.0000,1.0000
2000-01-27,8.2500,8.4380,8.1880,8.4380,7.9812,77500,0.0000,1.0000
2000-01-26,8.7500,8.7500,8.3130,8.3750,7.9217,120700,0.0000,1.0000
2000-01-25,9.0630,9.0630,8.3130,8.6250,8.1581,96600,0.0000,1.0000
2000-01-24,9.9380,9.9380,8.9380,8.9380,8.4542,159500,0.0000,1.0000
2000-01-21,9.7500,10.0000,9.6250,9.8130,9.2818,72800,0.0000,1.0000
2000-01-20,9.4380,9.8130,9.2500,9.7500,9.2222,107100,0.0000,1.0000
2000-01-19,8.8130,9.5000,8.8130,9.5000,8.9858,134300,0.0000,1.0000
2000-01-18,8.5630,9.5000,8.3750,8.8130,8.3359,327900,0.0000,1.0000
2000-01-14,7.9380,8.4380,7.8750,8.1880,7.7448,2134700,0.0000,1.0000
2000-01-13,8.5000,8.5630,7.8130,7.9380,7.5083,913800,0.0000,1.0000
2000-01-12,8.5000,8.5000,8.3750,8.4380,7.9812,195400,0.0000,1.0000
2000-01-11,8.5000,8.5630,8.3750,8.5000,8.0399,250700,0.0000,1.0000
2000-01-10,8.5000,8.5000,8.4380,8.5000,8.0399,156200,0.0000,1.0000
2000-01-07,8.5000,8.6250,8.4380,8.5000,8.0399,141200,0.0000,1.0000
2000-01-06,8.5000,8.5000,8.3750,8.4380,7.9812,149700,0.0000,1.0000
2000-01-05,8.6880,8.7500,8.4380,8.5000,8.0399,264000,0.0000,1.0000
2000-01-04,9.4380,9.4380,8.5630,8.6880,8.2177,104900,0.0000,1.0000
2000-01-03,9.8800,9.8800,9.0000,9.3100,8.8060,215300,0.0000,1.0000
